Alg:2, Run: 4, file: C:\Users\gabri\Documents\AN 3 SEM 2\AI\Lab\Lab3\\lin105.tsp, population number: 10000, generations: 1000 
102262.60763366843
102134.21583876223
100870.08484570943
98434.91001232441
98434.91001232441
98434.91001232441
95357.3654506653
95357.3654506653
95357.3654506653
95357.3654506653
95357.3654506653
92100.14127611829
92100.14127611829
92100.14127611829
88852.45225725127
88852.45225725127
88852.45225725127
88852.45225725127
88852.45225725127
88852.45225725127
88852.45225725127
88852.45225725127
88852.45225725127
88852.45225725127
88852.45225725127
88852.45225725127
88852.45225725127
88852.45225725127
88852.45225725127
88852.45225725127
88852.45225725127
88852.45225725127
88852.45225725127
88852.45225725127
88852.45225725127
88852.45225725127
88852.45225725127
88852.45225725127
87632.90949012808
87632.90949012808
87632.90949012808
87632.90949012808
87632.90949012808
87632.90949012808
87632.90949012808
87559.23899236093
87452.17573951054
87452.17573951054
85211.43152923117
85211.43152923117
85211.43152923117
79875.42904504696
79875.42904504696
79875.42904504696
79875.42904504696
79875.42904504696
79875.42904504696
79875.42904504696
79875.42904504696
79875.42904504696
79875.42904504696
79875.42904504696
79875.42904504696
79875.42904504696
79875.42904504696
79875.42904504696
79875.42904504696
79875.42904504696
79875.42904504696
79875.42904504696
79875.42904504696
79875.42904504696
79875.42904504696
79875.42904504696
79875.42904504696
79875.42904504696
79875.42904504696
79875.42904504696
79875.42904504696
79875.42904504696
79875.42904504696
79875.42904504696
79875.42904504696
79875.42904504696
79875.42904504696
79875.42904504696
79875.42904504696
79875.42904504696
79875.42904504696
79875.42904504696
79875.42904504696
79875.42904504696
79875.42904504696
79875.42904504696
79875.42904504696
79875.42904504696
79875.42904504696
78645.21403542512
78645.21403542512
78645.21403542512
78645.21403542512
78645.21403542512
78645.21403542512
78645.21403542512
78645.21403542512
78645.21403542512
78345.32935386998
78345.32935386998
78345.32935386998
78345.32935386998
78345.32935386998
78345.32935386998
78345.32935386998
78345.32935386998
78345.32935386998
78345.32935386998
78345.32935386998
71625.96930744269
71625.96930744269
71625.96930744269
71625.96930744269
71625.96930744269
71625.96930744269
71625.96930744269
71625.96930744269
71625.96930744269
71625.96930744269
71625.96930744269
71625.96930744269
71625.96930744269
71625.96930744269
71625.96930744269
71625.96930744269
71625.96930744269
71542.30676935098
71542.30676935098
71542.30676935098
71542.30676935098
71542.30676935098
71542.30676935098
71542.30676935098
71542.30676935098
71542.30676935098
71542.30676935098
71542.30676935098
71542.30676935098
71542.30676935098
71542.30676935098
71542.30676935098
71542.30676935098
71542.30676935098
71542.30676935098
71542.30676935098
71479.7635397694
71479.7635397694
71479.7635397694
71479.7635397694
69795.87653180593
69795.87653180593
69795.87653180593
69795.87653180593
69795.87653180593
69795.87653180593
69795.87653180593
69795.87653180593
69795.87653180593
69795.87653180593
69795.87653180593
69795.87653180593
69795.87653180593
69795.87653180593
69795.87653180593
69795.87653180593
69795.87653180593
69795.87653180593
69795.87653180593
69795.87653180593
69795.87653180593
69795.87653180593
69795.87653180593
69795.87653180593
69795.87653180593
69795.87653180593
69795.87653180593
69795.87653180593
69795.87653180593
69795.87653180593
68965.5491665301
68965.5491665301
68965.5491665301
68965.5491665301
68965.5491665301
68965.5491665301
68965.5491665301
68965.5491665301
68965.5491665301
68965.5491665301
68965.5491665301
68965.5491665301
68965.5491665301
68965.5491665301
68965.5491665301
68965.5491665301
68965.5491665301
68965.5491665301
68965.5491665301
68965.5491665301
68965.5491665301
68965.5491665301
68965.5491665301
68965.5491665301
68965.5491665301
68965.5491665301
68965.5491665301
68965.5491665301
68965.5491665301
68795.99847276002
68795.99847276002
67721.53859203856
67721.53859203856
67721.53859203856
67721.53859203856
67721.53859203856
67721.53859203856
67721.53859203856
67721.53859203856
64984.683708141194
64984.683708141194
64984.683708141194
64984.683708141194
64984.683708141194
64984.683708141194
64984.683708141194
64984.683708141194
64984.683708141194
64984.683708141194
64984.683708141194
64984.683708141194
64984.683708141194
64984.683708141194
64984.683708141194
64984.683708141194
64984.683708141194
64984.683708141194
64984.683708141194
64984.683708141194
64984.683708141194
64984.683708141194
64984.683708141194
64984.683708141194
64984.683708141194
64984.683708141194
64763.50664254068
63735.80050287331
63735.80050287331
63735.80050287331
63735.80050287331
63735.80050287331
63735.80050287331
63735.80050287331
63735.80050287331
63735.80050287331
63735.80050287331
63735.80050287331
63735.80050287331
63735.80050287331
63735.80050287331
63735.80050287331
63735.80050287331
63735.80050287331
63735.80050287331
63735.80050287331
63735.80050287331
63735.80050287331
63735.80050287331
63735.80050287331
63735.80050287331
63735.80050287331
63735.80050287331
63735.80050287331
63735.80050287331
63735.80050287331
63735.80050287331
63735.80050287331
63735.80050287331
63735.80050287331
63735.80050287331
63735.80050287331
63735.80050287331
63735.80050287331
63735.80050287331
63735.80050287331
63735.80050287331
63399.72811536009
63399.72811536009
63399.72811536009
63399.72811536009
63250.746312357725
63005.61245195229
63005.61245195229
63005.61245195229
63005.61245195229
63005.61245195229
63005.61245195229
63005.61245195229
63005.61245195229
63005.61245195229
62267.50123329279
62267.50123329279
62267.50123329279
62267.50123329279
62267.50123329279
61638.40334743688
61638.40334743688
61638.40334743688
61638.40334743688
61638.40334743688
61638.40334743688
61638.40334743688
61638.40334743688
61638.40334743688
61638.40334743688
61638.40334743688
61638.40334743688
61638.40334743688
61638.40334743688
61638.40334743688
61638.40334743688
61638.40334743688
61638.40334743688
61638.40334743688
61638.40334743688
61638.40334743688
61638.40334743688
61638.40334743688
61638.40334743688
61638.40334743688
61638.40334743688
61638.40334743688
61638.40334743688
61638.40334743688
61638.40334743688
61638.40334743688
61638.40334743688
61638.40334743688
61638.40334743688
61638.40334743688
61638.40334743688
61001.54891782362
61001.54891782362
61001.54891782362
61001.54891782362
61001.54891782362
61001.54891782362
61001.54891782362
61001.54891782362
61001.54891782362
61001.54891782362
61001.54891782362
61001.54891782362
61001.54891782362
61001.54891782362
61001.54891782362
61001.54891782362
61001.54891782362
61001.54891782362
60390.79777929511
60390.79777929511
60390.79777929511
60390.79777929511
60390.79777929511
60390.79777929511
60390.79777929511
60390.79777929511
60390.79777929511
60390.79777929511
60390.79777929511
59491.6157840308
59491.6157840308
59491.6157840308
59491.6157840308
59491.6157840308
59491.6157840308
59491.6157840308
59491.6157840308
59491.6157840308
59491.6157840308
59491.6157840308
59491.6157840308
59491.6157840308
59491.6157840308
58726.122634450825
58726.122634450825
58726.122634450825
58726.122634450825
58726.122634450825
58726.122634450825
58726.122634450825
58726.122634450825
56538.95848348466
56538.95848348466
56538.95848348466
56538.95848348466
56538.95848348466
56538.95848348466
56538.95848348466
56538.95848348466
56538.95848348466
56538.95848348466
56538.95848348466
56538.95848348466
56538.95848348466
56538.95848348466
56538.95848348466
56538.95848348466
56538.95848348466
56538.95848348466
56538.95848348466
56538.95848348466
56538.95848348466
56538.95848348466
56538.95848348466
56538.95848348466
56538.95848348466
56538.95848348466
56538.95848348466
56538.95848348466
56538.95848348466
56538.95848348466
56538.95848348466
56538.95848348466
56538.95848348466
56538.95848348466
56538.95848348466
56538.95848348466
56538.95848348466
56538.95848348466
56538.95848348466
56538.95848348466
56538.95848348466
56538.95848348466
56538.95848348466
56538.95848348466
56538.95848348466
56538.95848348466
56538.95848348466
56538.95848348466
56538.95848348466
56538.95848348466
56538.95848348466
56538.95848348466
56538.95848348466
56538.95848348466
56538.95848348466
56538.95848348466
56538.95848348466
56538.95848348466
56538.95848348466
56538.95848348466
56538.95848348466
56538.95848348466
56538.95848348466
56538.95848348466
56538.95848348466
56538.95848348466
56538.95848348466
56538.95848348466
56538.95848348466
56538.95848348466
56538.95848348466
56538.95848348466
56538.95848348466
56538.95848348466
56538.95848348466
56538.95848348466
56538.95848348466
56538.95848348466
56538.95848348466
56538.95848348466
56538.95848348466
56538.95848348466
56538.95848348466
56538.95848348466
56538.95848348466
56538.95848348466
56538.95848348466
56538.95848348466
56538.95848348466
56538.95848348466
56538.95848348466
56538.95848348466
56538.95848348466
56538.95848348466
56538.95848348466
56538.95848348466
55019.47954036629
55019.47954036629
55019.47954036629
55019.47954036629
55019.47954036629
55019.47954036629
53546.206563377986
53546.206563377986
53546.206563377986
53546.206563377986
53546.206563377986
53546.206563377986
53546.206563377986
53546.206563377986
53546.206563377986
53546.206563377986
53546.206563377986
53546.206563377986
53546.206563377986
53546.206563377986
53546.206563377986
53483.20704687318
53483.20704687318
53483.20704687318
53483.20704687318
53483.20704687318
53483.20704687318
53483.20704687318
53483.20704687318
53483.20704687318
53483.20704687318
53483.20704687318
53483.20704687318
53483.20704687318
53483.20704687318
53483.20704687318
53483.20704687318
53483.20704687318
53483.20704687318
53483.20704687318
53483.20704687318
53483.20704687318
53483.20704687318
53483.20704687318
53483.20704687318
53483.20704687318
53483.20704687318
53483.20704687318
53483.20704687318
53483.20704687318
53483.20704687318
53483.20704687318
53483.20704687318
53483.20704687318
53483.20704687318
53483.20704687318
53483.20704687318
53483.20704687318
53483.20704687318
53483.20704687318
53483.20704687318
53483.20704687318
53483.20704687318
53483.20704687318
53483.20704687318
53483.20704687318
53483.20704687318
53483.20704687318
53483.20704687318
53483.20704687318
53483.20704687318
53483.20704687318
53483.20704687318
53483.20704687318
53483.20704687318
53483.20704687318
53483.20704687318
53483.20704687318
53483.20704687318
53483.20704687318
53483.20704687318
53483.20704687318
53483.20704687318
53483.20704687318
53483.20704687318
53483.20704687318
53483.20704687318
53483.20704687318
53483.20704687318
53483.20704687318
53483.20704687318
53483.20704687318
53483.20704687318
53483.20704687318
53483.20704687318
53483.20704687318
53483.20704687318
53483.20704687318
53483.20704687318
53483.20704687318
53483.20704687318
53483.20704687318
53483.20704687318
53483.20704687318
53483.20704687318
53483.20704687318
53483.20704687318
52687.89590819328
52687.89590819328
52687.89590819328
52687.89590819328
52687.89590819328
52157.87702586247
52157.87702586247
52157.87702586247
52157.87702586247
52157.87702586247
52157.87702586247
52157.87702586247
50923.0282115
50923.0282115
50923.0282115
50923.0282115
50923.0282115
50923.0282115
50923.0282115
50923.0282115
50923.0282115
50923.0282115
50923.0282115
50923.0282115
50923.0282115
50923.0282115
50923.0282115
50923.0282115
50923.0282115
50923.0282115
50923.0282115
50923.0282115
50923.0282115
50923.0282115
50923.0282115
50923.0282115
50923.0282115
50923.0282115
50923.0282115
50923.0282115
50923.0282115
50923.0282115
50923.0282115
50923.0282115
50923.0282115
50923.0282115
50923.0282115
50923.0282115
50923.0282115
50923.0282115
50923.0282115
50923.0282115
50923.0282115
50923.0282115
50923.0282115
50923.0282115
50923.0282115
50923.0282115
50923.0282115
50923.0282115
50923.0282115
50923.0282115
50923.0282115
50923.0282115
50923.0282115
50923.0282115
50923.0282115
50923.0282115
50923.0282115
50923.0282115
50923.0282115
50923.0282115
50923.0282115
50923.0282115
50923.0282115
50923.0282115
50923.0282115
50923.0282115
50923.0282115
50923.0282115
50923.0282115
50923.0282115
50923.0282115
50923.0282115
50923.0282115
50923.0282115
50923.0282115
50923.0282115
50923.0282115
50923.0282115
50923.0282115
50923.0282115
50923.0282115
50923.0282115
50923.0282115
50923.0282115
50923.0282115
50923.0282115
50923.0282115
50923.0282115
50923.0282115
50923.0282115
50923.0282115
50923.0282115
50923.0282115
50923.0282115
50336.08979085043
50336.08979085043
50336.08979085043
50336.08979085043
50336.08979085043
50336.08979085043
50336.08979085043
50336.08979085043
50336.08979085043
50336.08979085043
50336.08979085043
50336.08979085043
50336.08979085043
50336.08979085043
50336.08979085043
50336.08979085043
50336.08979085043
50336.08979085043
50336.08979085043
50336.08979085043
50336.08979085043
50336.08979085043
50336.08979085043
50336.08979085043
50336.08979085043
50336.08979085043
50336.08979085043
50336.08979085043
50336.08979085043
50336.08979085043
50336.08979085043
50336.08979085043
50336.08979085043
50336.08979085043
50336.08979085043
50336.08979085043
50336.08979085043
50336.08979085043
50336.08979085043
50336.08979085043
50336.08979085043
50336.08979085043
50336.08979085043
50336.08979085043
50188.72009500743
50188.72009500743
50188.72009500743
48310.46893686299
48310.46893686299
48310.46893686299
48310.46893686299
48310.46893686299
48310.46893686299
48310.46893686299
48310.46893686299
48310.46893686299
48310.46893686299
48310.46893686299
48310.46893686299
48310.46893686299
48310.46893686299
48310.46893686299
48152.47236150696
48152.47236150696
48152.47236150696
48152.47236150696
48152.47236150696
48152.47236150696
48152.47236150696
48152.47236150696
48152.47236150696
48152.47236150696
48152.47236150696
48152.47236150696
48152.47236150696
48152.47236150696
48152.47236150696
48152.47236150696
48152.47236150696
48152.47236150696
48152.47236150696
48152.47236150696
48152.47236150696
48152.47236150696
48152.47236150696
48152.47236150696
48152.47236150696
48152.47236150696
48152.47236150696
48152.47236150696
48152.47236150696
48152.47236150696
48152.47236150696
48152.47236150696
48152.47236150696
48152.47236150696
48152.47236150696
48152.47236150696
48152.47236150696
48152.47236150696
48152.47236150696
48152.47236150696
48152.47236150696
48152.47236150696
48152.47236150696
48152.47236150696
48152.47236150696
48152.47236150696
48152.47236150696
48152.47236150696
48152.47236150696
48152.47236150696
48152.47236150696
48152.47236150696
48152.47236150696
48152.47236150696
48152.47236150696
48152.47236150696
48152.47236150696
48152.47236150696
48152.47236150696
48152.47236150696
48152.47236150696
48152.47236150696
48152.47236150696
48152.47236150696
48152.47236150696
48152.47236150696
48152.47236150696
48152.47236150696
48152.47236150696
48152.47236150696
48152.47236150696
48152.47236150696
48152.47236150696
48152.47236150696
47761.64914958032
47761.64914958032
47761.64914958032
47761.64914958032
47761.64914958032
47761.64914958032
47761.64914958032
46732.944183382344
46732.944183382344
46732.944183382344
46732.944183382344
46732.944183382344
46732.944183382344
46732.944183382344
46732.944183382344
46732.944183382344
46732.944183382344
46732.944183382344
46732.944183382344
46732.944183382344
46732.944183382344
46732.944183382344
46732.944183382344
46732.944183382344
46732.944183382344
46732.944183382344
46732.944183382344
46732.944183382344
46732.944183382344
46732.944183382344
46732.944183382344
46732.944183382344
46732.944183382344
45766.037747381335
45766.037747381335
45766.037747381335
45766.037747381335
45766.037747381335
45766.037747381335
45766.037747381335
45766.037747381335
45766.037747381335
45766.037747381335
45766.037747381335
45766.037747381335
45766.037747381335
45766.037747381335
45766.037747381335
45766.037747381335
45766.037747381335
45766.037747381335
45766.037747381335
45766.037747381335
45766.037747381335
45766.037747381335
45766.037747381335
45766.037747381335
45766.037747381335
45766.037747381335
45766.037747381335
45766.037747381335
45766.037747381335
45766.037747381335
45766.037747381335
45766.037747381335
45766.037747381335
45766.037747381335
45766.037747381335
45766.037747381335
45766.037747381335
45766.037747381335
45766.037747381335
45766.037747381335
45766.037747381335
45766.037747381335
45766.037747381335
45766.037747381335
45766.037747381335
45766.037747381335
45766.037747381335
45766.037747381335
45766.037747381335
45766.037747381335
45766.037747381335
45766.037747381335
45766.037747381335
45766.037747381335
45766.037747381335
45766.037747381335
45766.037747381335
45766.037747381335
45766.037747381335
45766.037747381335
45766.037747381335
45766.037747381335
44589.10372204741
44589.10372204741
44589.10372204741
44589.10372204741
44589.10372204741
44589.10372204741
44589.10372204741
44589.10372204741
44589.10372204741
44589.10372204741
44589.10372204741
44589.10372204741
44589.10372204741
44589.10372204741
44589.10372204741
44589.10372204741
44589.10372204741
44589.10372204741
44589.10372204741
44589.10372204741
44589.10372204741
44589.10372204741
44589.10372204741
44589.10372204741
44589.10372204741
44589.10372204741
44589.10372204741
44589.10372204741
44589.10372204741
44589.10372204741
44589.10372204741
44551.983676629
44551.983676629
44551.983676629
44551.983676629
44551.983676629
44551.983676629
44551.983676629
44551.983676629
44551.983676629
44551.983676629
44551.983676629
44551.983676629
44551.983676629
43871.73736469282
43871.73736469282
43871.73736469282
43871.73736469282
43871.73736469282
43871.73736469282
43871.73736469282
43871.73736469282
43871.73736469282
43871.73736469282
43871.73736469282
43871.73736469282
43871.73736469282
43871.73736469282
43871.73736469282
43871.73736469282
43871.73736469282
Time: 447.2087140083313 seconds 
Best solution: 43871.73736469282 [90, 81, 73, 77, 72, 74, 98, 94, 95, 87, 100, 88, 68, 105, 63, 83, 70, 59, 50, 62, 69, 80, 65, 60, 85, 79, 104, 37, 55, 56, 57, 53, 61, 54, 42, 28, 35, 34, 39, 38, 16, 25, 20, 26, 23, 22, 24, 33, 14, 27, 15, 17, 30, 18, 11, 10, 32, 13, 21, 9, 103, 1, 2, 6, 7, 19, 36, 43, 41, 58, 47, 49, 31, 29, 3, 12, 8, 5, 4, 45, 40, 52, 46, 51, 44, 48, 75, 97, 76, 91, 101, 93, 102, 92, 96, 86, 78, 71, 67, 66, 64, 84, 82, 99, 89]
Avg solution: 58604.012065843286