Alg:2, Run: 5, file: C:\Users\gabri\Documents\AN 3 SEM 2\AI\Lab\Lab3\\lin105.tsp, population number: 10000, generations: 1000 
97758.2593411519
97758.2593411519
97758.2593411519
97758.2593411519
97758.2593411519
95792.51895653197
95792.51895653197
95792.51895653197
95792.51895653197
95792.51895653197
95792.51895653197
94416.8850059353
94416.8850059353
94416.8850059353
94416.8850059353
94416.8850059353
93022.94953064619
91621.87327133448
91621.87327133448
91621.87327133448
91621.87327133448
91621.87327133448
90910.23953949969
90910.23953949969
90910.23953949969
84026.7018944331
84026.7018944331
84026.7018944331
84026.7018944331
84026.7018944331
84026.7018944331
84026.7018944331
84026.7018944331
84026.7018944331
84026.7018944331
84026.7018944331
84026.7018944331
84026.7018944331
84026.7018944331
84026.7018944331
84026.7018944331
84026.7018944331
84026.7018944331
84026.7018944331
84026.7018944331
84026.7018944331
84026.7018944331
84026.7018944331
83551.3606664411
83551.3606664411
83551.3606664411
83551.3606664411
83433.50013098739
83433.50013098739
83433.50013098739
83433.50013098739
83433.50013098739
83433.50013098739
83433.50013098739
83433.50013098739
83433.50013098739
83433.50013098739
83433.50013098739
83433.50013098739
83433.50013098739
82646.575656104
82646.575656104
82646.575656104
82646.575656104
82570.33153597068
82570.33153597068
82570.33153597068
79904.9348618714
79904.9348618714
79904.9348618714
79904.9348618714
79904.9348618714
79904.9348618714
79904.9348618714
79904.9348618714
79904.9348618714
79904.9348618714
79904.9348618714
79904.9348618714
79904.9348618714
79904.9348618714
79904.9348618714
79904.9348618714
79904.9348618714
79904.9348618714
79904.9348618714
79904.9348618714
79904.9348618714
79904.9348618714
79904.9348618714
79536.04057940251
79275.92935146742
79275.92935146742
79275.92935146742
77681.57176402345
77681.57176402345
77681.57176402345
77681.57176402345
77681.57176402345
77681.57176402345
77681.57176402345
77681.57176402345
77681.57176402345
77681.57176402345
77681.57176402345
77681.57176402345
77681.57176402345
75692.66735173526
75692.66735173526
75692.66735173526
75692.66735173526
75692.66735173526
75692.66735173526
75692.66735173526
75692.66735173526
75692.66735173526
75692.66735173526
75692.66735173526
74139.35562730486
74139.35562730486
74139.35562730486
74139.35562730486
74139.35562730486
74139.35562730486
74139.35562730486
74139.35562730486
74139.35562730486
74139.35562730486
74139.35562730486
74139.35562730486
74139.35562730486
74139.35562730486
74139.35562730486
74139.35562730486
74139.35562730486
74139.35562730486
74139.35562730486
74139.35562730486
74139.35562730486
74139.35562730486
74139.35562730486
70910.66406833257
70910.66406833257
70910.66406833257
70910.66406833257
70910.66406833257
70910.66406833257
70910.66406833257
70910.66406833257
70910.66406833257
70910.66406833257
70910.66406833257
70910.66406833257
70910.66406833257
70910.66406833257
70910.66406833257
70910.66406833257
70910.66406833257
70910.66406833257
70910.66406833257
70910.66406833257
70910.66406833257
70910.66406833257
70910.66406833257
70910.66406833257
70910.66406833257
70910.66406833257
70910.66406833257
70910.66406833257
70910.66406833257
70910.66406833257
70910.66406833257
70910.66406833257
70910.66406833257
70910.66406833257
70910.66406833257
70910.66406833257
70853.84872732355
70853.84872732355
70853.84872732355
70853.84872732355
70853.84872732355
69330.7430978784
69330.7430978784
69330.7430978784
69330.7430978784
69330.7430978784
69330.7430978784
69330.7430978784
69330.7430978784
69330.7430978784
69330.7430978784
69330.7430978784
69330.7430978784
69330.7430978784
69330.7430978784
68802.57400171316
68802.57400171316
68802.57400171316
68802.57400171316
66079.19935345644
66079.19935345644
66079.19935345644
66079.19935345644
66079.19935345644
66079.19935345644
66079.19935345644
66079.19935345644
66079.19935345644
66079.19935345644
66079.19935345644
66079.19935345644
66079.19935345644
66079.19935345644
66079.19935345644
66079.19935345644
66079.19935345644
66079.19935345644
66079.19935345644
66079.19935345644
66079.19935345644
66079.19935345644
66079.19935345644
66079.19935345644
66079.19935345644
66079.19935345644
66079.19935345644
66079.19935345644
66079.19935345644
66079.19935345644
66079.19935345644
66079.19935345644
66079.19935345644
66079.19935345644
66079.19935345644
66079.19935345644
66079.19935345644
66079.19935345644
66079.19935345644
66079.19935345644
66079.19935345644
66079.19935345644
66079.19935345644
66079.19935345644
66079.19935345644
66079.19935345644
66079.19935345644
66079.19935345644
66079.19935345644
66079.19935345644
66079.19935345644
66079.19935345644
64913.56307269258
64562.122050544
64562.122050544
64562.122050544
64562.122050544
64562.122050544
64095.83311991806
64095.83311991806
64095.83311991806
64095.83311991806
64095.83311991806
64095.83311991806
64095.83311991806
64095.83311991806
64095.83311991806
64095.83311991806
64095.83311991806
64095.83311991806
64095.83311991806
64095.83311991806
64095.83311991806
64095.83311991806
64095.83311991806
64095.83311991806
64095.83311991806
62458.00897455163
62458.00897455163
62458.00897455163
62458.00897455163
62458.00897455163
62458.00897455163
62458.00897455163
62458.00897455163
62458.00897455163
62458.00897455163
62458.00897455163
62458.00897455163
62458.00897455163
62458.00897455163
62458.00897455163
62458.00897455163
62458.00897455163
62458.00897455163
62458.00897455163
62458.00897455163
62458.00897455163
62458.00897455163
62458.00897455163
62458.00897455163
62458.00897455163
62458.00897455163
62458.00897455163
62458.00897455163
62458.00897455163
62201.43370427211
61171.253965038064
61171.253965038064
61171.253965038064
61171.253965038064
61171.253965038064
61171.253965038064
61171.253965038064
61171.253965038064
61171.253965038064
61171.253965038064
61171.253965038064
60566.061741070436
60566.061741070436
60566.061741070436
60352.60645913235
60352.60645913235
60352.60645913235
60352.60645913235
60352.60645913235
60352.60645913235
60352.60645913235
60352.60645913235
60352.60645913235
60352.60645913235
60352.60645913235
60352.60645913235
60352.60645913235
60352.60645913235
59797.37367707381
59797.37367707381
59797.37367707381
58755.15973715989
58755.15973715989
58755.15973715989
58755.15973715989
58755.15973715989
58755.15973715989
58755.15973715989
58755.15973715989
58755.15973715989
58755.15973715989
58755.15973715989
58755.15973715989
58755.15973715989
58755.15973715989
58755.15973715989
58755.15973715989
58392.664731460165
58392.664731460165
58392.664731460165
58392.664731460165
58392.664731460165
58392.664731460165
58392.664731460165
57187.49797278028
57187.49797278028
57187.49797278028
57187.49797278028
57187.49797278028
57187.49797278028
57187.49797278028
57187.49797278028
57187.49797278028
57187.49797278028
57187.49797278028
57187.49797278028
57187.49797278028
57187.49797278028
57187.49797278028
57187.49797278028
57187.49797278028
57187.49797278028
57187.49797278028
57187.49797278028
57187.49797278028
57187.49797278028
57187.49797278028
57187.49797278028
57187.49797278028
57187.49797278028
57187.49797278028
57187.49797278028
57187.49797278028
57187.49797278028
57187.49797278028
57187.49797278028
57187.49797278028
57187.49797278028
57187.49797278028
57187.49797278028
57187.49797278028
57187.49797278028
57187.49797278028
57187.49797278028
57187.49797278028
57187.49797278028
57187.49797278028
57187.49797278028
57187.49797278028
57187.49797278028
57187.49797278028
57187.49797278028
57073.222064727706
57073.222064727706
57073.222064727706
57073.222064727706
57073.222064727706
57073.222064727706
57073.222064727706
57073.222064727706
57073.222064727706
57073.222064727706
57034.49395765446
57034.49395765446
57034.49395765446
57034.49395765446
52549.174274916615
52549.174274916615
52549.174274916615
52549.174274916615
52549.174274916615
52549.174274916615
52549.174274916615
52549.174274916615
52549.174274916615
52549.174274916615
52549.174274916615
52549.174274916615
52549.174274916615
52549.174274916615
52549.174274916615
52549.174274916615
52549.174274916615
52549.174274916615
52549.174274916615
52549.174274916615
52549.174274916615
52549.174274916615
52549.174274916615
52549.174274916615
52549.174274916615
52549.174274916615
52549.174274916615
52549.174274916615
52549.174274916615
52549.174274916615
52549.174274916615
52549.174274916615
52549.174274916615
52549.174274916615
52549.174274916615
52549.174274916615
52549.174274916615
52549.174274916615
52549.174274916615
52549.174274916615
52549.174274916615
52549.174274916615
51699.34844057171
51699.34844057171
51699.34844057171
51699.34844057171
51699.34844057171
51699.34844057171
51699.34844057171
51699.34844057171
51699.34844057171
51699.34844057171
51699.34844057171
51699.34844057171
51699.34844057171
51699.34844057171
51699.34844057171
51699.34844057171
51699.34844057171
51699.34844057171
51699.34844057171
51699.34844057171
51699.34844057171
51699.34844057171
51699.34844057171
51699.34844057171
51699.34844057171
51699.34844057171
51699.34844057171
51699.34844057171
51699.34844057171
51699.34844057171
51699.34844057171
51699.34844057171
51699.34844057171
51699.34844057171
51699.34844057171
51699.34844057171
51699.34844057171
51699.34844057171
51699.34844057171
51699.34844057171
51699.34844057171
51699.34844057171
51699.34844057171
51699.34844057171
51699.34844057171
51699.34844057171
51699.34844057171
51699.34844057171
51699.34844057171
51699.34844057171
51699.34844057171
51699.34844057171
51699.34844057171
51699.34844057171
51699.34844057171
51699.34844057171
51699.34844057171
51699.34844057171
51699.34844057171
51699.34844057171
51699.34844057171
51699.34844057171
51699.34844057171
51699.34844057171
51699.34844057171
51699.34844057171
51699.34844057171
51699.34844057171
51699.34844057171
51699.34844057171
51699.34844057171
51699.34844057171
51699.34844057171
51699.34844057171
51699.34844057171
51699.34844057171
51699.34844057171
51699.34844057171
51699.34844057171
51699.34844057171
51699.34844057171
51699.34844057171
51699.34844057171
51699.34844057171
51699.34844057171
51699.34844057171
51699.34844057171
51699.34844057171
51699.34844057171
51699.34844057171
51699.34844057171
51699.34844057171
51699.34844057171
51699.34844057171
51699.34844057171
51699.34844057171
51699.34844057171
51699.34844057171
51699.34844057171
51699.34844057171
51699.34844057171
51699.34844057171
51699.34844057171
51699.34844057171
51372.73525309078
51372.73525309078
51372.73525309078
51372.73525309078
51372.73525309078
51372.73525309078
51372.73525309078
51372.73525309078
51372.73525309078
51372.73525309078
51372.73525309078
51372.73525309078
51372.73525309078
51372.73525309078
51372.73525309078
51372.73525309078
51372.73525309078
51372.73525309078
51372.73525309078
51372.73525309078
51372.73525309078
51372.73525309078
51372.73525309078
51372.73525309078
51372.73525309078
51372.73525309078
51372.73525309078
51372.73525309078
51372.73525309078
51372.73525309078
51372.73525309078
51132.85666269478
50242.04768436463
50242.04768436463
50242.04768436463
50242.04768436463
50242.04768436463
50242.04768436463
50242.04768436463
50242.04768436463
50242.04768436463
50242.04768436463
50242.04768436463
50242.04768436463
50242.04768436463
50242.04768436463
50242.04768436463
50242.04768436463
50242.04768436463
50242.04768436463
50242.04768436463
50242.04768436463
50242.04768436463
50242.04768436463
50242.04768436463
50242.04768436463
50242.04768436463
50220.07875795576
50220.07875795576
50220.07875795576
50220.07875795576
50220.07875795576
50220.07875795576
49502.75213379177
48853.380521303414
48853.380521303414
48853.380521303414
48853.380521303414
48853.380521303414
48853.380521303414
48853.380521303414
48853.380521303414
48853.380521303414
48853.380521303414
48853.380521303414
48853.380521303414
48853.380521303414
48853.380521303414
48853.380521303414
48853.380521303414
48853.380521303414
48853.380521303414
48853.380521303414
48853.380521303414
48853.380521303414
48853.380521303414
48853.380521303414
48853.380521303414
48853.380521303414
48853.380521303414
48853.380521303414
48853.380521303414
48853.380521303414
48853.380521303414
48853.380521303414
48186.56641288621
48186.56641288621
48186.56641288621
48186.56641288621
48186.56641288621
48186.56641288621
48186.56641288621
48186.56641288621
48186.56641288621
48186.56641288621
48186.56641288621
47865.40845223216
47865.40845223216
47865.40845223216
47865.40845223216
47865.40845223216
47865.40845223216
47865.40845223216
47865.40845223216
47865.40845223216
47865.40845223216
47865.40845223216
47865.40845223216
47865.40845223216
47865.40845223216
47865.40845223216
47865.40845223216
47865.40845223216
47865.40845223216
47865.40845223216
47865.40845223216
47865.40845223216
47865.40845223216
47865.40845223216
47865.40845223216
47865.40845223216
47865.40845223216
47865.40845223216
47865.40845223216
47865.40845223216
47865.40845223216
47865.40845223216
47335.916120261434
47335.916120261434
45261.80995638414
45261.80995638414
45261.80995638414
45261.80995638414
45261.80995638414
45261.80995638414
45261.80995638414
45261.80995638414
45261.80995638414
45261.80995638414
45261.80995638414
45261.80995638414
45261.80995638414
45261.80995638414
45261.80995638414
45261.80995638414
45261.80995638414
45261.80995638414
45261.80995638414
45261.80995638414
45261.80995638414
45261.80995638414
45261.80995638414
45261.80995638414
45261.80995638414
45261.80995638414
45261.80995638414
45261.80995638414
45261.80995638414
45261.80995638414
45261.80995638414
45261.80995638414
45261.80995638414
45261.80995638414
45261.80995638414
45261.80995638414
45261.80995638414
45261.80995638414
45261.80995638414
45261.80995638414
45261.80995638414
45261.80995638414
45261.80995638414
45261.80995638414
45261.80995638414
45261.80995638414
45261.80995638414
45261.80995638414
45261.80995638414
45261.80995638414
45261.80995638414
45261.80995638414
43608.04141003784
43608.04141003784
43608.04141003784
43608.04141003784
43608.04141003784
43608.04141003784
43608.04141003784
43608.04141003784
43608.04141003784
43608.04141003784
43608.04141003784
43608.04141003784
43608.04141003784
43608.04141003784
43608.04141003784
43608.04141003784
43608.04141003784
43608.04141003784
43608.04141003784
43608.04141003784
43608.04141003784
43608.04141003784
43608.04141003784
43608.04141003784
43608.04141003784
43608.04141003784
43608.04141003784
43608.04141003784
43608.04141003784
43608.04141003784
43608.04141003784
43608.04141003784
43608.04141003784
43608.04141003784
43608.04141003784
43608.04141003784
43608.04141003784
43608.04141003784
43608.04141003784
43608.04141003784
43608.04141003784
43608.04141003784
43608.04141003784
43608.04141003784
43608.04141003784
43608.04141003784
43608.04141003784
43608.04141003784
43608.04141003784
43608.04141003784
43608.04141003784
43608.04141003784
43608.04141003784
43608.04141003784
43608.04141003784
43608.04141003784
43608.04141003784
43608.04141003784
43608.04141003784
43608.04141003784
43608.04141003784
43608.04141003784
43608.04141003784
43608.04141003784
43608.04141003784
43608.04141003784
43608.04141003784
43608.04141003784
43608.04141003784
43608.04141003784
43608.04141003784
43608.04141003784
43608.04141003784
43608.04141003784
43608.04141003784
43608.04141003784
43608.04141003784
43608.04141003784
43608.04141003784
43608.04141003784
43608.04141003784
43608.04141003784
43608.04141003784
43608.04141003784
43608.04141003784
43608.04141003784
42732.06599826308
42732.06599826308
42732.06599826308
42732.06599826308
42732.06599826308
42732.06599826308
42732.06599826308
42732.06599826308
42732.06599826308
42732.06599826308
42732.06599826308
42732.06599826308
42732.06599826308
42732.06599826308
42732.06599826308
42732.06599826308
42732.06599826308
42732.06599826308
42732.06599826308
42732.06599826308
42732.06599826308
42732.06599826308
42732.06599826308
42732.06599826308
42630.03765230474
42630.03765230474
42630.03765230474
42630.03765230474
42630.03765230474
42630.03765230474
42630.03765230474
42630.03765230474
42630.03765230474
42630.03765230474
42630.03765230474
42630.03765230474
42630.03765230474
42630.03765230474
42630.03765230474
42630.03765230474
42630.03765230474
42630.03765230474
42630.03765230474
41983.71757529406
41983.71757529406
41983.71757529406
41983.71757529406
41983.71757529406
41983.71757529406
41983.71757529406
41983.71757529406
41983.71757529406
41983.71757529406
41983.71757529406
41983.71757529406
41983.71757529406
41983.71757529406
41983.71757529406
41983.71757529406
41983.71757529406
41983.71757529406
41983.71757529406
41983.71757529406
41983.71757529406
41983.71757529406
41983.71757529406
41904.53558146233
41904.53558146233
41904.53558146233
41904.53558146233
41904.53558146233
41904.53558146233
41904.53558146233
41904.53558146233
41904.53558146233
41904.53558146233
41904.53558146233
41904.53558146233
41904.53558146233
41904.53558146233
41904.53558146233
41904.53558146233
41904.53558146233
41904.53558146233
41904.53558146233
41904.53558146233
41904.53558146233
41904.53558146233
41904.53558146233
41904.53558146233
41904.53558146233
41904.53558146233
41904.53558146233
41904.53558146233
41904.53558146233
41904.53558146233
41904.53558146233
41904.53558146233
41904.53558146233
41904.53558146233
41904.53558146233
41904.53558146233
41904.53558146233
41904.53558146233
41904.53558146233
41904.53558146233
40677.343326307266
40677.343326307266
40677.343326307266
40677.343326307266
40677.343326307266
40677.343326307266
40677.343326307266
40677.343326307266
40677.343326307266
40677.343326307266
40677.343326307266
40677.343326307266
40677.343326307266
40677.343326307266
40677.343326307266
40677.343326307266
40677.343326307266
40677.343326307266
40677.343326307266
40677.343326307266
40677.343326307266
40677.343326307266
40677.343326307266
40677.343326307266
40677.343326307266
40677.343326307266
40677.343326307266
40677.343326307266
40677.343326307266
40677.343326307266
40677.343326307266
40677.343326307266
40677.343326307266
40677.343326307266
40677.343326307266
40677.343326307266
40677.343326307266
40677.343326307266
40677.343326307266
40677.343326307266
40677.343326307266
40677.343326307266
40677.343326307266
Time: 447.6326217651367 seconds 
Best solution: 40677.343326307266 [19, 31, 15, 11, 6, 2, 1, 7, 10, 3, 8, 49, 44, 51, 41, 93, 61, 37, 84, 90, 9, 104, 89, 54, 57, 48, 47, 68, 12, 43, 46, 53, 55, 28, 52, 82, 59, 29, 74, 21, 79, 39, 60, 50, 42, 105, 86, 32, 58, 40, 77, 76, 80, 67, 72, 81, 97, 96, 73, 85, 71, 78, 99, 98, 87, 66, 88, 100, 95, 94, 92, 91, 102, 101, 83, 69, 70, 75, 64, 62, 65, 63, 56, 45, 13, 14, 26, 17, 5, 4, 38, 35, 34, 33, 18, 22, 16, 25, 20, 36, 103, 30, 23, 24, 27]
Avg solution: 56619.5061631428