Alg:2, Run: 9, file: C:\Users\gabri\Documents\AN 3 SEM 2\AI\Lab\Lab3\\lin105.tsp, population number: 10000, generations: 1000 
100289.19069949823
100289.19069949823
99674.35524918446
99674.35524918446
99202.5654487563
95038.96094300585
95038.96094300585
95038.96094300585
95038.96094300585
95038.96094300585
95038.96094300585
95038.96094300585
94963.22949493551
93873.9662646187
93873.9662646187
93873.9662646187
93873.9662646187
93873.9662646187
93134.43239927373
93134.43239927373
93134.43239927373
92645.85612217068
92645.85612217068
92645.85612217068
92645.85612217068
92645.85612217068
91734.9741097206
91734.9741097206
91734.9741097206
91214.52292791857
90406.8510145136
90000.33740192452
90000.33740192452
87110.29591303457
87110.29591303457
87110.29591303457
86888.66612118333
86888.66612118333
86429.49425935878
86429.49425935878
86429.49425935878
84924.67247196683
84924.67247196683
84924.67247196683
84924.67247196683
84924.67247196683
84924.67247196683
84924.67247196683
84924.67247196683
84924.67247196683
84924.67247196683
84924.67247196683
84924.67247196683
84924.67247196683
84924.67247196683
84924.67247196683
84924.67247196683
83072.29542400251
83072.29542400251
82446.22762930546
82446.22762930546
82446.22762930546
82446.22762930546
82446.22762930546
82446.22762930546
82446.22762930546
82446.22762930546
82446.22762930546
82446.22762930546
82446.22762930546
82446.22762930546
82446.22762930546
82446.22762930546
79327.58049314536
79327.58049314536
79327.58049314536
79327.58049314536
79327.58049314536
79327.58049314536
79327.58049314536
79327.58049314536
79327.58049314536
79327.58049314536
79327.58049314536
79327.58049314536
79288.70841331563
79288.70841331563
79288.70841331563
79288.70841331563
79288.70841331563
79288.70841331563
79288.70841331563
79288.70841331563
79288.70841331563
79288.70841331563
79288.70841331563
77773.69737447143
77773.69737447143
77773.69737447143
77773.69737447143
77773.69737447143
77773.69737447143
77773.69737447143
77773.69737447143
77773.69737447143
76391.81763882203
76391.81763882203
76391.81763882203
76391.81763882203
76391.81763882203
76391.81763882203
76391.81763882203
76391.81763882203
76391.81763882203
76391.81763882203
76391.81763882203
76391.81763882203
76391.81763882203
76391.81763882203
74853.35584369834
74853.35584369834
74853.35584369834
74853.35584369834
74853.35584369834
74853.35584369834
74853.35584369834
74853.35584369834
74853.35584369834
74853.35584369834
74853.35584369834
74853.35584369834
74853.35584369834
72898.6183979046
72898.6183979046
72898.6183979046
72898.6183979046
72898.6183979046
72898.6183979046
72898.6183979046
72898.6183979046
72898.6183979046
72898.6183979046
72898.6183979046
72898.6183979046
72898.6183979046
72898.6183979046
72898.6183979046
72898.6183979046
72898.6183979046
72898.6183979046
72898.6183979046
72898.6183979046
72898.6183979046
72898.6183979046
72898.6183979046
72898.6183979046
72898.6183979046
65391.64276795781
65391.64276795781
65391.64276795781
65391.64276795781
65391.64276795781
65391.64276795781
65391.64276795781
65391.64276795781
65391.64276795781
65391.64276795781
65391.64276795781
65391.64276795781
65391.64276795781
65391.64276795781
65391.64276795781
65391.64276795781
65391.64276795781
65391.64276795781
65391.64276795781
65391.64276795781
65391.64276795781
65391.64276795781
65391.64276795781
65391.64276795781
65391.64276795781
65391.64276795781
65391.64276795781
65391.64276795781
65391.64276795781
65391.64276795781
65391.64276795781
65391.64276795781
65391.64276795781
65391.64276795781
65391.64276795781
65391.64276795781
65391.64276795781
65391.64276795781
65391.64276795781
65391.64276795781
65391.64276795781
63924.881674328935
63924.881674328935
63924.881674328935
63924.881674328935
63924.881674328935
63924.881674328935
63924.881674328935
63924.881674328935
63924.881674328935
63924.881674328935
63924.881674328935
63924.881674328935
63924.881674328935
63924.881674328935
63924.881674328935
63924.881674328935
63924.881674328935
63924.881674328935
63924.881674328935
63924.881674328935
63924.881674328935
63924.881674328935
63924.881674328935
63924.881674328935
63924.881674328935
63924.881674328935
63924.881674328935
63924.881674328935
63924.881674328935
63924.881674328935
63924.881674328935
63924.881674328935
63924.881674328935
63924.881674328935
63924.881674328935
63924.881674328935
63924.881674328935
63924.881674328935
63924.881674328935
63924.881674328935
63924.881674328935
63924.881674328935
63924.881674328935
63924.881674328935
63924.881674328935
63924.881674328935
63924.881674328935
63924.881674328935
63303.62800619086
63303.62800619086
63303.62800619086
63303.62800619086
63303.62800619086
63303.62800619086
63303.62800619086
63303.62800619086
63303.62800619086
63303.62800619086
63303.62800619086
63303.62800619086
63303.62800619086
63303.62800619086
63303.62800619086
61154.914537821256
61154.914537821256
60994.390591306656
60994.390591306656
60994.390591306656
60994.390591306656
60994.390591306656
60994.390591306656
60994.390591306656
60994.390591306656
60994.390591306656
60994.390591306656
60994.390591306656
60994.390591306656
60994.390591306656
60994.390591306656
60994.390591306656
60994.390591306656
60994.390591306656
60994.390591306656
60994.390591306656
60994.390591306656
60994.390591306656
60994.390591306656
60994.390591306656
60994.390591306656
60994.390591306656
60994.390591306656
60994.390591306656
60994.390591306656
60994.390591306656
60994.390591306656
60994.390591306656
60994.390591306656
60994.390591306656
60994.390591306656
60994.390591306656
60994.390591306656
60994.390591306656
60994.390591306656
60994.390591306656
60994.390591306656
60994.390591306656
60994.390591306656
60994.390591306656
60994.390591306656
60994.390591306656
60994.390591306656
60994.390591306656
60994.390591306656
60994.390591306656
60994.390591306656
60994.390591306656
60994.390591306656
60994.390591306656
60994.390591306656
60994.390591306656
60873.515218594854
60873.515218594854
60873.515218594854
60352.19568529244
60352.19568529244
60352.19568529244
60352.19568529244
60352.19568529244
60352.19568529244
60352.19568529244
60352.19568529244
60352.19568529244
60352.19568529244
60352.19568529244
60352.19568529244
60352.19568529244
60352.19568529244
60352.19568529244
60352.19568529244
60352.19568529244
60352.19568529244
60352.19568529244
60352.19568529244
60352.19568529244
60352.19568529244
60352.19568529244
59148.23272059452
59148.23272059452
59148.23272059452
59148.23272059452
59148.23272059452
59148.23272059452
59148.23272059452
59148.23272059452
59148.23272059452
59148.23272059452
59148.23272059452
59148.23272059452
59148.23272059452
58793.49786018578
58793.49786018578
58793.49786018578
58793.49786018578
58793.49786018578
58793.49786018578
58793.49786018578
58793.49786018578
58793.49786018578
58793.49786018578
58793.49786018578
58793.49786018578
58793.49786018578
58793.49786018578
58793.49786018578
58793.49786018578
58793.49786018578
58793.49786018578
58793.49786018578
58793.49786018578
58745.93554463315
58745.93554463315
58745.93554463315
58745.93554463315
58745.93554463315
58745.93554463315
58745.93554463315
58745.93554463315
57884.403419392904
57884.403419392904
57884.403419392904
57702.85051880426
57702.85051880426
57702.85051880426
57702.85051880426
57702.85051880426
57702.85051880426
57702.85051880426
57702.85051880426
57702.85051880426
57702.85051880426
57702.85051880426
57702.85051880426
57702.85051880426
57702.85051880426
57702.85051880426
57702.85051880426
57566.089516929926
57566.089516929926
57566.089516929926
57566.089516929926
57566.089516929926
57566.089516929926
57566.089516929926
57566.089516929926
57566.089516929926
57566.089516929926
57566.089516929926
57566.089516929926
57566.089516929926
57566.089516929926
57566.089516929926
57566.089516929926
57566.089516929926
57540.38014783673
57540.38014783673
57540.38014783673
57540.38014783673
57540.38014783673
57540.38014783673
57540.38014783673
57540.38014783673
55493.62364637975
55493.62364637975
55493.62364637975
55493.62364637975
55493.62364637975
55493.62364637975
55493.62364637975
55493.62364637975
55493.62364637975
55493.62364637975
55493.62364637975
55493.62364637975
55493.62364637975
55493.62364637975
55493.62364637975
55493.62364637975
55493.62364637975
55493.62364637975
55493.62364637975
55493.62364637975
55493.62364637975
55493.62364637975
55493.62364637975
55493.62364637975
55493.62364637975
55493.62364637975
55493.62364637975
55493.62364637975
55493.62364637975
55493.62364637975
55493.62364637975
55493.62364637975
55092.558027697734
55092.558027697734
55092.558027697734
55092.558027697734
55092.558027697734
55092.558027697734
55092.558027697734
55092.558027697734
55092.558027697734
54187.95100614853
54187.95100614853
54187.95100614853
54187.95100614853
54187.95100614853
54187.95100614853
54187.95100614853
54187.95100614853
54187.95100614853
54187.95100614853
54187.95100614853
54187.95100614853
54187.95100614853
54187.95100614853
54187.95100614853
54187.95100614853
54187.95100614853
54187.95100614853
54187.95100614853
54187.95100614853
54187.95100614853
54187.95100614853
54187.95100614853
54187.95100614853
54187.95100614853
53742.89785057342
53742.89785057342
53742.89785057342
53742.89785057342
53742.89785057342
53742.89785057342
53742.89785057342
53742.89785057342
53742.89785057342
53742.89785057342
53742.89785057342
53742.89785057342
53742.89785057342
53742.89785057342
53742.89785057342
53742.89785057342
53742.89785057342
53742.89785057342
53742.89785057342
53742.89785057342
53742.89785057342
53742.89785057342
53742.89785057342
53742.89785057342
53742.89785057342
53520.680470202555
53520.680470202555
53520.680470202555
53520.680470202555
53520.680470202555
53520.680470202555
53520.680470202555
53520.680470202555
53520.680470202555
53520.680470202555
53520.680470202555
53520.680470202555
53520.680470202555
53520.680470202555
53520.680470202555
53520.680470202555
53520.680470202555
53520.680470202555
53520.680470202555
53520.680470202555
53520.680470202555
53520.680470202555
53520.680470202555
53520.680470202555
53520.680470202555
53520.680470202555
53520.680470202555
53520.680470202555
53520.680470202555
53520.680470202555
53520.680470202555
53520.680470202555
53520.680470202555
53520.680470202555
53520.680470202555
53520.680470202555
53520.680470202555
53520.680470202555
53520.680470202555
53520.680470202555
53520.680470202555
53520.680470202555
53520.680470202555
53520.680470202555
53520.680470202555
53019.09547717149
53019.09547717149
53019.09547717149
52677.62762391121
52677.62762391121
52677.62762391121
52677.62762391121
52677.62762391121
52677.62762391121
52677.62762391121
52677.62762391121
52677.62762391121
52677.62762391121
52677.62762391121
52677.62762391121
52677.62762391121
52677.62762391121
52677.62762391121
52677.62762391121
52179.03593100504
52179.03593100504
52179.03593100504
52179.03593100504
52179.03593100504
52179.03593100504
52179.03593100504
52179.03593100504
52179.03593100504
52179.03593100504
50654.05646101696
50654.05646101696
50654.05646101696
50654.05646101696
50654.05646101696
50654.05646101696
50654.05646101696
50654.05646101696
50654.05646101696
50654.05646101696
50654.05646101696
50654.05646101696
50654.05646101696
50654.05646101696
50654.05646101696
50654.05646101696
50654.05646101696
50654.05646101696
50654.05646101696
50654.05646101696
50654.05646101696
50654.05646101696
50654.05646101696
50654.05646101696
50654.05646101696
50654.05646101696
50654.05646101696
50654.05646101696
50654.05646101696
50654.05646101696
50654.05646101696
50654.05646101696
50654.05646101696
50654.05646101696
50654.05646101696
50654.05646101696
50654.05646101696
50654.05646101696
50654.05646101696
50654.05646101696
50654.05646101696
50654.05646101696
50654.05646101696
50654.05646101696
50654.05646101696
50654.05646101696
50654.05646101696
50654.05646101696
50654.05646101696
50654.05646101696
50654.05646101696
50654.05646101696
50654.05646101696
50654.05646101696
50654.05646101696
50654.05646101696
50654.05646101696
50654.05646101696
50654.05646101696
50654.05646101696
50654.05646101696
50654.05646101696
50654.05646101696
50654.05646101696
50654.05646101696
50654.05646101696
50654.05646101696
50264.15526082011
50264.15526082011
50264.15526082011
50264.15526082011
50264.15526082011
50264.15526082011
50264.15526082011
50264.15526082011
50264.15526082011
50264.15526082011
50264.15526082011
50264.15526082011
50264.15526082011
50264.15526082011
50264.15526082011
50264.15526082011
50264.15526082011
50264.15526082011
50264.15526082011
48228.95809717179
48228.95809717179
48228.95809717179
48228.95809717179
48228.95809717179
48228.95809717179
48228.95809717179
48228.95809717179
48228.95809717179
48228.95809717179
48228.95809717179
48228.95809717179
48228.95809717179
48228.95809717179
48228.95809717179
48228.95809717179
48228.95809717179
48228.95809717179
48228.95809717179
48228.95809717179
48228.95809717179
48228.95809717179
48228.95809717179
48228.95809717179
48228.95809717179
48228.95809717179
48228.95809717179
48228.95809717179
48228.95809717179
48228.95809717179
48228.95809717179
48228.95809717179
48228.95809717179
48228.95809717179
48228.95809717179
48228.95809717179
48228.95809717179
48228.95809717179
48228.95809717179
48228.95809717179
48228.95809717179
48228.95809717179
48228.95809717179
48228.95809717179
48228.95809717179
48228.95809717179
48228.95809717179
48228.95809717179
48228.95809717179
47792.55671070661
47792.55671070661
47792.55671070661
47792.55671070661
47792.55671070661
47792.55671070661
47792.55671070661
47792.55671070661
47792.55671070661
47792.55671070661
47792.55671070661
47792.55671070661
47792.55671070661
47792.55671070661
47792.55671070661
47792.55671070661
47792.55671070661
47792.55671070661
47792.55671070661
47792.55671070661
47756.110508486774
47756.110508486774
47756.110508486774
47756.110508486774
47756.110508486774
47756.110508486774
47756.110508486774
47319.38231821148
47154.64914234922
47154.64914234922
47154.64914234922
47154.64914234922
47154.64914234922
47154.64914234922
47154.64914234922
47154.64914234922
44421.0529535843
44421.0529535843
44421.0529535843
44421.0529535843
44421.0529535843
44421.0529535843
44233.66879407498
44233.66879407498
44233.66879407498
44233.66879407498
44233.66879407498
44233.66879407498
44233.66879407498
44233.66879407498
44233.66879407498
44233.66879407498
44233.66879407498
44233.66879407498
44233.66879407498
44233.66879407498
44233.66879407498
44233.66879407498
44233.66879407498
44233.66879407498
44233.66879407498
44233.66879407498
44233.66879407498
44233.66879407498
44233.66879407498
44233.66879407498
44233.66879407498
44233.66879407498
44233.66879407498
44233.66879407498
44233.66879407498
44233.66879407498
44233.66879407498
44233.66879407498
44233.66879407498
44233.66879407498
44233.66879407498
44233.66879407498
44233.66879407498
44233.66879407498
44233.66879407498
44233.66879407498
44233.66879407498
44233.66879407498
44233.66879407498
44233.66879407498
44233.66879407498
44233.66879407498
44233.66879407498
44233.66879407498
44233.66879407498
44233.66879407498
44233.66879407498
44233.66879407498
44233.66879407498
44079.54354952789
44079.54354952789
44079.54354952789
44079.54354952789
44079.54354952789
44079.54354952789
44079.54354952789
44079.54354952789
44079.54354952789
44079.54354952789
44079.54354952789
44079.54354952789
44079.54354952789
44079.54354952789
44079.54354952789
44079.54354952789
44079.54354952789
44079.54354952789
44079.54354952789
44079.54354952789
44079.54354952789
44079.54354952789
41976.97113215117
41976.97113215117
41976.97113215117
41976.97113215117
41976.97113215117
41976.97113215117
41976.97113215117
41976.97113215117
41976.97113215117
41976.97113215117
41976.97113215117
41976.97113215117
41976.97113215117
41976.97113215117
41976.97113215117
41976.97113215117
41976.97113215117
41976.97113215117
41976.97113215117
41976.97113215117
41976.97113215117
41976.97113215117
41976.97113215117
41976.97113215117
41976.97113215117
41976.97113215117
41976.97113215117
41976.97113215117
41976.97113215117
41976.97113215117
41976.97113215117
41976.97113215117
41976.97113215117
41976.97113215117
41976.97113215117
41976.97113215117
41976.97113215117
41976.97113215117
41976.97113215117
41976.97113215117
41976.97113215117
41976.97113215117
41976.97113215117
41976.97113215117
41976.97113215117
41976.97113215117
41976.97113215117
41976.97113215117
41976.97113215117
41976.97113215117
41976.97113215117
41976.97113215117
41976.97113215117
41976.97113215117
41976.97113215117
41976.97113215117
41976.97113215117
41976.97113215117
41976.97113215117
41976.97113215117
41976.97113215117
41976.97113215117
41976.97113215117
41976.97113215117
41976.97113215117
41976.97113215117
41976.97113215117
41976.97113215117
41976.97113215117
41976.97113215117
41976.97113215117
41976.97113215117
41976.97113215117
41976.97113215117
41976.97113215117
41976.97113215117
41630.9252509422
41630.9252509422
41630.9252509422
41630.9252509422
41630.9252509422
41630.9252509422
41630.9252509422
41630.9252509422
41630.9252509422
41630.9252509422
41630.9252509422
41630.9252509422
41630.9252509422
41630.9252509422
41630.9252509422
41630.9252509422
41630.9252509422
41630.9252509422
41630.9252509422
41630.9252509422
41630.9252509422
41630.9252509422
41630.9252509422
41630.9252509422
41630.9252509422
41630.9252509422
41630.9252509422
41630.9252509422
41630.9252509422
41630.9252509422
41630.9252509422
41630.9252509422
41630.9252509422
41630.9252509422
41630.9252509422
41630.9252509422
41630.9252509422
41630.9252509422
41630.9252509422
41630.9252509422
41630.9252509422
41630.9252509422
41630.9252509422
41630.9252509422
41630.9252509422
41630.9252509422
41630.9252509422
41630.9252509422
41630.9252509422
41630.9252509422
41630.9252509422
41630.9252509422
40989.610075652585
40989.610075652585
40989.610075652585
40989.610075652585
40989.610075652585
40989.610075652585
40989.610075652585
40989.610075652585
40989.610075652585
40989.610075652585
40989.610075652585
40989.610075652585
40989.610075652585
40989.610075652585
40989.610075652585
40989.610075652585
40989.610075652585
40989.610075652585
40989.610075652585
40989.610075652585
40989.610075652585
40989.610075652585
40989.610075652585
40989.610075652585
40989.610075652585
40989.610075652585
Time: 448.15097665786743 seconds 
Best solution: 40989.610075652585 [96, 97, 101, 92, 82, 77, 67, 55, 45, 50, 48, 85, 91, 76, 69, 66, 87, 56, 59, 60, 61, 65, 94, 100, 95, 52, 51, 47, 26, 39, 38, 36, 43, 46, 42, 58, 3, 27, 103, 28, 22, 32, 104, 44, 54, 53, 37, 13, 14, 34, 25, 8, 18, 31, 19, 15, 21, 29, 7, 10, 2, 6, 1, 12, 11, 20, 30, 33, 23, 24, 17, 9, 4, 5, 41, 16, 35, 40, 49, 62, 81, 90, 74, 84, 86, 64, 70, 72, 68, 88, 63, 71, 73, 79, 83, 93, 89, 78, 57, 105, 80, 75, 98, 99, 102]
Avg solution: 56898.46027675924