Alg:2, Run: 8, file: C:\Users\gabri\Documents\AN 3 SEM 2\AI\Lab\Lab3\\lin105.tsp, population number: 10000, generations: 1000 
99591.56413584507
99591.56413584507
99591.56413584507
99534.12112853384
98765.9739709658
98765.9739709658
97103.70702576709
97103.70702576709
97103.70702576709
95772.56155682664
95547.60169106137
95169.62315945464
94455.45420364189
93726.8419413686
92736.92039625019
92736.92039625019
92736.92039625019
92736.92039625019
92736.92039625019
92736.92039625019
92736.92039625019
92736.92039625019
92494.70904236753
92240.58531085734
92240.58531085734
92240.58531085734
91035.02538281726
91035.02538281726
91035.02538281726
91035.02538281726
91035.02538281726
90579.3900972117
88565.26058481661
88565.26058481661
86472.30865941761
86472.30865941761
86472.30865941761
86472.30865941761
86472.30865941761
86472.30865941761
86472.30865941761
86472.30865941761
86472.30865941761
86472.30865941761
86472.30865941761
84749.43441088371
84749.43441088371
84749.43441088371
84749.43441088371
84749.43441088371
84749.43441088371
84749.43441088371
84749.43441088371
84749.43441088371
81830.43473970793
81830.43473970793
81830.43473970793
81830.43473970793
81830.43473970793
81830.43473970793
81830.43473970793
81830.43473970793
81830.43473970793
81830.43473970793
81830.43473970793
81830.43473970793
81830.43473970793
81830.43473970793
81830.43473970793
81830.43473970793
81830.43473970793
81555.17115578035
81555.17115578035
81555.17115578035
81555.17115578035
81555.17115578035
81555.17115578035
81555.17115578035
81555.17115578035
81555.17115578035
81555.17115578035
79476.93579777307
79476.93579777307
79476.93579777307
79476.93579777307
79476.93579777307
79476.93579777307
79476.93579777307
79476.93579777307
79476.93579777307
79476.93579777307
79476.93579777307
79476.93579777307
79476.93579777307
79476.93579777307
79476.93579777307
79476.93579777307
79476.93579777307
79476.93579777307
79476.93579777307
79476.93579777307
76848.69940186126
76848.69940186126
76848.69940186126
76848.69940186126
76848.69940186126
76848.69940186126
76848.69940186126
76848.69940186126
76848.69940186126
76848.69940186126
76848.69940186126
76848.69940186126
76848.69940186126
76848.69940186126
76848.69940186126
76848.69940186126
76848.69940186126
76454.77549297671
76454.77549297671
76454.77549297671
76454.77549297671
76454.77549297671
76454.77549297671
76454.77549297671
76393.7074084758
76393.7074084758
76393.7074084758
76393.7074084758
76393.7074084758
76393.7074084758
76393.7074084758
76393.7074084758
76393.7074084758
76393.7074084758
76393.7074084758
76393.7074084758
76393.7074084758
76393.7074084758
76393.7074084758
76393.7074084758
76393.7074084758
76393.7074084758
75272.01288395947
75272.01288395947
75272.01288395947
75272.01288395947
75272.01288395947
75272.01288395947
75272.01288395947
75272.01288395947
75272.01288395947
75272.01288395947
74544.30075196858
74544.30075196858
74544.30075196858
73097.97841272844
73097.97841272844
73097.97841272844
73097.97841272844
73097.97841272844
71092.20030946453
71092.20030946453
71092.20030946453
71092.20030946453
71092.20030946453
71092.20030946453
71092.20030946453
71092.20030946453
71092.20030946453
71092.20030946453
71092.20030946453
71092.20030946453
71092.20030946453
71092.20030946453
71092.20030946453
71092.20030946453
70346.1681449756
70346.1681449756
70346.1681449756
70132.16814663816
70132.16814663816
70132.16814663816
70132.16814663816
70132.16814663816
70132.16814663816
70132.16814663816
70132.16814663816
70132.16814663816
70132.16814663816
70132.16814663816
70132.16814663816
70132.16814663816
70132.16814663816
70132.16814663816
70132.16814663816
70107.47104465155
70107.47104465155
69871.27112039148
69871.27112039148
69871.27112039148
69871.27112039148
69343.90240320799
69343.90240320799
69343.90240320799
69343.90240320799
69343.90240320799
69343.90240320799
69343.90240320799
69343.90240320799
69343.90240320799
69343.90240320799
69343.90240320799
69343.90240320799
69343.90240320799
66812.88014199761
66812.88014199761
66812.88014199761
66812.88014199761
66812.88014199761
66812.88014199761
66812.88014199761
66812.88014199761
66812.88014199761
66812.88014199761
66812.88014199761
66812.88014199761
66812.88014199761
66812.88014199761
66812.88014199761
66812.88014199761
66812.88014199761
66812.88014199761
66812.88014199761
66812.88014199761
66812.88014199761
66812.88014199761
66812.88014199761
66812.88014199761
66812.88014199761
66812.88014199761
66812.88014199761
66812.88014199761
66812.88014199761
66812.88014199761
66812.88014199761
66812.88014199761
66812.88014199761
66812.88014199761
66812.88014199761
66812.88014199761
66812.88014199761
66812.88014199761
66812.88014199761
66812.88014199761
66812.88014199761
66812.88014199761
66812.88014199761
65835.8655294487
65835.8655294487
65835.8655294487
65835.8655294487
65835.8655294487
65835.8655294487
64775.421487699314
64775.421487699314
64775.421487699314
64775.421487699314
64775.421487699314
64775.421487699314
64775.421487699314
64456.428409235756
64456.428409235756
64435.56768742947
64279.87240765844
64279.87240765844
64279.87240765844
64279.87240765844
63420.585103315054
63420.585103315054
63420.585103315054
63420.585103315054
63420.585103315054
63420.585103315054
63420.585103315054
63420.585103315054
63420.585103315054
63420.585103315054
63420.585103315054
63420.585103315054
63420.585103315054
63420.585103315054
63420.585103315054
63420.585103315054
63420.585103315054
63420.585103315054
63420.585103315054
63420.585103315054
63420.585103315054
63420.585103315054
63420.585103315054
63420.585103315054
63420.585103315054
63420.585103315054
63420.585103315054
63420.585103315054
63420.585103315054
63420.585103315054
63420.585103315054
63420.585103315054
63420.585103315054
63420.585103315054
63420.585103315054
63420.585103315054
63420.585103315054
63420.585103315054
63420.585103315054
63420.585103315054
63420.585103315054
63420.585103315054
63420.585103315054
63420.585103315054
63420.585103315054
63420.585103315054
63420.585103315054
63420.585103315054
63420.585103315054
63420.585103315054
62016.05109898196
62016.05109898196
62016.05109898196
62016.05109898196
62016.05109898196
62016.05109898196
62016.05109898196
62016.05109898196
62016.05109898196
61794.21698221532
61794.21698221532
61794.21698221532
61794.21698221532
61794.21698221532
61794.21698221532
61794.21698221532
61794.21698221532
61794.21698221532
61794.21698221532
61794.21698221532
57556.39916513248
57556.39916513248
57556.39916513248
57556.39916513248
57556.39916513248
57556.39916513248
57556.39916513248
57556.39916513248
57556.39916513248
57556.39916513248
57556.39916513248
57556.39916513248
57556.39916513248
57556.39916513248
57556.39916513248
57556.39916513248
57556.39916513248
57556.39916513248
57556.39916513248
57556.39916513248
57556.39916513248
57556.39916513248
57556.39916513248
57556.39916513248
57556.39916513248
57556.39916513248
57556.39916513248
57556.39916513248
57556.39916513248
57556.39916513248
57556.39916513248
57556.39916513248
57556.39916513248
57556.39916513248
57556.39916513248
57556.39916513248
57556.39916513248
57556.39916513248
57556.39916513248
57556.39916513248
57556.39916513248
57556.39916513248
57556.39916513248
57556.39916513248
57556.39916513248
57556.39916513248
57556.39916513248
57556.39916513248
57556.39916513248
57556.39916513248
57556.39916513248
57556.39916513248
57556.39916513248
57556.39916513248
57556.39916513248
57556.39916513248
57556.39916513248
57556.39916513248
57556.39916513248
57556.39916513248
57556.39916513248
57556.39916513248
57556.39916513248
57556.39916513248
57556.39916513248
57556.39916513248
57556.39916513248
57556.39916513248
57556.39916513248
57556.39916513248
57556.39916513248
57556.39916513248
57556.39916513248
57041.55529294319
57041.55529294319
57041.55529294319
57041.55529294319
57041.55529294319
57041.55529294319
57041.55529294319
57041.55529294319
57041.55529294319
57041.55529294319
57041.55529294319
57041.55529294319
57041.55529294319
57041.55529294319
57041.55529294319
57041.55529294319
57041.55529294319
57041.55529294319
57041.55529294319
57041.55529294319
57041.55529294319
57041.55529294319
57041.55529294319
57041.55529294319
57041.55529294319
57041.55529294319
57041.55529294319
55461.520214087206
55461.520214087206
55461.520214087206
55461.520214087206
55461.520214087206
55461.520214087206
55461.520214087206
55461.520214087206
55461.520214087206
55461.520214087206
55461.520214087206
55461.520214087206
55461.520214087206
55461.520214087206
55461.520214087206
55461.520214087206
55461.520214087206
55461.520214087206
55461.520214087206
55461.520214087206
55461.520214087206
55461.520214087206
55461.520214087206
55461.520214087206
55461.520214087206
55461.520214087206
55461.520214087206
55461.520214087206
55461.520214087206
55461.520214087206
55461.520214087206
55461.520214087206
55461.520214087206
55461.520214087206
55461.520214087206
55288.76435554794
55288.76435554794
55288.76435554794
52485.12027886462
52485.12027886462
52485.12027886462
52485.12027886462
52485.12027886462
52485.12027886462
52485.12027886462
52485.12027886462
52485.12027886462
52485.12027886462
52485.12027886462
52485.12027886462
52485.12027886462
52485.12027886462
52485.12027886462
52485.12027886462
52485.12027886462
52485.12027886462
52485.12027886462
52485.12027886462
52485.12027886462
52485.12027886462
52485.12027886462
52485.12027886462
52485.12027886462
52485.12027886462
52485.12027886462
52485.12027886462
52485.12027886462
52485.12027886462
52485.12027886462
52485.12027886462
52485.12027886462
52485.12027886462
52485.12027886462
52485.12027886462
52485.12027886462
52485.12027886462
52485.12027886462
52485.12027886462
52485.12027886462
52485.12027886462
52485.12027886462
52485.12027886462
52485.12027886462
52485.12027886462
52485.12027886462
52485.12027886462
52485.12027886462
52485.12027886462
52485.12027886462
52485.12027886462
52485.12027886462
52485.12027886462
52485.12027886462
52485.12027886462
52485.12027886462
52485.12027886462
52485.12027886462
52485.12027886462
52485.12027886462
52154.816173777705
52154.816173777705
52154.816173777705
52154.816173777705
52154.816173777705
52154.816173777705
52154.816173777705
52154.816173777705
52154.816173777705
52154.816173777705
52154.816173777705
52154.816173777705
52154.816173777705
52154.816173777705
52154.816173777705
52154.816173777705
52154.816173777705
52154.816173777705
52154.816173777705
52154.816173777705
52154.816173777705
52154.816173777705
52154.816173777705
52154.816173777705
52154.816173777705
52154.816173777705
52154.816173777705
52154.816173777705
52154.816173777705
52154.816173777705
52154.816173777705
52154.816173777705
52154.816173777705
52154.816173777705
52154.816173777705
52154.816173777705
52154.816173777705
52154.816173777705
51643.100572188996
51643.100572188996
51643.100572188996
51643.100572188996
51643.100572188996
51345.58665331267
51345.58665331267
51345.58665331267
51345.58665331267
51345.58665331267
51345.58665331267
51345.58665331267
50470.11761130675
50470.11761130675
50470.11761130675
50470.11761130675
50470.11761130675
50470.11761130675
50470.11761130675
50470.11761130675
50390.516839903205
50390.516839903205
50390.516839903205
50390.516839903205
50390.516839903205
50390.516839903205
50390.516839903205
50390.516839903205
50390.516839903205
50390.516839903205
50390.516839903205
50390.516839903205
50390.516839903205
50390.516839903205
50390.516839903205
50390.516839903205
50390.516839903205
50390.516839903205
50390.516839903205
50390.516839903205
50390.516839903205
50390.516839903205
50390.516839903205
50390.516839903205
50390.516839903205
50390.516839903205
50390.516839903205
50390.516839903205
50390.516839903205
50390.516839903205
50390.516839903205
50390.516839903205
50390.516839903205
50390.516839903205
50390.516839903205
50390.516839903205
50390.516839903205
50390.516839903205
50390.516839903205
50390.516839903205
50390.516839903205
50390.516839903205
50390.516839903205
50390.516839903205
50390.516839903205
50390.516839903205
50390.516839903205
50390.516839903205
50390.516839903205
50390.516839903205
50390.516839903205
50390.516839903205
50390.516839903205
49599.822043776134
49599.822043776134
49599.822043776134
49599.822043776134
49599.822043776134
49599.822043776134
49599.822043776134
49599.822043776134
49599.822043776134
49599.822043776134
49599.822043776134
48019.8384227142
48019.8384227142
48019.8384227142
48019.8384227142
48019.8384227142
48019.8384227142
48019.8384227142
48019.8384227142
48019.8384227142
48019.8384227142
48019.8384227142
48019.8384227142
48019.8384227142
48019.8384227142
48019.8384227142
48019.8384227142
48019.8384227142
48019.8384227142
48019.8384227142
46557.49424936426
46557.49424936426
46557.49424936426
46557.49424936426
46557.49424936426
46557.49424936426
46557.49424936426
46557.49424936426
46557.49424936426
46557.49424936426
46557.49424936426
46557.49424936426
46557.49424936426
46557.49424936426
46557.49424936426
46557.49424936426
46557.49424936426
46557.49424936426
46557.49424936426
46557.49424936426
46557.49424936426
46557.49424936426
46557.49424936426
46557.49424936426
46557.49424936426
46557.49424936426
46557.49424936426
46557.49424936426
46557.49424936426
46557.49424936426
46557.49424936426
46557.49424936426
46557.49424936426
46557.49424936426
46557.49424936426
46557.49424936426
46557.49424936426
46557.49424936426
46557.49424936426
46557.49424936426
46557.49424936426
46557.49424936426
46557.49424936426
46557.49424936426
46557.49424936426
46557.49424936426
46557.49424936426
46557.49424936426
46557.49424936426
46557.49424936426
46557.49424936426
46557.49424936426
46557.49424936426
46557.49424936426
46557.49424936426
46557.49424936426
46557.49424936426
46557.49424936426
46557.49424936426
46557.49424936426
46557.49424936426
46557.49424936426
46557.49424936426
46557.49424936426
45502.16785364483
45502.16785364483
45502.16785364483
45502.16785364483
45502.16785364483
45502.16785364483
45502.16785364483
45502.16785364483
45502.16785364483
45502.16785364483
45502.16785364483
45502.16785364483
45502.16785364483
45502.16785364483
45502.16785364483
45502.16785364483
45502.16785364483
45211.89082092293
45211.89082092293
45211.89082092293
45211.89082092293
45211.89082092293
45211.89082092293
45211.89082092293
45211.89082092293
45211.89082092293
44548.91501425705
44548.91501425705
44548.91501425705
44548.91501425705
44548.91501425705
44548.91501425705
44548.91501425705
44548.91501425705
44548.91501425705
44548.91501425705
44548.91501425705
44548.91501425705
44548.91501425705
44548.91501425705
44548.91501425705
44548.91501425705
44548.91501425705
44548.91501425705
44548.91501425705
44548.91501425705
44548.91501425705
44548.91501425705
44548.91501425705
44548.91501425705
44548.91501425705
44548.91501425705
44548.91501425705
44548.91501425705
44548.91501425705
44548.91501425705
44548.91501425705
44548.91501425705
44548.91501425705
44548.91501425705
44548.91501425705
44548.91501425705
44548.91501425705
44548.91501425705
44548.91501425705
44548.91501425705
44548.91501425705
44548.91501425705
44548.91501425705
44548.91501425705
44548.91501425705
44548.91501425705
44548.91501425705
44548.91501425705
44548.91501425705
44548.91501425705
44548.91501425705
44548.91501425705
44548.91501425705
44548.91501425705
44548.91501425705
44548.91501425705
44548.91501425705
44548.91501425705
44548.91501425705
44548.91501425705
44548.91501425705
44548.91501425705
44548.91501425705
44548.91501425705
44548.91501425705
44548.91501425705
44548.91501425705
44548.91501425705
44548.91501425705
44548.91501425705
44548.91501425705
44548.91501425705
44548.91501425705
44548.91501425705
44548.91501425705
44548.91501425705
44548.91501425705
44548.91501425705
44548.91501425705
44548.91501425705
44548.91501425705
44548.91501425705
44548.91501425705
44548.91501425705
44548.91501425705
44548.91501425705
44548.91501425705
44548.91501425705
44548.91501425705
44548.91501425705
44548.91501425705
44548.91501425705
44548.91501425705
44548.91501425705
44548.91501425705
44548.91501425705
44548.91501425705
44548.91501425705
44548.91501425705
44548.91501425705
44431.53287048165
44431.53287048165
44431.53287048165
44431.53287048165
44431.53287048165
44431.53287048165
44431.53287048165
44431.53287048165
44431.53287048165
44431.53287048165
44431.53287048165
44222.59782836371
44222.59782836371
44222.59782836371
44222.59782836371
44222.59782836371
44222.59782836371
41714.99199756588
41714.99199756588
41714.99199756588
41714.99199756588
41714.99199756588
41714.99199756588
41714.99199756588
41714.99199756588
41714.99199756588
41714.99199756588
41714.99199756588
41714.99199756588
41714.99199756588
41714.99199756588
41714.99199756588
41714.99199756588
41714.99199756588
41714.99199756588
41714.99199756588
41714.99199756588
41714.99199756588
41714.99199756588
41714.99199756588
41714.99199756588
41714.99199756588
41714.99199756588
41714.99199756588
41714.99199756588
41714.99199756588
41714.99199756588
41714.99199756588
41714.99199756588
41714.99199756588
41714.99199756588
41714.99199756588
41714.99199756588
41714.99199756588
41714.99199756588
41714.99199756588
41714.99199756588
41714.99199756588
41714.99199756588
41714.99199756588
41714.99199756588
41714.99199756588
41714.99199756588
41714.99199756588
41714.99199756588
41714.99199756588
41714.99199756588
41714.99199756588
41714.99199756588
41714.99199756588
41714.99199756588
41714.99199756588
41714.99199756588
41714.99199756588
41714.99199756588
41714.99199756588
41714.99199756588
41714.99199756588
41714.99199756588
41714.99199756588
41714.99199756588
41714.99199756588
41714.99199756588
41714.99199756588
41714.99199756588
41714.99199756588
41714.99199756588
41714.99199756588
41714.99199756588
41714.99199756588
41714.99199756588
41714.99199756588
41714.99199756588
41714.99199756588
41714.99199756588
41714.99199756588
41714.99199756588
41714.99199756588
41714.99199756588
41714.99199756588
41714.99199756588
41714.99199756588
41714.99199756588
41714.99199756588
41714.99199756588
41714.99199756588
41714.99199756588
41714.99199756588
41714.99199756588
41714.99199756588
41714.99199756588
41714.99199756588
41714.99199756588
41714.99199756588
41714.99199756588
41714.99199756588
41714.99199756588
41714.99199756588
41714.99199756588
41714.99199756588
41714.99199756588
41714.99199756588
Time: 445.9001262187958 seconds 
Best solution: 41714.99199756588 [7, 3, 9, 8, 10, 11, 34, 13, 4, 5, 14, 25, 26, 40, 62, 64, 105, 56, 45, 104, 55, 49, 48, 52, 58, 54, 12, 31, 27, 22, 36, 18, 24, 103, 21, 15, 29, 32, 30, 33, 28, 37, 20, 17, 38, 35, 51, 44, 42, 53, 57, 60, 70, 50, 59, 73, 83, 76, 80, 98, 71, 67, 78, 68, 82, 86, 75, 81, 66, 101, 91, 77, 69, 65, 90, 93, 88, 95, 84, 61, 87, 85, 63, 92, 99, 72, 96, 74, 89, 100, 102, 94, 79, 97, 43, 39, 46, 47, 41, 23, 19, 16, 1, 2, 6]
Avg solution: 57568.557604572554