Alg:2, Run: 6, file: C:\Users\gabri\Documents\AN 3 SEM 2\AI\Lab\Lab3\\lin105.tsp, population number: 10000, generations: 1000 
98707.0612164183
94344.25614563658
94344.25614563658
94344.25614563658
94344.25614563658
94344.25614563658
94344.25614563658
94344.25614563658
93124.21222897168
93124.21222897168
93124.21222897168
93124.21222897168
92974.75916485387
92974.75916485387
92974.75916485387
92974.75916485387
92974.75916485387
92974.75916485387
92974.75916485387
92974.75916485387
92974.75916485387
92974.75916485387
92974.75916485387
92974.75916485387
92974.75916485387
92974.75916485387
92974.75916485387
90463.44582088261
90463.44582088261
90463.44582088261
90463.44582088261
90463.44582088261
90463.44582088261
90463.44582088261
89587.94822172936
89587.94822172936
89587.94822172936
89587.94822172936
89587.94822172936
89587.94822172936
89587.94822172936
89477.39721402187
89477.39721402187
89477.39721402187
88845.40557291977
87813.8899857389
87813.8899857389
87813.8899857389
87813.8899857389
87423.24660593347
87423.24660593347
80815.78140060467
80815.78140060467
80815.78140060467
80815.78140060467
80815.78140060467
80815.78140060467
80815.78140060467
80815.78140060467
80815.78140060467
80815.78140060467
80815.78140060467
80815.78140060467
80815.78140060467
80815.78140060467
80815.78140060467
80815.78140060467
80815.78140060467
80815.78140060467
80815.78140060467
80815.78140060467
80815.78140060467
80815.78140060467
80815.78140060467
80815.78140060467
80815.78140060467
80815.78140060467
80815.78140060467
80815.78140060467
80815.78140060467
80815.78140060467
80815.78140060467
80815.78140060467
79479.49205863553
79479.49205863553
79479.49205863553
79479.49205863553
79479.49205863553
79479.49205863553
79479.49205863553
79479.49205863553
79479.49205863553
79479.49205863553
79479.49205863553
79479.49205863553
79479.49205863553
79479.49205863553
79479.49205863553
79479.49205863553
79479.49205863553
79479.49205863553
79479.49205863553
79479.49205863553
79479.49205863553
77010.841560903
77010.841560903
77010.841560903
77010.841560903
77010.841560903
77010.841560903
77010.841560903
77010.841560903
77010.841560903
77010.841560903
77010.841560903
77010.841560903
77010.841560903
77010.841560903
77010.841560903
77010.841560903
77010.841560903
77010.841560903
77010.841560903
77010.841560903
77010.841560903
77010.841560903
77010.841560903
74954.24824904458
74954.24824904458
74954.24824904458
74954.24824904458
74954.24824904458
74954.24824904458
74954.24824904458
74182.5865327355
74182.5865327355
74182.5865327355
74182.5865327355
74182.5865327355
74182.5865327355
74182.5865327355
74182.5865327355
74182.5865327355
74182.5865327355
74182.5865327355
74182.5865327355
74182.5865327355
74182.5865327355
74182.5865327355
74182.5865327355
74182.5865327355
74182.5865327355
74182.5865327355
74182.5865327355
74182.5865327355
74182.5865327355
74182.5865327355
74182.5865327355
74182.5865327355
74182.5865327355
74182.5865327355
74182.5865327355
74182.5865327355
74182.5865327355
74182.5865327355
74182.5865327355
74018.71868896509
74018.71868896509
74018.71868896509
74018.71868896509
74018.71868896509
72468.36011260908
72468.36011260908
72468.36011260908
72468.36011260908
72468.36011260908
72468.36011260908
72468.36011260908
72468.36011260908
72468.36011260908
72419.4524290532
71342.46462861396
71342.46462861396
71342.46462861396
71342.46462861396
71342.46462861396
69987.84774494437
69987.84774494437
69987.84774494437
69987.84774494437
69987.84774494437
69987.84774494437
69987.84774494437
69987.84774494437
69987.84774494437
69987.84774494437
69987.84774494437
69987.84774494437
69987.84774494437
69987.84774494437
69987.84774494437
69987.84774494437
69987.84774494437
69987.84774494437
69987.84774494437
69987.84774494437
69987.84774494437
68694.13164703104
68694.13164703104
68694.13164703104
68694.13164703104
68694.13164703104
68694.13164703104
68694.13164703104
68694.13164703104
68694.13164703104
68694.13164703104
68694.13164703104
68694.13164703104
68541.90685258532
68541.90685258532
68541.90685258532
68541.90685258532
68541.90685258532
68541.90685258532
68541.90685258532
68541.90685258532
68541.90685258532
68541.90685258532
68178.09548868076
68178.09548868076
68178.09548868076
68178.09548868076
68178.09548868076
68178.09548868076
68178.09548868076
68178.09548868076
68178.09548868076
68178.09548868076
68178.09548868076
68178.09548868076
68178.09548868076
68178.09548868076
68178.09548868076
68178.09548868076
67798.44838070626
67720.6517589176
67720.6517589176
67720.6517589176
67720.6517589176
67720.6517589176
67720.6517589176
67720.6517589176
67720.6517589176
67720.6517589176
67720.6517589176
66574.83636974327
66574.83636974327
66574.83636974327
66574.83636974327
66574.83636974327
66574.83636974327
66574.83636974327
66574.83636974327
66574.83636974327
66574.83636974327
66574.83636974327
66574.83636974327
66574.83636974327
65919.87828469842
65919.87828469842
65919.87828469842
65919.87828469842
65919.87828469842
65919.87828469842
65919.87828469842
65919.87828469842
65919.87828469842
65919.87828469842
65919.87828469842
65919.87828469842
64826.30691475079
64826.30691475079
64826.30691475079
64826.30691475079
64826.30691475079
62849.28521211283
62849.28521211283
62849.28521211283
62849.28521211283
62849.28521211283
62849.28521211283
62849.28521211283
62849.28521211283
62849.28521211283
62849.28521211283
62849.28521211283
62849.28521211283
62849.28521211283
62849.28521211283
62849.28521211283
62849.28521211283
62849.28521211283
62849.28521211283
62849.28521211283
62849.28521211283
62849.28521211283
62849.28521211283
62849.28521211283
62849.28521211283
62849.28521211283
62849.28521211283
62849.28521211283
62849.28521211283
62849.28521211283
60666.12037642437
60666.12037642437
60666.12037642437
60666.12037642437
60666.12037642437
60666.12037642437
60666.12037642437
60666.12037642437
60666.12037642437
60666.12037642437
60666.12037642437
60666.12037642437
60666.12037642437
60666.12037642437
60666.12037642437
60666.12037642437
60666.12037642437
60666.12037642437
60666.12037642437
60666.12037642437
60666.12037642437
60666.12037642437
60666.12037642437
60666.12037642437
60666.12037642437
60666.12037642437
60666.12037642437
60666.12037642437
60666.12037642437
60666.12037642437
60666.12037642437
60666.12037642437
60666.12037642437
60666.12037642437
60666.12037642437
60666.12037642437
60666.12037642437
60666.12037642437
60666.12037642437
60666.12037642437
60666.12037642437
60666.12037642437
60666.12037642437
60666.12037642437
60666.12037642437
60666.12037642437
60666.12037642437
60666.12037642437
60666.12037642437
60666.12037642437
60666.12037642437
60666.12037642437
60666.12037642437
60666.12037642437
60666.12037642437
60666.12037642437
60666.12037642437
60666.12037642437
60666.12037642437
60666.12037642437
60666.12037642437
60666.12037642437
60666.12037642437
60666.12037642437
60480.16857082896
60480.16857082896
60480.16857082896
60480.16857082896
60480.16857082896
60480.16857082896
60480.16857082896
60334.68863327016
60334.68863327016
60334.68863327016
60334.68863327016
60334.68863327016
60334.68863327016
60334.68863327016
60334.68863327016
60334.68863327016
59771.13886233722
59771.13886233722
59771.13886233722
59771.13886233722
59771.13886233722
59771.13886233722
59771.13886233722
59771.13886233722
59771.13886233722
58955.68846819999
58955.68846819999
58677.174482520095
58677.174482520095
55323.85768097882
55323.85768097882
55323.85768097882
55323.85768097882
55323.85768097882
55323.85768097882
55323.85768097882
55323.85768097882
55323.85768097882
55323.85768097882
55323.85768097882
55323.85768097882
55323.85768097882
55323.85768097882
55323.85768097882
55323.85768097882
55323.85768097882
55323.85768097882
55323.85768097882
55323.85768097882
55323.85768097882
55323.85768097882
55323.85768097882
55323.85768097882
55323.85768097882
55323.85768097882
55323.85768097882
55323.85768097882
55323.85768097882
55323.85768097882
55323.85768097882
55323.85768097882
55323.85768097882
55323.85768097882
55323.85768097882
55323.85768097882
55323.85768097882
55323.85768097882
55323.85768097882
55323.85768097882
55323.85768097882
55323.85768097882
55323.85768097882
55323.85768097882
55323.85768097882
55323.85768097882
55323.85768097882
55323.85768097882
55323.85768097882
55323.85768097882
55323.85768097882
55323.85768097882
55323.85768097882
55323.85768097882
55323.85768097882
55323.85768097882
55323.85768097882
55323.85768097882
55323.85768097882
55323.85768097882
55323.85768097882
55323.85768097882
55323.85768097882
55263.07670867546
55263.07670867546
55263.07670867546
55263.07670867546
55263.07670867546
55263.07670867546
55263.07670867546
55263.07670867546
55263.07670867546
55263.07670867546
55263.07670867546
55263.07670867546
55263.07670867546
55263.07670867546
55263.07670867546
55263.07670867546
55263.07670867546
55263.07670867546
55263.07670867546
55263.07670867546
55130.03681781159
55130.03681781159
55130.03681781159
55130.03681781159
55130.03681781159
55130.03681781159
54700.31171588421
54700.31171588421
53942.121787048294
53942.121787048294
53942.121787048294
53942.121787048294
53942.121787048294
53942.121787048294
53942.121787048294
53942.121787048294
53942.121787048294
53942.121787048294
53942.121787048294
53942.121787048294
53942.121787048294
53942.121787048294
53942.121787048294
53942.121787048294
53942.121787048294
53942.121787048294
53942.121787048294
53942.121787048294
53942.121787048294
53942.121787048294
53942.121787048294
53942.121787048294
53942.121787048294
53942.121787048294
50866.352445756376
50866.352445756376
50866.352445756376
50866.352445756376
50866.352445756376
50866.352445756376
50866.352445756376
50866.352445756376
50866.352445756376
50866.352445756376
50866.352445756376
50866.352445756376
50866.352445756376
50866.352445756376
50866.352445756376
50866.352445756376
50866.352445756376
50866.352445756376
50866.352445756376
50866.352445756376
50866.352445756376
50866.352445756376
50866.352445756376
50866.352445756376
50866.352445756376
50866.352445756376
50866.352445756376
50866.352445756376
50866.352445756376
50866.352445756376
50866.352445756376
50866.352445756376
50866.352445756376
50866.352445756376
50866.352445756376
50866.352445756376
50866.352445756376
50866.352445756376
50866.352445756376
50866.352445756376
50866.352445756376
50866.352445756376
50866.352445756376
50866.352445756376
50866.352445756376
50866.352445756376
50866.352445756376
50866.352445756376
50866.352445756376
50057.39317134788
50057.39317134788
50057.39317134788
50057.39317134788
50057.39317134788
50057.39317134788
50057.39317134788
50057.39317134788
50057.39317134788
50057.39317134788
50057.39317134788
50057.39317134788
50057.39317134788
50057.39317134788
50057.39317134788
50057.39317134788
50057.39317134788
50057.39317134788
50057.39317134788
50057.39317134788
50057.39317134788
50057.39317134788
50057.39317134788
50057.39317134788
50057.39317134788
50057.39317134788
50057.39317134788
50057.39317134788
50057.39317134788
49923.93377046378
49923.93377046378
49923.93377046378
49923.93377046378
49923.93377046378
49923.93377046378
49923.93377046378
49923.93377046378
48913.38043329385
48913.38043329385
48913.38043329385
48913.38043329385
48913.38043329385
48913.38043329385
48913.38043329385
48913.38043329385
48913.38043329385
48913.38043329385
48913.38043329385
48913.38043329385
48913.38043329385
48913.38043329385
48913.38043329385
48584.64463929076
48584.64463929076
48584.64463929076
48584.64463929076
48584.64463929076
48584.64463929076
48584.64463929076
48584.64463929076
48584.64463929076
48584.64463929076
48584.64463929076
48584.64463929076
48584.64463929076
48584.64463929076
48584.64463929076
48584.64463929076
48584.64463929076
48584.64463929076
48584.64463929076
48584.64463929076
48584.64463929076
48584.64463929076
48584.64463929076
48584.64463929076
48584.64463929076
48584.64463929076
48584.64463929076
48584.64463929076
46573.894939036836
46573.894939036836
46573.894939036836
46573.894939036836
46573.894939036836
46573.894939036836
46573.894939036836
46573.894939036836
46573.894939036836
46573.894939036836
46573.894939036836
46573.894939036836
46573.894939036836
46573.894939036836
46573.894939036836
46573.894939036836
46573.894939036836
46573.894939036836
46573.894939036836
46573.894939036836
46573.894939036836
46573.894939036836
46573.894939036836
46573.894939036836
46573.894939036836
46573.894939036836
46573.894939036836
46573.894939036836
46573.894939036836
46573.894939036836
46573.894939036836
46573.894939036836
46573.894939036836
46573.894939036836
46573.894939036836
46573.894939036836
46573.894939036836
46573.894939036836
46573.894939036836
46573.894939036836
46573.894939036836
46573.894939036836
45721.91444258449
45721.91444258449
45721.91444258449
45721.91444258449
45721.91444258449
45721.91444258449
45721.91444258449
45721.91444258449
45238.55651802239
45238.55651802239
45238.55651802239
45238.55651802239
45238.55651802239
45238.55651802239
45238.55651802239
45238.55651802239
45238.55651802239
45238.55651802239
45238.55651802239
45238.55651802239
45238.55651802239
45238.55651802239
45238.55651802239
45238.55651802239
45238.55651802239
45238.55651802239
45238.55651802239
45238.55651802239
45238.55651802239
45238.55651802239
45238.55651802239
45238.55651802239
45238.55651802239
45238.55651802239
45238.55651802239
45238.55651802239
45238.55651802239
45238.55651802239
45165.340079390306
45165.340079390306
45165.340079390306
45165.340079390306
45165.340079390306
45165.340079390306
45165.340079390306
45165.340079390306
45165.340079390306
45165.340079390306
45165.340079390306
45165.340079390306
44222.73102501515
44222.73102501515
44222.73102501515
44168.96512412438
44133.484316334536
44133.484316334536
44133.484316334536
44133.484316334536
44133.484316334536
44133.484316334536
44133.484316334536
44133.484316334536
44133.484316334536
44133.484316334536
44133.484316334536
44133.484316334536
44133.484316334536
44133.484316334536
44133.484316334536
44133.484316334536
44133.484316334536
44133.484316334536
44133.484316334536
44133.484316334536
44133.484316334536
44133.484316334536
44133.484316334536
44133.484316334536
44133.484316334536
44133.484316334536
44133.484316334536
44133.484316334536
44133.484316334536
44133.484316334536
44133.484316334536
44133.484316334536
44133.484316334536
44133.484316334536
44133.484316334536
44133.484316334536
44133.484316334536
44133.484316334536
44133.484316334536
44133.484316334536
44133.484316334536
44133.484316334536
44133.484316334536
44133.484316334536
44133.484316334536
44133.484316334536
44133.484316334536
44133.484316334536
44133.484316334536
44133.484316334536
44133.484316334536
44133.484316334536
43983.23664597862
43983.23664597862
43983.23664597862
43983.23664597862
43983.23664597862
43983.23664597862
43467.60497388561
43467.60497388561
43467.60497388561
43467.60497388561
43467.60497388561
43467.60497388561
43467.60497388561
43467.60497388561
43467.60497388561
43467.60497388561
43467.60497388561
43467.60497388561
43467.60497388561
43467.60497388561
43467.60497388561
43467.60497388561
43467.60497388561
40300.29351254425
40300.29351254425
40300.29351254425
40300.29351254425
40300.29351254425
40300.29351254425
40300.29351254425
40300.29351254425
40300.29351254425
40300.29351254425
40300.29351254425
40300.29351254425
40300.29351254425
40300.29351254425
40300.29351254425
40300.29351254425
40300.29351254425
40300.29351254425
40300.29351254425
40300.29351254425
40300.29351254425
40300.29351254425
40300.29351254425
40300.29351254425
40300.29351254425
40300.29351254425
40300.29351254425
40300.29351254425
40300.29351254425
40300.29351254425
40300.29351254425
40300.29351254425
40300.29351254425
40300.29351254425
40300.29351254425
40300.29351254425
40300.29351254425
40300.29351254425
40300.29351254425
40300.29351254425
40300.29351254425
40300.29351254425
40300.29351254425
40300.29351254425
40300.29351254425
40300.29351254425
40300.29351254425
40300.29351254425
40300.29351254425
40300.29351254425
40300.29351254425
40300.29351254425
40300.29351254425
40300.29351254425
40300.29351254425
40300.29351254425
40300.29351254425
40300.29351254425
40300.29351254425
40300.29351254425
40300.29351254425
40300.29351254425
40300.29351254425
40300.29351254425
40300.29351254425
40300.29351254425
40300.29351254425
40300.29351254425
40300.29351254425
40300.29351254425
40300.29351254425
40300.29351254425
40300.29351254425
40300.29351254425
40300.29351254425
40300.29351254425
40300.29351254425
40300.29351254425
40300.29351254425
40300.29351254425
40300.29351254425
40300.29351254425
40300.29351254425
40300.29351254425
40300.29351254425
40071.287328062885
40071.287328062885
40071.287328062885
40071.287328062885
40071.287328062885
40071.287328062885
40071.287328062885
40071.287328062885
40071.287328062885
40071.287328062885
40071.287328062885
40071.287328062885
40071.287328062885
40071.287328062885
40071.287328062885
40071.287328062885
40071.287328062885
40071.287328062885
40071.287328062885
40071.287328062885
40071.287328062885
40071.287328062885
40071.287328062885
40071.287328062885
40071.287328062885
40071.287328062885
40071.287328062885
40071.287328062885
40071.287328062885
40071.287328062885
40071.287328062885
40071.287328062885
40071.287328062885
40071.287328062885
40071.287328062885
40071.287328062885
40014.83752804757
40014.83752804757
40014.83752804757
40014.83752804757
40014.83752804757
40014.83752804757
38733.62955604591
38733.62955604591
38733.62955604591
38733.62955604591
38733.62955604591
38733.62955604591
38733.62955604591
38733.62955604591
38733.62955604591
38733.62955604591
38733.62955604591
38733.62955604591
38733.62955604591
38733.62955604591
38733.62955604591
38733.62955604591
38733.62955604591
38733.62955604591
38733.62955604591
38114.10034980479
38114.10034980479
38114.10034980479
38114.10034980479
38114.10034980479
38114.10034980479
38114.10034980479
38114.10034980479
38114.10034980479
38114.10034980479
38114.10034980479
38114.10034980479
38114.10034980479
38114.10034980479
38114.10034980479
38114.10034980479
38114.10034980479
38114.10034980479
38114.10034980479
38114.10034980479
38114.10034980479
38114.10034980479
38114.10034980479
38114.10034980479
38114.10034980479
38114.10034980479
38114.10034980479
38114.10034980479
38114.10034980479
Time: 446.4172582626343 seconds 
Best solution: 38114.10034980479 [55, 53, 52, 54, 50, 46, 86, 68, 82, 85, 78, 93, 99, 98, 97, 101, 102, 96, 83, 91, 92, 63, 59, 44, 75, 80, 64, 67, 72, 73, 18, 84, 12, 33, 17, 89, 14, 7, 26, 51, 36, 34, 104, 69, 19, 77, 105, 24, 4, 3, 25, 56, 9, 38, 21, 2, 35, 103, 81, 95, 60, 8, 1, 100, 23, 74, 65, 22, 62, 70, 87, 90, 49, 29, 13, 31, 41, 15, 10, 5, 30, 94, 16, 66, 32, 79, 76, 61, 6, 11, 20, 71, 88, 27, 57, 28, 39, 43, 48, 47, 40, 42, 37, 45, 58]
Avg solution: 56803.185923244746