Alg:2, Run: 2, file: C:\Users\gabri\Documents\AN 3 SEM 2\AI\Lab\Lab3\\lin105.tsp, population number: 10000, generations: 1000 
101671.09779222487
100018.93101846476
100018.93101846476
100018.93101846476
99989.4585271169
96692.41748132641
96439.41380258893
96439.41380258893
96439.41380258893
96325.29355201691
96325.29355201691
95528.66142386799
94338.09191695321
94338.09191695321
94338.09191695321
94338.09191695321
93917.40692899206
92539.99043190732
92539.99043190732
92539.99043190732
92539.99043190732
92539.99043190732
89531.79635858462
89531.79635858462
89531.79635858462
88364.57386445264
88364.57386445264
88364.57386445264
88364.57386445264
88364.57386445264
88364.57386445264
88364.57386445264
88364.57386445264
88364.57386445264
88364.57386445264
88364.57386445264
88364.57386445264
88364.57386445264
88364.57386445264
88364.57386445264
87260.32392549585
87260.32392549585
87260.32392549585
86429.68536448925
84846.71361526061
84846.71361526061
84846.71361526061
84846.71361526061
84846.71361526061
84846.71361526061
84846.71361526061
84846.71361526061
84846.71361526061
84846.71361526061
84846.71361526061
84846.71361526061
84846.71361526061
84257.13921252264
84257.13921252264
84257.13921252264
84257.13921252264
78956.1960381507
78956.1960381507
78956.1960381507
78956.1960381507
78956.1960381507
78956.1960381507
78956.1960381507
78956.1960381507
78956.1960381507
78956.1960381507
78956.1960381507
78956.1960381507
78956.1960381507
78956.1960381507
78956.1960381507
78956.1960381507
78956.1960381507
78956.1960381507
78956.1960381507
78956.1960381507
78956.1960381507
76919.94918099181
76919.94918099181
76919.94918099181
76919.94918099181
76919.94918099181
76919.94918099181
76919.94918099181
76919.94918099181
76919.94918099181
76919.94918099181
76919.94918099181
76919.94918099181
76919.94918099181
76919.94918099181
76919.94918099181
76919.94918099181
76919.94918099181
76919.94918099181
76919.94918099181
76919.94918099181
76919.94918099181
76919.94918099181
76919.94918099181
76919.94918099181
76919.94918099181
76919.94918099181
76919.94918099181
76919.94918099181
76919.94918099181
76919.94918099181
76919.94918099181
76919.94918099181
76798.4641733793
76798.4641733793
76798.4641733793
76798.4641733793
76798.4641733793
76798.4641733793
76798.4641733793
76798.4641733793
76798.4641733793
76798.4641733793
75299.31266089327
75299.31266089327
75299.31266089327
75299.31266089327
75299.31266089327
75299.31266089327
75299.31266089327
75299.31266089327
75299.31266089327
75299.31266089327
74830.49344817287
74830.49344817287
74830.49344817287
74830.49344817287
74830.49344817287
74830.49344817287
74830.49344817287
74830.49344817287
74830.49344817287
74830.49344817287
74830.49344817287
74830.49344817287
74830.49344817287
74830.49344817287
74374.49888273583
74374.49888273583
74374.49888273583
74374.49888273583
74374.49888273583
74374.49888273583
74374.49888273583
74374.49888273583
74374.49888273583
74374.49888273583
74374.49888273583
74374.49888273583
74374.49888273583
74374.49888273583
74374.49888273583
73706.40640702168
73706.40640702168
73706.40640702168
73706.40640702168
73706.40640702168
73706.40640702168
73706.40640702168
73706.40640702168
73706.40640702168
73706.40640702168
73706.40640702168
73706.40640702168
71479.32717135428
71479.32717135428
71479.32717135428
71479.32717135428
71479.32717135428
71466.15181885705
71466.15181885705
71466.15181885705
69462.24454770249
69462.24454770249
69462.24454770249
69462.24454770249
69462.24454770249
69462.24454770249
69462.24454770249
69462.24454770249
69462.24454770249
69462.24454770249
69462.24454770249
69462.24454770249
69462.24454770249
69462.24454770249
69462.24454770249
69462.24454770249
69462.24454770249
69462.24454770249
69462.24454770249
69462.24454770249
69462.24454770249
69377.91675272136
69377.91675272136
69377.91675272136
69377.91675272136
69377.91675272136
69377.91675272136
69377.91675272136
69377.91675272136
69377.91675272136
69377.91675272136
69377.91675272136
69377.91675272136
69377.91675272136
69377.91675272136
69377.91675272136
69377.91675272136
69377.91675272136
69377.91675272136
69377.91675272136
69377.91675272136
69377.91675272136
69377.91675272136
69377.91675272136
69377.91675272136
69377.91675272136
69377.91675272136
69377.91675272136
69377.91675272136
69377.91675272136
69377.91675272136
68332.74816689722
68332.74816689722
65226.835550545366
65226.835550545366
65226.835550545366
65226.835550545366
65226.835550545366
65226.835550545366
65226.835550545366
65226.835550545366
65226.835550545366
65226.835550545366
65226.835550545366
65226.835550545366
65226.835550545366
65226.835550545366
65226.835550545366
65226.835550545366
65226.835550545366
65226.835550545366
65226.835550545366
65226.835550545366
65226.835550545366
65226.835550545366
65226.835550545366
65226.835550545366
65226.835550545366
65226.835550545366
65226.835550545366
65226.835550545366
65226.835550545366
65226.835550545366
65226.835550545366
65226.835550545366
65226.835550545366
65226.835550545366
65226.835550545366
65226.835550545366
65226.835550545366
65226.835550545366
65226.835550545366
65226.835550545366
65226.835550545366
65226.835550545366
65226.835550545366
65226.835550545366
65226.835550545366
65226.835550545366
65226.835550545366
65226.835550545366
65226.835550545366
65226.835550545366
65226.835550545366
65226.835550545366
65226.835550545366
65226.835550545366
65226.835550545366
65226.835550545366
65226.835550545366
65226.835550545366
64618.77164879871
64618.77164879871
64435.126739377076
64435.126739377076
64435.126739377076
64435.126739377076
64435.126739377076
64435.126739377076
64435.126739377076
64435.126739377076
64435.126739377076
64435.126739377076
64435.126739377076
64435.126739377076
64435.126739377076
64435.126739377076
64435.126739377076
64435.126739377076
62763.88080670032
62763.88080670032
62763.88080670032
62763.88080670032
62763.88080670032
62763.88080670032
62763.88080670032
62763.88080670032
62763.88080670032
62763.88080670032
62763.88080670032
62497.66503980316
62497.66503980316
62497.66503980316
62497.66503980316
62497.66503980316
62497.66503980316
62497.66503980316
62497.66503980316
62497.66503980316
62497.66503980316
62497.66503980316
62497.66503980316
62497.66503980316
62497.66503980316
62497.66503980316
62497.66503980316
62497.66503980316
62497.66503980316
62497.66503980316
62497.66503980316
62497.66503980316
62497.66503980316
62497.66503980316
62497.66503980316
62497.66503980316
60546.48321217025
60546.48321217025
60546.48321217025
60546.48321217025
60546.48321217025
60546.48321217025
60546.48321217025
60546.48321217025
60546.48321217025
60546.48321217025
60546.48321217025
60546.48321217025
60546.48321217025
60546.48321217025
60546.48321217025
60546.48321217025
60546.48321217025
60546.48321217025
60546.48321217025
60546.48321217025
60546.48321217025
60546.48321217025
60546.48321217025
60546.48321217025
60546.48321217025
60546.48321217025
60546.48321217025
60546.48321217025
60546.48321217025
60546.48321217025
60546.48321217025
60546.48321217025
60546.48321217025
60546.48321217025
60546.48321217025
60546.48321217025
60546.48321217025
60546.48321217025
60546.48321217025
60443.09165629213
60443.09165629213
60443.09165629213
60443.09165629213
60443.09165629213
60443.09165629213
60443.09165629213
58191.76005704045
58191.76005704045
58191.76005704045
58191.76005704045
58191.76005704045
58191.76005704045
58191.76005704045
58191.76005704045
58191.76005704045
58191.76005704045
58191.76005704045
58191.76005704045
58191.76005704045
58191.76005704045
58191.76005704045
58191.76005704045
58191.76005704045
58191.76005704045
58191.76005704045
58191.76005704045
58191.76005704045
58191.76005704045
58191.76005704045
58191.76005704045
58191.76005704045
58191.76005704045
58191.76005704045
58191.76005704045
58191.76005704045
58191.76005704045
58191.76005704045
58191.76005704045
58191.76005704045
58191.76005704045
58191.76005704045
58191.76005704045
58191.76005704045
57955.99444672985
57955.99444672985
57955.99444672985
57955.99444672985
57955.99444672985
57955.99444672985
57955.99444672985
57955.99444672985
57955.99444672985
57955.99444672985
57955.99444672985
57955.99444672985
57955.99444672985
57955.99444672985
57955.99444672985
57955.99444672985
57955.99444672985
57955.99444672985
57955.99444672985
57955.99444672985
57955.99444672985
57955.99444672985
57955.99444672985
57955.99444672985
57786.765073213246
57786.765073213246
57786.765073213246
57786.765073213246
57786.765073213246
57786.765073213246
57786.765073213246
57786.765073213246
57786.765073213246
57786.765073213246
57786.765073213246
57786.765073213246
57786.765073213246
57786.765073213246
57786.765073213246
57786.765073213246
57786.765073213246
57786.765073213246
57786.765073213246
57786.765073213246
57786.765073213246
57786.765073213246
56431.181145730516
56431.181145730516
56431.181145730516
56431.181145730516
56431.181145730516
56431.181145730516
56431.181145730516
55781.319485867854
55781.319485867854
55781.319485867854
55781.319485867854
55781.319485867854
55781.319485867854
55781.319485867854
55781.319485867854
55781.319485867854
55781.319485867854
55781.319485867854
55781.319485867854
55781.319485867854
55781.319485867854
55781.319485867854
55781.319485867854
55781.319485867854
55781.319485867854
55781.319485867854
55781.319485867854
55781.319485867854
55781.319485867854
55781.319485867854
55781.319485867854
55656.78104997951
55571.507946696926
55571.507946696926
55571.507946696926
55571.507946696926
55571.507946696926
55571.507946696926
55571.507946696926
55571.507946696926
55571.507946696926
55571.507946696926
55571.507946696926
55571.507946696926
55571.507946696926
55571.507946696926
55571.507946696926
55571.507946696926
55571.507946696926
55571.507946696926
55571.507946696926
55571.507946696926
55571.507946696926
55571.507946696926
55571.507946696926
55571.507946696926
55571.507946696926
55571.507946696926
55571.507946696926
55571.507946696926
54785.21061360989
54785.21061360989
54785.21061360989
54785.21061360989
54785.21061360989
54785.21061360989
54785.21061360989
54785.21061360989
54785.21061360989
54785.21061360989
54785.21061360989
54721.979438779446
54721.979438779446
54721.979438779446
54721.979438779446
54721.979438779446
54721.979438779446
54721.979438779446
54721.979438779446
54721.979438779446
54721.979438779446
54721.979438779446
54721.979438779446
54721.979438779446
54721.979438779446
54721.979438779446
54721.979438779446
54721.979438779446
54721.979438779446
54721.979438779446
54721.979438779446
54721.979438779446
54721.979438779446
54682.35312309426
54682.35312309426
54682.35312309426
54682.35312309426
54682.35312309426
54682.35312309426
54682.35312309426
54287.22122611712
54287.22122611712
54287.22122611712
54287.22122611712
54287.22122611712
54287.22122611712
52423.43947660004
52423.43947660004
52423.43947660004
52423.43947660004
52423.43947660004
52423.43947660004
52423.43947660004
52423.43947660004
52423.43947660004
52423.43947660004
52423.43947660004
52423.43947660004
52423.43947660004
52423.43947660004
52423.43947660004
52423.43947660004
52423.43947660004
52423.43947660004
52423.43947660004
52423.43947660004
52423.43947660004
52423.43947660004
52423.43947660004
52423.43947660004
52423.43947660004
52423.43947660004
52423.43947660004
52423.43947660004
52423.43947660004
52423.43947660004
52423.43947660004
51273.87310574773
51273.87310574773
51273.87310574773
51273.87310574773
51273.87310574773
51273.87310574773
51273.87310574773
51273.87310574773
51273.87310574773
51273.87310574773
51273.87310574773
51273.87310574773
51273.87310574773
51273.87310574773
51273.87310574773
51273.87310574773
51273.87310574773
51273.87310574773
51273.87310574773
51273.87310574773
51273.87310574773
51273.87310574773
51273.87310574773
51273.87310574773
51273.87310574773
51273.87310574773
51273.87310574773
51273.87310574773
51273.87310574773
51273.87310574773
51273.87310574773
51273.87310574773
51267.950766192036
51267.950766192036
51267.950766192036
51267.950766192036
51267.950766192036
51267.950766192036
51267.950766192036
51267.950766192036
50964.03900134879
50233.26436857711
50233.26436857711
50233.26436857711
50233.26436857711
50233.26436857711
50233.26436857711
50233.26436857711
50233.26436857711
50233.26436857711
50233.26436857711
50233.26436857711
50233.26436857711
50233.26436857711
50233.26436857711
50233.26436857711
49953.20209654264
49252.75006804587
49252.75006804587
49252.75006804587
48179.10039305743
48179.10039305743
48179.10039305743
48179.10039305743
48179.10039305743
48179.10039305743
48179.10039305743
48179.10039305743
48179.10039305743
48179.10039305743
48179.10039305743
48179.10039305743
48179.10039305743
48179.10039305743
48179.10039305743
48179.10039305743
48179.10039305743
48179.10039305743
48179.10039305743
48179.10039305743
48179.10039305743
48179.10039305743
48179.10039305743
48179.10039305743
48179.10039305743
48179.10039305743
48179.10039305743
48179.10039305743
48179.10039305743
48179.10039305743
48179.10039305743
48179.10039305743
48179.10039305743
48179.10039305743
48179.10039305743
48179.10039305743
48179.10039305743
48179.10039305743
48179.10039305743
48179.10039305743
48179.10039305743
48179.10039305743
48179.10039305743
48179.10039305743
48179.10039305743
48179.10039305743
48179.10039305743
48179.10039305743
48179.10039305743
48179.10039305743
48179.10039305743
48179.10039305743
48179.10039305743
48179.10039305743
48179.10039305743
48179.10039305743
48179.10039305743
48179.10039305743
48179.10039305743
48179.10039305743
48179.10039305743
48179.10039305743
48179.10039305743
48179.10039305743
48179.10039305743
48179.10039305743
48179.10039305743
48179.10039305743
48179.10039305743
48179.10039305743
48179.10039305743
48179.10039305743
48179.10039305743
48179.10039305743
47775.911332313175
47775.911332313175
47775.911332313175
47775.911332313175
47775.911332313175
47775.911332313175
47775.911332313175
47775.911332313175
47754.585571277225
47499.28164567848
47499.28164567848
47499.28164567848
47499.28164567848
47499.28164567848
47499.28164567848
47499.28164567848
47499.28164567848
47499.28164567848
46767.18361629378
46767.18361629378
46767.18361629378
46767.18361629378
46767.18361629378
46767.18361629378
46767.18361629378
46767.18361629378
46767.18361629378
46767.18361629378
46767.18361629378
46767.18361629378
46767.18361629378
46767.18361629378
46767.18361629378
46767.18361629378
46767.18361629378
46767.18361629378
46767.18361629378
46767.18361629378
46767.18361629378
46767.18361629378
46767.18361629378
46767.18361629378
46767.18361629378
46767.18361629378
46767.18361629378
46767.18361629378
46767.18361629378
46767.18361629378
46767.18361629378
46767.18361629378
45499.02321571485
45499.02321571485
45499.02321571485
45499.02321571485
45499.02321571485
45499.02321571485
45499.02321571485
45499.02321571485
45499.02321571485
45499.02321571485
45499.02321571485
45499.02321571485
45499.02321571485
45499.02321571485
45499.02321571485
45499.02321571485
45499.02321571485
45499.02321571485
45499.02321571485
45499.02321571485
45499.02321571485
45499.02321571485
45202.9336755392
45202.9336755392
44083.72774932193
44083.72774932193
44083.72774932193
44083.72774932193
44083.72774932193
44083.72774932193
44083.72774932193
44083.72774932193
44083.72774932193
44083.72774932193
44083.72774932193
44083.72774932193
44083.72774932193
44083.72774932193
44083.72774932193
44083.72774932193
44083.72774932193
44083.72774932193
44083.72774932193
44083.72774932193
44083.72774932193
44083.72774932193
44083.72774932193
44083.72774932193
44025.82528534935
44025.82528534935
44025.82528534935
44025.82528534935
44025.82528534935
44025.82528534935
44025.82528534935
44025.82528534935
44025.82528534935
44025.82528534935
44025.82528534935
44025.82528534935
44025.82528534935
44025.82528534935
44025.82528534935
44025.82528534935
44025.82528534935
44025.82528534935
44025.82528534935
44025.82528534935
44025.82528534935
44025.82528534935
44025.82528534935
44025.82528534935
44025.82528534935
44025.82528534935
44025.82528534935
44025.82528534935
44025.82528534935
44001.72878985316
44001.72878985316
44001.72878985316
44001.72878985316
44001.72878985316
44001.72878985316
44001.72878985316
44001.72878985316
44001.72878985316
44001.72878985316
44001.72878985316
44001.72878985316
44001.72878985316
44001.72878985316
44001.72878985316
44001.72878985316
44001.72878985316
44001.72878985316
44001.72878985316
44001.72878985316
44001.72878985316
44001.72878985316
44001.72878985316
44001.72878985316
44001.72878985316
44001.72878985316
44001.72878985316
44001.72878985316
44001.72878985316
44001.72878985316
44001.72878985316
44001.72878985316
44001.72878985316
44001.72878985316
44001.72878985316
44001.72878985316
44001.72878985316
44001.72878985316
44001.72878985316
44001.72878985316
44001.72878985316
44001.72878985316
44001.72878985316
44001.72878985316
44001.72878985316
44001.72878985316
44001.72878985316
44001.72878985316
44001.72878985316
44001.72878985316
44001.72878985316
44001.72878985316
44001.72878985316
44001.72878985316
44001.72878985316
44001.72878985316
44001.72878985316
44001.72878985316
44001.72878985316
44001.72878985316
44001.72878985316
44001.72878985316
44001.72878985316
44001.72878985316
44001.72878985316
43669.80647820965
43669.80647820965
43669.80647820965
43669.80647820965
43669.80647820965
43669.80647820965
43669.80647820965
43669.80647820965
43669.80647820965
43669.80647820965
43669.80647820965
43669.80647820965
43669.80647820965
43669.80647820965
43669.80647820965
43669.80647820965
43669.80647820965
43669.80647820965
43669.80647820965
43669.80647820965
43601.887344708346
43601.887344708346
43601.887344708346
43601.887344708346
43601.887344708346
43373.10862588662
43373.10862588662
43373.10862588662
43373.10862588662
43373.10862588662
43373.10862588662
43373.10862588662
43373.10862588662
43373.10862588662
43373.10862588662
43373.10862588662
43373.10862588662
43373.10862588662
43373.10862588662
43373.10862588662
43373.10862588662
43373.10862588662
43373.10862588662
43373.10862588662
43373.10862588662
43373.10862588662
43373.10862588662
43373.10862588662
43011.0074105312
43011.0074105312
43011.0074105312
43011.0074105312
43011.0074105312
43011.0074105312
43011.0074105312
43011.0074105312
43011.0074105312
41765.01142208748
41765.01142208748
41765.01142208748
Time: 447.3105676174164 seconds 
Best solution: 41765.01142208748 [10, 38, 39, 35, 34, 17, 18, 41, 50, 58, 56, 42, 40, 51, 36, 46, 60, 61, 63, 52, 53, 31, 43, 37, 28, 71, 89, 84, 74, 77, 59, 75, 85, 54, 57, 83, 103, 90, 105, 65, 69, 21, 78, 55, 66, 70, 30, 47, 67, 44, 87, 95, 94, 100, 99, 93, 79, 68, 82, 91, 92, 97, 102, 101, 73, 72, 62, 80, 86, 64, 81, 88, 98, 96, 76, 48, 104, 45, 49, 32, 33, 16, 14, 4, 5, 13, 3, 12, 1, 2, 22, 29, 23, 20, 8, 9, 15, 6, 11, 27, 25, 26, 24, 19, 7]
Avg solution: 58570.42613905262