Alg:2, Run: 3, file: C:\Users\gabri\Documents\AN 3 SEM 2\AI\Lab\Lab3\\lin105.tsp, population number: 10000, generations: 1000 
98870.02318942257
98868.23391388776
98868.23391388776
98649.46619860237
98649.46619860237
94605.89630129255
94605.89630129255
94605.89630129255
94605.89630129255
94605.89630129255
94149.22852824934
94149.22852824934
94149.22852824934
89313.94447463077
89313.94447463077
89313.94447463077
89313.94447463077
89313.94447463077
89313.94447463077
89313.94447463077
89313.94447463077
89313.94447463077
89313.94447463077
89313.94447463077
89313.94447463077
89313.94447463077
89313.94447463077
89313.94447463077
89313.94447463077
89313.94447463077
89313.94447463077
89313.94447463077
88912.73505445394
88912.73505445394
88155.74144242534
86775.86069229725
86244.89651009068
86244.89651009068
86244.89651009068
86244.89651009068
86244.89651009068
85226.54313291225
85226.54313291225
85226.54313291225
82979.39184194233
82979.39184194233
82979.39184194233
82979.39184194233
82979.39184194233
82979.39184194233
82979.39184194233
82979.39184194233
82979.39184194233
82979.39184194233
82979.39184194233
82979.39184194233
82979.39184194233
82979.39184194233
82979.39184194233
82979.39184194233
82979.39184194233
82979.39184194233
81410.87713559037
81410.87713559037
81410.87713559037
81410.87713559037
81410.87713559037
81410.87713559037
81410.87713559037
81410.87713559037
81410.87713559037
81410.87713559037
79071.93710672786
79071.93710672786
79071.93710672786
79071.93710672786
79071.93710672786
79071.93710672786
79071.93710672786
79071.93710672786
79071.93710672786
79071.93710672786
79071.93710672786
79071.93710672786
79071.93710672786
79071.93710672786
79071.93710672786
79071.93710672786
79071.93710672786
79071.93710672786
79071.93710672786
79071.93710672786
77374.17971463612
77374.17971463612
77374.17971463612
77374.17971463612
77374.17971463612
77374.17971463612
77374.17971463612
77374.17971463612
77374.17971463612
77374.17971463612
76688.21150454984
76688.21150454984
76688.21150454984
76688.21150454984
76688.21150454984
76688.21150454984
76688.21150454984
76688.21150454984
76688.21150454984
76688.21150454984
76688.21150454984
76688.21150454984
76688.21150454984
76688.21150454984
76688.21150454984
76688.21150454984
76688.21150454984
76688.21150454984
76688.21150454984
76688.21150454984
76688.21150454984
75858.36789972495
75858.36789972495
75858.36789972495
75858.36789972495
75858.36789972495
75858.36789972495
73861.39214963786
73861.39214963786
73861.39214963786
73861.39214963786
73861.39214963786
73861.39214963786
73861.39214963786
73861.39214963786
73861.39214963786
73861.39214963786
73861.39214963786
73861.39214963786
73861.39214963786
73861.39214963786
73861.39214963786
73861.39214963786
73861.39214963786
73861.39214963786
73861.39214963786
73861.39214963786
73861.39214963786
73861.39214963786
73861.39214963786
73861.39214963786
73861.39214963786
73861.39214963786
73861.39214963786
73861.39214963786
73861.39214963786
73861.39214963786
73861.39214963786
73861.39214963786
73861.39214963786
73861.39214963786
73861.39214963786
73861.39214963786
73861.39214963786
72336.92288110408
72336.92288110408
72336.92288110408
72336.92288110408
72336.92288110408
72336.92288110408
70929.96171916343
70929.96171916343
70929.96171916343
70929.96171916343
70929.96171916343
70929.96171916343
70929.96171916343
70235.5283803088
70235.5283803088
70235.5283803088
70235.5283803088
70235.5283803088
70235.5283803088
70235.5283803088
70235.5283803088
69564.97167238544
69564.97167238544
69564.97167238544
69564.97167238544
69564.97167238544
69564.97167238544
69564.97167238544
69564.97167238544
69564.97167238544
69314.38969994835
69314.38969994835
69314.38969994835
69314.38969994835
69314.38969994835
69314.38969994835
69314.38969994835
69314.38969994835
69314.38969994835
69314.38969994835
69314.38969994835
69314.38969994835
69314.38969994835
69314.38969994835
69314.38969994835
69314.38969994835
69314.38969994835
69314.38969994835
69314.38969994835
69314.38969994835
69314.38969994835
68701.35664144997
67799.53234963868
67799.53234963868
67799.53234963868
67799.53234963868
67799.53234963868
67799.53234963868
67799.53234963868
67799.53234963868
67799.53234963868
67799.53234963868
67149.42220687517
67149.42220687517
67149.42220687517
67149.42220687517
67149.42220687517
67149.42220687517
67149.42220687517
67149.42220687517
67149.42220687517
67149.42220687517
67149.42220687517
67149.42220687517
66950.6172399613
66950.6172399613
66950.6172399613
64205.213453679695
64205.213453679695
64205.213453679695
64205.213453679695
64205.213453679695
64205.213453679695
64205.213453679695
64205.213453679695
64205.213453679695
64205.213453679695
64205.213453679695
64205.213453679695
64205.213453679695
64205.213453679695
64205.213453679695
64205.213453679695
64205.213453679695
64205.213453679695
64205.213453679695
64205.213453679695
64205.213453679695
64205.213453679695
64205.213453679695
64205.213453679695
63308.897746928145
63308.897746928145
63308.897746928145
63308.897746928145
63308.897746928145
63308.897746928145
63308.897746928145
63308.897746928145
63308.897746928145
63308.897746928145
63308.897746928145
63308.897746928145
63308.897746928145
63308.897746928145
63308.897746928145
63308.897746928145
63308.897746928145
63308.897746928145
63308.897746928145
63308.897746928145
63308.897746928145
63308.897746928145
63308.897746928145
62646.435011927
62646.435011927
62646.435011927
62646.435011927
61356.43094790942
61356.43094790942
61356.43094790942
61356.43094790942
61356.43094790942
61356.43094790942
61356.43094790942
61356.43094790942
61356.43094790942
61356.43094790942
61356.43094790942
61356.43094790942
61356.43094790942
61356.43094790942
61356.43094790942
61356.43094790942
61356.43094790942
61356.43094790942
61356.43094790942
61356.43094790942
61356.43094790942
61356.43094790942
61356.43094790942
61356.43094790942
61356.43094790942
61356.43094790942
61356.43094790942
61356.43094790942
61356.43094790942
61356.43094790942
61356.43094790942
61356.43094790942
61356.43094790942
61356.43094790942
61356.43094790942
61356.43094790942
61356.43094790942
61356.43094790942
60129.33050616229
60129.33050616229
60129.33050616229
60129.33050616229
60129.33050616229
60129.33050616229
59709.10147966435
59709.10147966435
59709.10147966435
59709.10147966435
59709.10147966435
59709.10147966435
59709.10147966435
59709.10147966435
59709.10147966435
59709.10147966435
59709.10147966435
59709.10147966435
59709.10147966435
59709.10147966435
59709.10147966435
59709.10147966435
59709.10147966435
59709.10147966435
59709.10147966435
59709.10147966435
59709.10147966435
59709.10147966435
59709.10147966435
59709.10147966435
59709.10147966435
59709.10147966435
59709.10147966435
59709.10147966435
59709.10147966435
59709.10147966435
59709.10147966435
59709.10147966435
59709.10147966435
59709.10147966435
59709.10147966435
59709.10147966435
59709.10147966435
59709.10147966435
59709.10147966435
59709.10147966435
59709.10147966435
59709.10147966435
59709.10147966435
59709.10147966435
59709.10147966435
59326.279151517236
59326.279151517236
59326.279151517236
59326.279151517236
59326.279151517236
59326.279151517236
59326.279151517236
59326.279151517236
59326.279151517236
59326.279151517236
59326.279151517236
59326.279151517236
59326.279151517236
59182.19646890605
59182.19646890605
59182.19646890605
59182.19646890605
59182.19646890605
59182.19646890605
59145.76590794294
58720.216538807945
58720.216538807945
58720.216538807945
58720.216538807945
58720.216538807945
58720.216538807945
58720.216538807945
58720.216538807945
58720.216538807945
58720.216538807945
58720.216538807945
58720.216538807945
58720.216538807945
58720.216538807945
58720.216538807945
58720.216538807945
58720.216538807945
58720.216538807945
58720.216538807945
58720.216538807945
57540.12974645419
57540.12974645419
57540.12974645419
57540.12974645419
57540.12974645419
57540.12974645419
56771.04849690461
56771.04849690461
56771.04849690461
56771.04849690461
56771.04849690461
56771.04849690461
56771.04849690461
56771.04849690461
56771.04849690461
56771.04849690461
56771.04849690461
56271.88128096536
56271.88128096536
56271.88128096536
56271.88128096536
56271.88128096536
56271.88128096536
56271.88128096536
56271.88128096536
56271.88128096536
56271.88128096536
56271.88128096536
56271.88128096536
56271.88128096536
56271.88128096536
56271.88128096536
56271.88128096536
56271.88128096536
56271.88128096536
56271.88128096536
56271.88128096536
56271.88128096536
56271.88128096536
56271.88128096536
56271.88128096536
56271.88128096536
56271.88128096536
56271.88128096536
56271.88128096536
56271.88128096536
56271.88128096536
56271.88128096536
56271.88128096536
56271.88128096536
56271.88128096536
56271.88128096536
56271.88128096536
55236.10047261144
55236.10047261144
55236.10047261144
55236.10047261144
55236.10047261144
55236.10047261144
55236.10047261144
55236.10047261144
55236.10047261144
55236.10047261144
55236.10047261144
55236.10047261144
55236.10047261144
55236.10047261144
55236.10047261144
55236.10047261144
55236.10047261144
55236.10047261144
55236.10047261144
55236.10047261144
55236.10047261144
55236.10047261144
55236.10047261144
55236.10047261144
55236.10047261144
55236.10047261144
55236.10047261144
55236.10047261144
55236.10047261144
55236.10047261144
55236.10047261144
55236.10047261144
55236.10047261144
55236.10047261144
55236.10047261144
55236.10047261144
55236.10047261144
55236.10047261144
55236.10047261144
55236.10047261144
55236.10047261144
55236.10047261144
55236.10047261144
55236.10047261144
55236.10047261144
55236.10047261144
55236.10047261144
55236.10047261144
55236.10047261144
54456.43955260272
54456.43955260272
54456.43955260272
54456.43955260272
54456.43955260272
54456.43955260272
54456.43955260272
54456.43955260272
54456.43955260272
54456.43955260272
54456.43955260272
54456.43955260272
54456.43955260272
54456.43955260272
54456.43955260272
54456.43955260272
54456.43955260272
54456.43955260272
54456.43955260272
54456.43955260272
54456.43955260272
54456.43955260272
54456.43955260272
54456.43955260272
54456.43955260272
54456.43955260272
54456.43955260272
54456.43955260272
54456.43955260272
54456.43955260272
54456.43955260272
54456.43955260272
54456.43955260272
54456.43955260272
54456.43955260272
54456.43955260272
54171.50942251056
50916.866649084666
50916.866649084666
50916.866649084666
50916.866649084666
50916.866649084666
50916.866649084666
50916.866649084666
50916.866649084666
50916.866649084666
50916.866649084666
50916.866649084666
50916.866649084666
50916.866649084666
50916.866649084666
50916.866649084666
50916.866649084666
50916.866649084666
50916.866649084666
50916.866649084666
50916.866649084666
50916.866649084666
50916.866649084666
50916.866649084666
50916.866649084666
50916.866649084666
50916.866649084666
50916.866649084666
50916.866649084666
50916.866649084666
50916.866649084666
50916.866649084666
50916.866649084666
50916.866649084666
50916.866649084666
50916.866649084666
50916.866649084666
50916.866649084666
50916.866649084666
50916.866649084666
50916.866649084666
50916.866649084666
50916.866649084666
50916.866649084666
50916.866649084666
50916.866649084666
50916.866649084666
50916.866649084666
50916.866649084666
50916.866649084666
50916.866649084666
50916.866649084666
50916.866649084666
50916.866649084666
50916.866649084666
50802.391454035125
50802.391454035125
50802.391454035125
50802.391454035125
50802.391454035125
50802.391454035125
50802.391454035125
50802.391454035125
49683.00030719386
49683.00030719386
49683.00030719386
49683.00030719386
49683.00030719386
49683.00030719386
49683.00030719386
49683.00030719386
49683.00030719386
49683.00030719386
49683.00030719386
49683.00030719386
49683.00030719386
49683.00030719386
49683.00030719386
49683.00030719386
49683.00030719386
49683.00030719386
49683.00030719386
49683.00030719386
49683.00030719386
49683.00030719386
49683.00030719386
49683.00030719386
49683.00030719386
49683.00030719386
49683.00030719386
49683.00030719386
49683.00030719386
49683.00030719386
49683.00030719386
49683.00030719386
49683.00030719386
49683.00030719386
49683.00030719386
49683.00030719386
49683.00030719386
49683.00030719386
49683.00030719386
49683.00030719386
49683.00030719386
49683.00030719386
49683.00030719386
49683.00030719386
49683.00030719386
49683.00030719386
49683.00030719386
49683.00030719386
49683.00030719386
49683.00030719386
49683.00030719386
49683.00030719386
49683.00030719386
49683.00030719386
49683.00030719386
49245.28164414048
49245.28164414048
49245.28164414048
49245.28164414048
49245.28164414048
49245.28164414048
49245.28164414048
49245.28164414048
49245.28164414048
49245.28164414048
49245.28164414048
49245.28164414048
49245.28164414048
49245.28164414048
49245.28164414048
49245.28164414048
49245.28164414048
49245.28164414048
49245.28164414048
49245.28164414048
49245.28164414048
49245.28164414048
49245.28164414048
49245.28164414048
49245.28164414048
49245.28164414048
49245.28164414048
49213.541814995595
49213.541814995595
49213.541814995595
49213.541814995595
48703.09390095019
48703.09390095019
48703.09390095019
48703.09390095019
48703.09390095019
48703.09390095019
48703.09390095019
48703.09390095019
48703.09390095019
48472.4232633955
48472.4232633955
48472.4232633955
48472.4232633955
48472.4232633955
48472.4232633955
48472.4232633955
48472.4232633955
48472.4232633955
48472.4232633955
46777.28972761553
46777.28972761553
46777.28972761553
46777.28972761553
46777.28972761553
46777.28972761553
46777.28972761553
46777.28972761553
46777.28972761553
46777.28972761553
46777.28972761553
46777.28972761553
46777.28972761553
46777.28972761553
46777.28972761553
46777.28972761553
46777.28972761553
46777.28972761553
46777.28972761553
46394.56461860443
46394.56461860443
46394.56461860443
46394.56461860443
45967.01461544138
45967.01461544138
45967.01461544138
45967.01461544138
45967.01461544138
45967.01461544138
45967.01461544138
45773.94790957784
45773.94790957784
45773.94790957784
45773.94790957784
45773.94790957784
45773.94790957784
45773.94790957784
45773.94790957784
45773.94790957784
45773.94790957784
45773.94790957784
45773.94790957784
45773.94790957784
45773.94790957784
45773.94790957784
45773.94790957784
45773.94790957784
45773.94790957784
45773.94790957784
45773.94790957784
44390.927149128074
44390.927149128074
44390.927149128074
44390.927149128074
44390.927149128074
44390.927149128074
44390.927149128074
44390.927149128074
44390.927149128074
44390.927149128074
44390.927149128074
44390.927149128074
44390.927149128074
44390.927149128074
44390.927149128074
44390.927149128074
44390.927149128074
44390.927149128074
44390.927149128074
44390.927149128074
44390.927149128074
44390.927149128074
44390.927149128074
44390.927149128074
44390.927149128074
44390.927149128074
44390.927149128074
44390.927149128074
44390.927149128074
44390.927149128074
44390.927149128074
44390.927149128074
44390.927149128074
44390.927149128074
44390.927149128074
44390.927149128074
44390.927149128074
44390.927149128074
44390.927149128074
44390.927149128074
44390.927149128074
44390.927149128074
44390.927149128074
44390.927149128074
44390.927149128074
44390.927149128074
44390.927149128074
44390.927149128074
44390.927149128074
44390.927149128074
44390.927149128074
44390.927149128074
44390.927149128074
44390.927149128074
44390.927149128074
44390.927149128074
44390.927149128074
44390.927149128074
44390.927149128074
44390.927149128074
44390.927149128074
44390.927149128074
44390.927149128074
44390.927149128074
44390.927149128074
44390.927149128074
44390.927149128074
44390.927149128074
44390.927149128074
44390.927149128074
44390.927149128074
44390.927149128074
44390.927149128074
44390.927149128074
44390.927149128074
44390.927149128074
44390.927149128074
44390.927149128074
44390.927149128074
44390.927149128074
44364.815453949355
44364.815453949355
43399.51666925403
43399.51666925403
43399.51666925403
43399.51666925403
43399.51666925403
43399.51666925403
43399.51666925403
43399.51666925403
43399.51666925403
43399.51666925403
43399.51666925403
43399.51666925403
43399.51666925403
43399.51666925403
43030.08349195239
43030.08349195239
43030.08349195239
43030.08349195239
43030.08349195239
43030.08349195239
43030.08349195239
43030.08349195239
43030.08349195239
42947.46084948802
42947.46084948802
42947.46084948802
42947.46084948802
42947.46084948802
42947.46084948802
42947.46084948802
42947.46084948802
42947.46084948802
42947.46084948802
42947.46084948802
42947.46084948802
42947.46084948802
42947.46084948802
42947.46084948802
42947.46084948802
42947.46084948802
42947.46084948802
42947.46084948802
42947.46084948802
42947.46084948802
42947.46084948802
42947.46084948802
42947.46084948802
42947.46084948802
42947.46084948802
42947.46084948802
42947.46084948802
42947.46084948802
42947.46084948802
42623.742738274
42623.742738274
42623.742738274
41388.31430318605
41388.31430318605
41388.31430318605
41388.31430318605
41388.31430318605
41388.31430318605
41388.31430318605
41388.31430318605
41388.31430318605
41388.31430318605
41388.31430318605
41388.31430318605
41388.31430318605
41388.31430318605
41388.31430318605
41388.31430318605
41388.31430318605
41388.31430318605
41388.31430318605
41388.31430318605
41388.31430318605
41388.31430318605
41388.31430318605
41388.31430318605
41388.31430318605
41388.31430318605
41388.31430318605
41388.31430318605
41388.31430318605
41388.31430318605
41388.31430318605
41388.31430318605
41388.31430318605
41388.31430318605
41388.31430318605
41388.31430318605
41388.31430318605
41388.31430318605
41388.31430318605
41388.31430318605
41388.31430318605
41388.31430318605
41388.31430318605
41388.31430318605
41388.31430318605
41388.31430318605
41388.31430318605
41388.31430318605
41388.31430318605
41388.31430318605
41388.31430318605
41388.31430318605
41388.31430318605
41388.31430318605
41388.31430318605
41388.31430318605
41388.31430318605
41388.31430318605
41210.97334880292
41210.97334880292
41210.97334880292
41210.97334880292
41210.97334880292
41210.97334880292
39436.34267208368
39436.34267208368
39436.34267208368
39436.34267208368
39436.34267208368
39436.34267208368
39436.34267208368
39436.34267208368
39436.34267208368
39436.34267208368
39436.34267208368
39436.34267208368
39436.34267208368
39436.34267208368
39436.34267208368
39436.34267208368
39436.34267208368
39436.34267208368
39436.34267208368
Time: 446.1302101612091 seconds 
Best solution: 39436.34267208368 [99, 93, 102, 101, 91, 96, 97, 92, 68, 90, 98, 80, 66, 74, 76, 73, 67, 89, 65, 60, 61, 88, 75, 86, 84, 85, 78, 51, 71, 79, 77, 83, 52, 49, 58, 82, 56, 38, 46, 40, 105, 36, 27, 43, 32, 44, 104, 39, 48, 45, 17, 34, 72, 54, 35, 42, 31, 37, 19, 59, 50, 53, 22, 28, 20, 16, 14, 13, 5, 4, 9, 26, 18, 30, 24, 12, 7, 10, 6, 2, 1, 3, 11, 8, 21, 23, 25, 29, 103, 33, 15, 41, 47, 55, 57, 62, 69, 70, 63, 81, 64, 95, 87, 94, 100]
Avg solution: 57576.1179438047