Alg:2, Run: 0, file: C:\Users\gabri\Documents\AN 3 SEM 2\AI\Lab\Lab3\\lin105.tsp, population number: 10000, generations: 1000 
97697.58067158824
97697.58067158824
97697.58067158824
97697.58067158824
97697.58067158824
97697.58067158824
96377.95303764427
95742.43098106817
95742.43098106817
95005.26183332235
95005.26183332235
94859.91216587152
94859.91216587152
94859.91216587152
94859.91216587152
92204.67888616305
92204.67888616305
92204.67888616305
92204.67888616305
92204.67888616305
92204.67888616305
91537.09260572796
91537.09260572796
90360.03193434533
90360.03193434533
90360.03193434533
88925.30866791154
86805.99926272631
86805.99926272631
86805.99926272631
86805.99926272631
86805.99926272631
86805.99926272631
86805.99926272631
86805.99926272631
86805.99926272631
86805.99926272631
86805.99926272631
86805.99926272631
86805.99926272631
86805.99926272631
86805.99926272631
86805.99926272631
82795.24094094518
82795.24094094518
82795.24094094518
82795.24094094518
82795.24094094518
82795.24094094518
82795.24094094518
82795.24094094518
82795.24094094518
82795.24094094518
82795.24094094518
82795.24094094518
82795.24094094518
82795.24094094518
82795.24094094518
82795.24094094518
82795.24094094518
82795.24094094518
82795.24094094518
82795.24094094518
82795.24094094518
82795.24094094518
82795.24094094518
82795.24094094518
82795.24094094518
82795.24094094518
81234.63156515078
80911.4364881824
80911.4364881824
80911.4364881824
80911.4364881824
80911.4364881824
80911.4364881824
80911.4364881824
80911.4364881824
80911.4364881824
80911.4364881824
80911.4364881824
80911.4364881824
80911.4364881824
80911.4364881824
80911.4364881824
78942.56270256446
78942.56270256446
78942.56270256446
78942.56270256446
78942.56270256446
78942.56270256446
78942.56270256446
78942.56270256446
78942.56270256446
78942.56270256446
78942.56270256446
78942.56270256446
78942.56270256446
78942.56270256446
78942.56270256446
78942.56270256446
78942.56270256446
78942.56270256446
78048.13820754652
78048.13820754652
78048.13820754652
78048.13820754652
78048.13820754652
78048.13820754652
77833.00110842756
77833.00110842756
77833.00110842756
77833.00110842756
77833.00110842756
77833.00110842756
77833.00110842756
77833.00110842756
77833.00110842756
77833.00110842756
77833.00110842756
76366.5113146679
76366.5113146679
76366.5113146679
76366.5113146679
76366.5113146679
76366.5113146679
76366.5113146679
76366.5113146679
75899.80546479039
75899.80546479039
75899.80546479039
75899.80546479039
75899.80546479039
75899.80546479039
75899.80546479039
75899.80546479039
75899.80546479039
75899.80546479039
75899.80546479039
75899.80546479039
75899.80546479039
75899.80546479039
75899.80546479039
75899.80546479039
75899.80546479039
75899.80546479039
75899.80546479039
75899.80546479039
75281.13840056983
75281.13840056983
75281.13840056983
75281.13840056983
75281.13840056983
73520.31281680202
73315.73909449809
73315.73909449809
73315.73909449809
72127.76862450225
72127.76862450225
72127.76862450225
72127.76862450225
72127.76862450225
72127.76862450225
70964.61647897464
70964.61647897464
70964.61647897464
70964.61647897464
70964.61647897464
70964.61647897464
70964.61647897464
70964.61647897464
70964.61647897464
70964.61647897464
70964.61647897464
70964.61647897464
70964.61647897464
70964.61647897464
70964.61647897464
70964.61647897464
70964.61647897464
70964.61647897464
70964.61647897464
70964.61647897464
70964.61647897464
70964.61647897464
70964.61647897464
70964.61647897464
70964.61647897464
70964.61647897464
70964.61647897464
68519.06892755895
68519.06892755895
68519.06892755895
68519.06892755895
68519.06892755895
68519.06892755895
68519.06892755895
68519.06892755895
68519.06892755895
68519.06892755895
68519.06892755895
68519.06892755895
68519.06892755895
68519.06892755895
68519.06892755895
68519.06892755895
67117.65814946001
67117.65814946001
67117.65814946001
67117.65814946001
67117.65814946001
67117.65814946001
67117.65814946001
67117.65814946001
67117.65814946001
67117.65814946001
67117.65814946001
67117.65814946001
67117.65814946001
67117.65814946001
67117.65814946001
67117.65814946001
67117.65814946001
67117.65814946001
67117.65814946001
67117.65814946001
67117.65814946001
67117.65814946001
67117.65814946001
67117.65814946001
67117.65814946001
67117.65814946001
67117.65814946001
65914.36855157687
65914.36855157687
65914.36855157687
65914.36855157687
65914.36855157687
65914.36855157687
65914.36855157687
65914.36855157687
65914.36855157687
65914.36855157687
65914.36855157687
65914.36855157687
65914.36855157687
65914.36855157687
65914.36855157687
65914.36855157687
65914.36855157687
65914.36855157687
65914.36855157687
65914.36855157687
65914.36855157687
65914.36855157687
65914.36855157687
65914.36855157687
65914.36855157687
65914.36855157687
65914.36855157687
65914.36855157687
64328.382663499244
64328.382663499244
64328.382663499244
64328.382663499244
64328.382663499244
64328.382663499244
64328.382663499244
64328.382663499244
64328.382663499244
64328.382663499244
64328.382663499244
64328.382663499244
64328.382663499244
64328.382663499244
64328.382663499244
64328.382663499244
64328.382663499244
64328.382663499244
64328.382663499244
64328.382663499244
64328.382663499244
64328.382663499244
64328.382663499244
64328.382663499244
64328.382663499244
64328.382663499244
63063.56125023987
63063.56125023987
63063.56125023987
63063.56125023987
63063.56125023987
63063.56125023987
63063.56125023987
63063.56125023987
63063.56125023987
63063.56125023987
63063.56125023987
63063.56125023987
63063.56125023987
61831.494679558826
61831.494679558826
61831.494679558826
61831.494679558826
61831.494679558826
61831.494679558826
61831.494679558826
61831.494679558826
61831.494679558826
61831.494679558826
61831.494679558826
61831.494679558826
61831.494679558826
61831.494679558826
61831.494679558826
61831.494679558826
61831.494679558826
61831.494679558826
61831.494679558826
61831.494679558826
61249.809386738845
61249.809386738845
61171.3119524587
61171.3119524587
61171.3119524587
61171.3119524587
61171.3119524587
61171.3119524587
61171.3119524587
61171.3119524587
61171.3119524587
61171.3119524587
61171.3119524587
61171.3119524587
61171.3119524587
61171.3119524587
61171.3119524587
61171.3119524587
61171.3119524587
61171.3119524587
61171.3119524587
61171.3119524587
61171.3119524587
61171.3119524587
61080.10420961851
61080.10420961851
60479.58987723432
60479.58987723432
60479.58987723432
60479.58987723432
60479.58987723432
60479.58987723432
60479.58987723432
60479.58987723432
60479.58987723432
60479.58987723432
58825.43873932645
58825.43873932645
58825.43873932645
58825.43873932645
58548.157388602725
58548.157388602725
58548.157388602725
58548.157388602725
58548.157388602725
58548.157388602725
58548.157388602725
58548.157388602725
58548.157388602725
58548.157388602725
58476.03978144762
58476.03978144762
58476.03978144762
58476.03978144762
58476.03978144762
58476.03978144762
58476.03978144762
58476.03978144762
58476.03978144762
58476.03978144762
58476.03978144762
58476.03978144762
58476.03978144762
58476.03978144762
58476.03978144762
58476.03978144762
58476.03978144762
58476.03978144762
58476.03978144762
58476.03978144762
58476.03978144762
58476.03978144762
58476.03978144762
58476.03978144762
58476.03978144762
58476.03978144762
58476.03978144762
58476.03978144762
58476.03978144762
58476.03978144762
58476.03978144762
58476.03978144762
58476.03978144762
58476.03978144762
58476.03978144762
58476.03978144762
58476.03978144762
58476.03978144762
56709.61104360773
56709.61104360773
56709.61104360773
56709.61104360773
56040.92794089257
56040.92794089257
56040.92794089257
56040.92794089257
56040.92794089257
56040.92794089257
56040.92794089257
56040.92794089257
56040.92794089257
56040.92794089257
56040.92794089257
56040.92794089257
56040.92794089257
56040.92794089257
56040.92794089257
56040.92794089257
56040.92794089257
56040.92794089257
56040.92794089257
55959.479015171855
55959.479015171855
55959.479015171855
55959.479015171855
55959.479015171855
55959.479015171855
55959.479015171855
55826.277715063974
55826.277715063974
55675.97934432855
55675.97934432855
55675.97934432855
55675.97934432855
55675.97934432855
55675.97934432855
55675.97934432855
55487.29911869596
55487.29911869596
55487.29911869596
55487.29911869596
55487.29911869596
55487.29911869596
55487.29911869596
55487.29911869596
55487.29911869596
55487.29911869596
55487.29911869596
55487.29911869596
55487.29911869596
55487.29911869596
55487.29911869596
55487.29911869596
53540.332089554264
53540.332089554264
53540.332089554264
53540.332089554264
53540.332089554264
53540.332089554264
53540.332089554264
53540.332089554264
53540.332089554264
53540.332089554264
53540.332089554264
53540.332089554264
53540.332089554264
53540.332089554264
53540.332089554264
53540.332089554264
53540.332089554264
53540.332089554264
53540.332089554264
53540.332089554264
53540.332089554264
53540.332089554264
52471.56382585757
52471.56382585757
51742.69023068375
51742.69023068375
51742.69023068375
51742.69023068375
51742.69023068375
51742.69023068375
51742.69023068375
51742.69023068375
51742.69023068375
51742.69023068375
51742.69023068375
51742.69023068375
51742.69023068375
51742.69023068375
51742.69023068375
51742.69023068375
51742.69023068375
51742.69023068375
51742.69023068375
51742.69023068375
51742.69023068375
51742.69023068375
51742.69023068375
51742.69023068375
51742.69023068375
51742.69023068375
51742.69023068375
51742.69023068375
51742.69023068375
51742.69023068375
51742.69023068375
51742.69023068375
51742.69023068375
51742.69023068375
51742.69023068375
51742.69023068375
51742.69023068375
51742.69023068375
51742.69023068375
51742.69023068375
51742.69023068375
51742.69023068375
51742.69023068375
51742.69023068375
51742.69023068375
51742.69023068375
51742.69023068375
51742.69023068375
51742.69023068375
51742.69023068375
51742.69023068375
51742.69023068375
51742.69023068375
51742.69023068375
51742.69023068375
51742.69023068375
51742.69023068375
51742.69023068375
51742.69023068375
51742.69023068375
51742.69023068375
51742.69023068375
51742.69023068375
51742.69023068375
51742.69023068375
51742.69023068375
51742.69023068375
51742.69023068375
51742.69023068375
51742.69023068375
51279.686448745495
51279.686448745495
51279.686448745495
51279.686448745495
47570.09465843656
47570.09465843656
47570.09465843656
47570.09465843656
47570.09465843656
47570.09465843656
47570.09465843656
47570.09465843656
47570.09465843656
47570.09465843656
47570.09465843656
47570.09465843656
47570.09465843656
47570.09465843656
47570.09465843656
47570.09465843656
47570.09465843656
47570.09465843656
47570.09465843656
47570.09465843656
47570.09465843656
47570.09465843656
47570.09465843656
47570.09465843656
47570.09465843656
47570.09465843656
47570.09465843656
47570.09465843656
47570.09465843656
47570.09465843656
47570.09465843656
47570.09465843656
47570.09465843656
47570.09465843656
47570.09465843656
47570.09465843656
47570.09465843656
47570.09465843656
47570.09465843656
47570.09465843656
47570.09465843656
47570.09465843656
47570.09465843656
47570.09465843656
47570.09465843656
47570.09465843656
47570.09465843656
47570.09465843656
47570.09465843656
47570.09465843656
47570.09465843656
47570.09465843656
47570.09465843656
47570.09465843656
47570.09465843656
47570.09465843656
47570.09465843656
47570.09465843656
47570.09465843656
47570.09465843656
47570.09465843656
47570.09465843656
47570.09465843656
47570.09465843656
47570.09465843656
47570.09465843656
47570.09465843656
47570.09465843656
47570.09465843656
47570.09465843656
47570.09465843656
47570.09465843656
47570.09465843656
47570.09465843656
47570.09465843656
47570.09465843656
47570.09465843656
47570.09465843656
47570.09465843656
47570.09465843656
47570.09465843656
47570.09465843656
47570.09465843656
47570.09465843656
47570.09465843656
47570.09465843656
47570.09465843656
47570.09465843656
47570.09465843656
47570.09465843656
47570.09465843656
47570.09465843656
47570.09465843656
47570.09465843656
47570.09465843656
47570.09465843656
47570.09465843656
47570.09465843656
47570.09465843656
47570.09465843656
47570.09465843656
47570.09465843656
47570.09465843656
47570.09465843656
46714.997508213404
46714.997508213404
46714.997508213404
46714.997508213404
46714.997508213404
46714.997508213404
46714.997508213404
46714.997508213404
46714.997508213404
46714.997508213404
46714.997508213404
46714.997508213404
46714.997508213404
46714.997508213404
46714.997508213404
46714.997508213404
46714.997508213404
46714.997508213404
46714.997508213404
46714.997508213404
46714.997508213404
46714.997508213404
46714.997508213404
46714.997508213404
46714.997508213404
46714.997508213404
46714.997508213404
46714.997508213404
46714.997508213404
46714.997508213404
46714.997508213404
46714.997508213404
46714.997508213404
46714.997508213404
46714.997508213404
46714.997508213404
46714.997508213404
46714.997508213404
46714.997508213404
46714.997508213404
46714.997508213404
46714.997508213404
46714.997508213404
46714.997508213404
46714.997508213404
46253.64332856063
46253.64332856063
46253.64332856063
46253.64332856063
46253.64332856063
46253.64332856063
46253.64332856063
46253.64332856063
46253.64332856063
46253.64332856063
46253.64332856063
46253.64332856063
46253.64332856063
46253.64332856063
46253.64332856063
46253.64332856063
46253.64332856063
46253.64332856063
46253.64332856063
46253.64332856063
46253.64332856063
46253.64332856063
45967.24409946211
45967.24409946211
45967.24409946211
45967.24409946211
45967.24409946211
45967.24409946211
45967.24409946211
45967.24409946211
45967.24409946211
45967.24409946211
45967.24409946211
45807.06021745538
45807.06021745538
45807.06021745538
45807.06021745538
45807.06021745538
45082.23349012003
45082.23349012003
45082.23349012003
45082.23349012003
45082.23349012003
45082.23349012003
44160.10475583197
44160.10475583197
44160.10475583197
44160.10475583197
44160.10475583197
44160.10475583197
44160.10475583197
44160.10475583197
44160.10475583197
44160.10475583197
44160.10475583197
44160.10475583197
44160.10475583197
44160.10475583197
44160.10475583197
44160.10475583197
44160.10475583197
44160.10475583197
44160.10475583197
44160.10475583197
44160.10475583197
44160.10475583197
44160.10475583197
44160.10475583197
44160.10475583197
44160.10475583197
44160.10475583197
44160.10475583197
44160.10475583197
44160.10475583197
44160.10475583197
44160.10475583197
44160.10475583197
44160.10475583197
44160.10475583197
44160.10475583197
44160.10475583197
44160.10475583197
44160.10475583197
44160.10475583197
44160.10475583197
44160.10475583197
44160.10475583197
44160.10475583197
44160.10475583197
44160.10475583197
44160.10475583197
44160.10475583197
44160.10475583197
44160.10475583197
44160.10475583197
44160.10475583197
44160.10475583197
44160.10475583197
44160.10475583197
44160.10475583197
44160.10475583197
44135.91063993978
44135.91063993978
44135.91063993978
44135.91063993978
44135.91063993978
44135.91063993978
44135.91063993978
44135.91063993978
44135.91063993978
44135.91063993978
44135.91063993978
44135.91063993978
44135.91063993978
44135.91063993978
44135.91063993978
44135.91063993978
44135.91063993978
44135.91063993978
44135.91063993978
44135.91063993978
44135.91063993978
44135.91063993978
44135.91063993978
44135.91063993978
44135.91063993978
44135.91063993978
44135.91063993978
44135.91063993978
44135.91063993978
44135.91063993978
44135.91063993978
44135.91063993978
44135.91063993978
44135.91063993978
44135.91063993978
44135.91063993978
44135.91063993978
43803.57335735924
43803.57335735924
43803.57335735924
43803.57335735924
43803.57335735924
42606.693677844276
42606.693677844276
42606.693677844276
42606.693677844276
42606.693677844276
42606.693677844276
42606.693677844276
42606.693677844276
42606.693677844276
42606.693677844276
42606.693677844276
42606.693677844276
42606.693677844276
42606.693677844276
42606.693677844276
42606.693677844276
42606.693677844276
42606.693677844276
42606.693677844276
42606.693677844276
42606.693677844276
42606.693677844276
42606.693677844276
42606.693677844276
42606.693677844276
42606.693677844276
42606.693677844276
42606.693677844276
41395.6608281276
41395.6608281276
41395.6608281276
41395.6608281276
41395.6608281276
41395.6608281276
41395.6608281276
41395.6608281276
41395.6608281276
41395.6608281276
41395.6608281276
41395.6608281276
41395.6608281276
41395.6608281276
41395.6608281276
41395.6608281276
41395.6608281276
41395.6608281276
41395.6608281276
41395.6608281276
41395.6608281276
41395.6608281276
41395.6608281276
41019.057654949436
41019.057654949436
41019.057654949436
41019.057654949436
41019.057654949436
41019.057654949436
41019.057654949436
41019.057654949436
41019.057654949436
41019.057654949436
41019.057654949436
41019.057654949436
41019.057654949436
41019.057654949436
41019.057654949436
41019.057654949436
41019.057654949436
41019.057654949436
41019.057654949436
41019.057654949436
41019.057654949436
41019.057654949436
40332.30646846411
40332.30646846411
40332.30646846411
40332.30646846411
40332.30646846411
40332.30646846411
40332.30646846411
40332.30646846411
40332.30646846411
40332.30646846411
40332.30646846411
40332.30646846411
40332.30646846411
40332.30646846411
40332.30646846411
40332.30646846411
40332.30646846411
40332.30646846411
40332.30646846411
40332.30646846411
40332.30646846411
40332.30646846411
40332.30646846411
40332.30646846411
40332.30646846411
40332.30646846411
40332.30646846411
40332.30646846411
40332.30646846411
40332.30646846411
40332.30646846411
40332.30646846411
40332.30646846411
40332.30646846411
40332.30646846411
40332.30646846411
40332.30646846411
40332.30646846411
40332.30646846411
40332.30646846411
40332.30646846411
40332.30646846411
40332.30646846411
40332.30646846411
40332.30646846411
40332.30646846411
40332.30646846411
40332.30646846411
40332.30646846411
40332.30646846411
40332.30646846411
40332.30646846411
40332.30646846411
40332.30646846411
40332.30646846411
40332.30646846411
40332.30646846411
40332.30646846411
40332.30646846411
40332.30646846411
40332.30646846411
40332.30646846411
40332.30646846411
40332.30646846411
40332.30646846411
40332.30646846411
40332.30646846411
40332.30646846411
40332.30646846411
40332.30646846411
40332.30646846411
40332.30646846411
40332.30646846411
40332.30646846411
Time: 448.6145553588867 seconds 
Best solution: 40332.30646846411 [6, 11, 7, 1, 22, 30, 37, 24, 89, 8, 38, 2, 44, 85, 90, 25, 53, 58, 10, 64, 82, 74, 65, 98, 76, 96, 12, 86, 52, 51, 81, 50, 43, 36, 47, 94, 9, 103, 39, 46, 75, 62, 35, 45, 92, 78, 93, 69, 95, 73, 87, 68, 77, 41, 61, 63, 15, 66, 97, 80, 54, 26, 60, 72, 79, 71, 102, 101, 99, 57, 55, 13, 20, 88, 91, 67, 42, 18, 16, 70, 83, 84, 32, 34, 100, 59, 105, 104, 33, 29, 31, 49, 48, 40, 56, 28, 27, 3, 17, 14, 5, 4, 19, 23, 21]
Avg solution: 56646.42546927608