Alg:2, Run: 7, file: C:\Users\gabri\Documents\AN 3 SEM 2\AI\Lab\Lab3\\lin105.tsp, population number: 10000, generations: 1000 
98597.30359416694
98597.30359416694
98597.30359416694
95698.40918809031
95698.40918809031
95698.40918809031
95698.40918809031
94980.49800473795
94980.49800473795
94980.49800473795
94777.45573258269
93852.70907064313
93852.70907064313
93852.70907064313
93852.70907064313
93852.70907064313
91700.86393677161
91700.86393677161
90809.94723309597
88043.44857097139
88043.44857097139
88043.44857097139
88043.44857097139
88043.44857097139
88043.44857097139
87441.3099803033
87441.3099803033
87441.3099803033
87441.3099803033
87441.3099803033
87441.3099803033
87441.3099803033
87441.3099803033
87441.3099803033
87441.3099803033
85411.59819505516
85411.59819505516
85411.59819505516
85411.59819505516
85411.59819505516
85411.59819505516
85411.59819505516
85411.59819505516
85411.59819505516
85411.59819505516
85411.59819505516
85411.59819505516
85411.59819505516
85411.59819505516
85411.59819505516
85411.59819505516
85411.59819505516
85411.59819505516
84978.80166304998
84978.80166304998
84795.70095103566
84795.70095103566
84795.70095103566
84795.70095103566
84795.70095103566
83843.41687090494
83843.41687090494
83843.41687090494
83843.41687090494
82924.20172778881
82924.20172778881
82924.20172778881
82924.20172778881
82416.89368171137
82416.89368171137
82416.89368171137
82416.89368171137
82416.89368171137
82416.89368171137
82416.89368171137
78460.44534435225
78460.44534435225
78460.44534435225
78460.44534435225
78460.44534435225
78460.44534435225
78460.44534435225
78460.44534435225
78150.09541082065
78150.09541082065
78150.09541082065
78150.09541082065
78150.09541082065
75094.24082575334
75094.24082575334
75094.24082575334
75094.24082575334
75094.24082575334
75094.24082575334
75094.24082575334
75094.24082575334
75094.24082575334
75094.24082575334
75094.24082575334
75094.24082575334
75094.24082575334
75094.24082575334
75094.24082575334
75094.24082575334
75094.24082575334
75094.24082575334
75094.24082575334
75094.24082575334
75094.24082575334
75094.24082575334
75094.24082575334
75094.24082575334
75094.24082575334
75094.24082575334
75094.24082575334
75094.24082575334
75094.24082575334
75094.24082575334
75094.24082575334
75094.24082575334
75094.24082575334
75094.24082575334
75094.24082575334
75094.24082575334
75094.24082575334
75094.24082575334
73739.80772425294
73739.80772425294
73739.80772425294
73739.80772425294
73739.80772425294
73739.80772425294
73739.80772425294
73739.80772425294
73739.80772425294
73739.80772425294
73584.4140897852
73584.4140897852
70543.90263889481
70543.90263889481
70543.90263889481
70543.90263889481
70543.90263889481
70543.90263889481
70543.90263889481
70543.90263889481
70543.90263889481
70543.90263889481
70543.90263889481
70543.90263889481
70543.90263889481
70543.90263889481
70543.90263889481
70543.90263889481
70543.90263889481
70543.90263889481
70543.90263889481
70543.90263889481
70543.90263889481
70543.90263889481
70543.90263889481
70543.90263889481
70543.90263889481
70543.90263889481
70543.90263889481
70543.90263889481
70543.90263889481
70543.90263889481
70543.90263889481
70543.90263889481
70543.90263889481
70543.90263889481
70543.90263889481
70005.68973371554
70005.68973371554
70005.68973371554
70005.68973371554
70005.68973371554
70005.68973371554
70005.68973371554
70005.68973371554
70005.68973371554
70005.68973371554
68459.29027952257
68459.29027952257
68459.29027952257
68459.29027952257
68459.29027952257
68459.29027952257
68459.29027952257
68459.29027952257
68459.29027952257
68459.29027952257
68459.29027952257
68459.29027952257
68459.29027952257
68459.29027952257
68459.29027952257
68459.29027952257
68459.29027952257
68459.29027952257
68459.29027952257
68459.29027952257
68062.8926962684
68062.8926962684
68062.8926962684
68062.8926962684
68062.8926962684
68062.8926962684
68062.8926962684
68062.8926962684
68062.8926962684
68062.8926962684
68062.8926962684
68062.8926962684
68062.8926962684
68062.8926962684
68062.8926962684
68062.8926962684
68062.8926962684
68062.8926962684
68062.8926962684
68062.8926962684
68062.8926962684
68062.8926962684
68062.8926962684
68062.8926962684
67711.37510564744
67711.37510564744
67711.37510564744
67711.37510564744
67711.37510564744
67373.67158494957
67373.67158494957
67373.67158494957
67373.67158494957
67373.67158494957
67373.67158494957
67373.67158494957
67373.67158494957
67373.67158494957
67373.67158494957
67373.67158494957
67373.67158494957
67373.67158494957
67373.67158494957
67187.81571727704
67187.81571727704
67187.81571727704
66457.66329765285
66457.66329765285
66457.66329765285
66457.66329765285
66457.66329765285
66457.66329765285
66332.68759441302
65378.246792953396
65378.246792953396
65378.246792953396
65378.246792953396
65378.246792953396
65378.246792953396
65378.246792953396
65378.246792953396
65378.246792953396
65378.246792953396
65016.27214937343
65016.27214937343
65016.27214937343
65016.27214937343
65016.27214937343
65016.27214937343
65016.27214937343
65016.27214937343
65016.27214937343
65016.27214937343
65016.27214937343
63039.789862326244
63039.789862326244
63039.789862326244
63039.789862326244
63039.789862326244
63039.789862326244
63039.789862326244
63039.789862326244
63039.789862326244
63039.789862326244
63039.789862326244
63039.789862326244
63039.789862326244
63039.789862326244
63039.789862326244
63039.789862326244
63039.789862326244
63039.789862326244
63039.789862326244
63039.789862326244
63039.789862326244
63039.789862326244
62779.57875458178
62779.57875458178
62779.57875458178
62779.57875458178
62779.57875458178
62779.57875458178
62779.57875458178
62779.57875458178
62779.57875458178
62779.57875458178
62779.57875458178
62779.57875458178
62718.06556338365
62718.06556338365
62718.06556338365
62718.06556338365
62718.06556338365
62718.06556338365
61433.97245908511
61433.97245908511
61433.97245908511
61433.97245908511
61433.97245908511
61433.97245908511
61433.97245908511
61433.97245908511
60319.94569138043
60105.358693599555
60105.358693599555
60105.358693599555
60105.358693599555
60105.358693599555
60105.358693599555
59043.0570218663
59043.0570218663
59043.0570218663
59043.0570218663
59043.0570218663
59043.0570218663
59043.0570218663
59043.0570218663
58625.32079737307
58091.66562918985
58091.66562918985
58091.66562918985
58091.66562918985
58091.66562918985
58091.66562918985
58091.66562918985
58091.66562918985
58091.66562918985
58091.66562918985
58091.66562918985
58091.66562918985
58091.66562918985
58091.66562918985
58091.66562918985
58091.66562918985
58091.66562918985
58091.66562918985
58091.66562918985
58091.66562918985
58091.66562918985
58091.66562918985
58091.66562918985
58091.66562918985
58091.66562918985
58091.66562918985
58091.66562918985
58091.66562918985
58091.66562918985
58091.66562918985
58091.66562918985
58091.66562918985
57862.98695706448
56303.06113412612
56303.06113412612
56303.06113412612
56303.06113412612
56303.06113412612
56303.06113412612
56303.06113412612
56303.06113412612
56303.06113412612
56303.06113412612
56303.06113412612
56303.06113412612
56303.06113412612
56303.06113412612
56303.06113412612
56303.06113412612
56303.06113412612
56303.06113412612
56303.06113412612
56303.06113412612
56303.06113412612
56303.06113412612
56303.06113412612
56303.06113412612
56303.06113412612
56303.06113412612
56303.06113412612
56303.06113412612
56303.06113412612
56303.06113412612
56303.06113412612
56303.06113412612
56303.06113412612
56303.06113412612
56303.06113412612
56303.06113412612
56303.06113412612
56303.06113412612
56303.06113412612
56303.06113412612
56303.06113412612
53519.01095404659
53519.01095404659
53519.01095404659
53519.01095404659
53519.01095404659
53519.01095404659
53519.01095404659
53519.01095404659
53519.01095404659
53519.01095404659
53519.01095404659
53519.01095404659
53519.01095404659
53519.01095404659
53519.01095404659
53519.01095404659
53519.01095404659
53519.01095404659
53519.01095404659
53519.01095404659
53519.01095404659
53519.01095404659
53519.01095404659
53519.01095404659
53519.01095404659
53519.01095404659
53519.01095404659
53519.01095404659
53519.01095404659
53519.01095404659
53519.01095404659
53519.01095404659
53519.01095404659
53519.01095404659
52881.167439836914
52881.167439836914
52881.167439836914
52881.167439836914
52881.167439836914
52881.167439836914
52881.167439836914
52881.167439836914
52881.167439836914
52881.167439836914
52881.167439836914
52881.167439836914
52881.167439836914
52881.167439836914
52881.167439836914
52881.167439836914
52881.167439836914
52881.167439836914
52881.167439836914
52881.167439836914
52881.167439836914
52881.167439836914
52881.167439836914
52881.167439836914
52881.167439836914
52881.167439836914
52715.15911280048
52715.15911280048
52715.15911280048
52715.15911280048
52715.15911280048
52715.15911280048
52715.15911280048
52715.15911280048
52715.15911280048
52715.15911280048
52715.15911280048
52715.15911280048
52715.15911280048
52715.15911280048
52715.15911280048
52715.15911280048
52715.15911280048
52715.15911280048
52715.15911280048
52715.15911280048
52715.15911280048
52715.15911280048
52715.15911280048
52715.15911280048
52715.15911280048
52715.15911280048
52715.15911280048
52715.15911280048
52715.15911280048
52715.15911280048
52715.15911280048
52715.15911280048
52715.15911280048
52715.15911280048
52715.15911280048
52715.15911280048
52715.15911280048
50870.820056185315
50870.820056185315
50870.820056185315
50870.820056185315
50870.820056185315
50870.820056185315
50870.820056185315
50870.820056185315
50870.820056185315
50870.820056185315
50870.820056185315
50870.820056185315
50870.820056185315
50870.820056185315
50870.820056185315
50870.820056185315
50870.820056185315
50870.820056185315
50870.820056185315
50870.820056185315
50870.820056185315
50870.820056185315
50870.820056185315
50870.820056185315
50870.820056185315
50870.820056185315
50870.820056185315
50870.820056185315
50870.820056185315
50870.820056185315
50870.820056185315
50870.820056185315
50870.820056185315
50870.820056185315
50870.820056185315
50870.820056185315
50870.820056185315
50870.820056185315
50870.820056185315
50870.820056185315
50870.820056185315
50870.820056185315
50870.820056185315
50870.820056185315
50870.820056185315
50870.820056185315
50870.820056185315
50870.820056185315
50870.820056185315
50870.820056185315
50870.820056185315
50870.820056185315
50870.820056185315
50870.820056185315
50870.820056185315
50870.820056185315
50870.820056185315
50870.820056185315
50870.820056185315
50870.820056185315
50870.820056185315
50870.820056185315
50870.820056185315
50870.820056185315
50870.820056185315
50870.820056185315
50870.820056185315
50870.820056185315
50870.820056185315
50870.820056185315
50870.820056185315
49101.313036156454
49101.313036156454
49101.313036156454
49101.313036156454
49101.313036156454
49101.313036156454
49101.313036156454
49101.313036156454
49101.313036156454
49101.313036156454
49101.313036156454
49101.313036156454
49101.313036156454
49101.313036156454
49101.313036156454
49101.313036156454
49101.313036156454
49101.313036156454
49101.313036156454
49101.313036156454
49101.313036156454
49101.313036156454
49101.313036156454
49101.313036156454
49101.313036156454
49101.313036156454
49101.313036156454
49101.313036156454
48686.01061574833
48686.01061574833
48686.01061574833
48686.01061574833
48686.01061574833
48686.01061574833
48686.01061574833
48686.01061574833
48092.585061689344
48092.585061689344
48092.585061689344
48092.585061689344
48092.585061689344
48092.585061689344
48092.585061689344
48092.585061689344
48092.585061689344
48092.585061689344
48092.585061689344
48092.585061689344
48092.585061689344
48092.585061689344
48092.585061689344
48092.585061689344
48092.585061689344
48092.585061689344
48092.585061689344
48092.585061689344
48092.585061689344
48092.585061689344
48092.585061689344
48092.585061689344
48092.585061689344
48092.585061689344
48092.585061689344
48092.585061689344
48092.585061689344
48092.585061689344
48092.585061689344
48092.585061689344
48092.585061689344
48092.585061689344
48092.585061689344
48092.585061689344
48092.585061689344
48092.585061689344
48092.585061689344
48092.585061689344
48092.585061689344
48092.585061689344
48004.3654904982
47091.684994531926
47091.684994531926
47091.684994531926
47091.684994531926
47091.684994531926
47091.684994531926
47091.684994531926
47091.684994531926
47091.684994531926
46178.54630794818
46178.54630794818
46178.54630794818
46178.54630794818
46178.54630794818
46178.54630794818
46178.54630794818
46178.54630794818
46178.54630794818
46178.54630794818
46178.54630794818
46178.54630794818
46178.54630794818
46178.54630794818
46178.54630794818
46178.54630794818
46178.54630794818
46178.54630794818
46178.54630794818
46178.54630794818
46178.54630794818
46178.54630794818
46178.54630794818
46178.54630794818
46178.54630794818
46178.54630794818
46178.54630794818
46178.54630794818
46178.54630794818
46178.54630794818
46178.54630794818
46178.54630794818
46178.54630794818
46178.54630794818
46178.54630794818
45939.818865708825
45939.818865708825
45939.818865708825
45939.818865708825
45939.818865708825
45939.818865708825
45939.818865708825
45939.818865708825
45939.818865708825
45939.818865708825
45939.818865708825
45939.818865708825
45939.818865708825
45939.818865708825
45939.818865708825
45939.818865708825
45939.818865708825
45939.818865708825
45939.818865708825
45939.818865708825
45939.818865708825
45939.818865708825
45939.818865708825
45939.818865708825
45939.818865708825
45939.818865708825
45939.818865708825
45939.818865708825
45939.818865708825
45939.818865708825
45939.818865708825
45939.818865708825
45939.818865708825
45939.818865708825
45939.818865708825
45939.818865708825
45939.818865708825
45939.818865708825
45939.818865708825
45939.818865708825
45939.818865708825
45939.818865708825
45939.818865708825
45939.818865708825
45939.818865708825
45939.818865708825
45939.818865708825
45939.818865708825
45939.818865708825
45939.818865708825
45939.818865708825
45939.818865708825
45939.818865708825
45939.818865708825
45939.818865708825
45939.818865708825
45939.818865708825
45939.818865708825
45939.818865708825
45939.818865708825
45939.818865708825
45939.818865708825
45939.818865708825
45939.818865708825
45939.818865708825
44783.507455400315
44783.507455400315
44783.507455400315
44783.507455400315
44783.507455400315
44783.507455400315
44783.507455400315
44783.507455400315
44783.507455400315
44783.507455400315
44783.507455400315
44783.507455400315
43056.45155947686
43056.45155947686
43056.45155947686
43056.45155947686
43056.45155947686
43056.45155947686
43056.45155947686
43056.45155947686
43056.45155947686
43056.45155947686
43056.45155947686
43056.45155947686
43056.45155947686
43056.45155947686
43056.45155947686
43056.45155947686
43056.45155947686
43056.45155947686
43056.45155947686
43056.45155947686
43056.45155947686
43056.45155947686
43056.45155947686
43056.45155947686
43056.45155947686
43056.45155947686
43056.45155947686
43056.45155947686
43056.45155947686
43056.45155947686
43056.45155947686
43056.45155947686
43056.45155947686
43056.45155947686
43056.45155947686
43056.45155947686
43056.45155947686
43056.45155947686
43056.45155947686
43056.45155947686
43056.45155947686
43056.45155947686
43056.45155947686
43056.45155947686
43056.45155947686
43056.45155947686
43056.45155947686
43056.45155947686
43056.45155947686
43056.45155947686
43056.45155947686
43056.45155947686
43056.45155947686
43056.45155947686
43056.45155947686
43056.45155947686
43056.45155947686
43056.45155947686
43056.45155947686
43056.45155947686
43056.45155947686
43056.45155947686
43056.45155947686
43056.45155947686
43056.45155947686
43056.45155947686
43056.45155947686
43056.45155947686
43056.45155947686
43056.45155947686
43056.45155947686
43056.45155947686
43056.45155947686
43056.45155947686
43056.45155947686
43056.45155947686
43056.45155947686
43056.45155947686
43056.45155947686
43056.45155947686
43056.45155947686
43056.45155947686
43056.45155947686
43056.45155947686
43056.45155947686
43056.45155947686
43056.45155947686
43056.45155947686
43056.45155947686
43056.45155947686
43056.45155947686
43056.45155947686
43056.45155947686
43056.45155947686
43056.45155947686
43056.45155947686
43056.45155947686
43056.45155947686
43056.45155947686
43056.45155947686
43056.45155947686
43056.45155947686
43056.45155947686
43056.45155947686
43056.45155947686
43056.45155947686
43056.45155947686
43056.45155947686
43056.45155947686
43056.45155947686
42455.488589953886
42455.488589953886
42455.488589953886
42455.488589953886
42455.488589953886
42455.488589953886
41942.928326860776
41942.928326860776
41942.928326860776
41942.928326860776
41942.928326860776
41942.928326860776
41942.928326860776
41942.928326860776
41942.928326860776
41942.928326860776
41942.928326860776
41942.928326860776
41504.19053772231
41504.19053772231
41504.19053772231
41504.19053772231
41504.19053772231
41504.19053772231
41504.19053772231
41504.19053772231
41504.19053772231
41504.19053772231
41504.19053772231
41412.79246472436
41412.79246472436
41412.79246472436
41412.79246472436
41412.79246472436
41412.79246472436
41412.79246472436
41412.79246472436
41412.79246472436
41412.79246472436
41412.79246472436
41412.79246472436
41412.79246472436
41412.79246472436
41207.98817802889
41207.98817802889
40874.069913407824
40874.069913407824
40874.069913407824
40874.069913407824
40874.069913407824
40874.069913407824
40874.069913407824
40874.069913407824
40874.069913407824
40874.069913407824
40874.069913407824
40874.069913407824
40874.069913407824
40874.069913407824
40874.069913407824
40874.069913407824
40874.069913407824
40874.069913407824
40874.069913407824
40874.069913407824
40874.069913407824
40874.069913407824
40874.069913407824
40874.069913407824
40874.069913407824
40874.069913407824
40874.069913407824
40874.069913407824
40874.069913407824
40874.069913407824
40874.069913407824
40874.069913407824
40874.069913407824
40515.2800580455
40144.415530885235
40144.415530885235
40144.415530885235
40144.415530885235
40144.415530885235
40144.415530885235
40144.415530885235
40144.415530885235
40144.415530885235
40144.415530885235
40144.415530885235
40144.415530885235
39638.62059902217
39638.62059902217
39638.62059902217
39638.62059902217
39638.62059902217
39638.62059902217
39638.62059902217
38965.49103211435
38965.49103211435
38965.49103211435
38965.49103211435
38965.49103211435
38965.49103211435
38965.49103211435
38965.49103211435
38965.49103211435
Time: 446.3817341327667 seconds 
Best solution: 38965.49103211435 [44, 103, 22, 12, 18, 37, 35, 39, 34, 38, 42, 51, 83, 78, 97, 82, 64, 93, 96, 92, 101, 102, 99, 81, 98, 62, 88, 86, 95, 75, 105, 68, 77, 72, 89, 94, 100, 73, 87, 67, 84, 69, 80, 85, 90, 63, 61, 60, 65, 66, 70, 74, 71, 76, 79, 91, 48, 59, 46, 53, 41, 52, 54, 49, 45, 56, 50, 57, 47, 55, 58, 104, 32, 43, 26, 13, 14, 4, 5, 9, 24, 19, 11, 29, 21, 15, 7, 1, 3, 8, 10, 28, 16, 25, 17, 20, 2, 6, 27, 33, 23, 30, 31, 36, 40]
Avg solution: 56275.58342201122