Alg:2, Run: 1, file: C:\Users\gabri\Documents\AN 3 SEM 2\AI\Lab\Lab3\\lin105.tsp, population number: 10000, generations: 1000 
100495.7730069354
100495.7730069354
100495.7730069354
100191.49894840522
100191.49894840522
99178.91690129097
98368.18227966537
98368.18227966537
98368.18227966537
97232.97028925784
97232.97028925784
95512.05124792315
94320.2317740989
94320.2317740989
94320.2317740989
93899.6736284207
93899.6736284207
93899.6736284207
93108.32067786224
93108.32067786224
93108.32067786224
93108.32067786224
93011.24414648749
92853.3240336896
91985.47368347102
91985.47368347102
91985.47368347102
91985.47368347102
91738.49356242239
90626.42846685303
89895.0813419943
89895.0813419943
89895.0813419943
89895.0813419943
89895.0813419943
89895.0813419943
88554.51547620869
88554.51547620869
88554.51547620869
88554.51547620869
88554.51547620869
88184.30188126296
88184.30188126296
87906.20296136403
86798.71646214613
86798.71646214613
86798.71646214613
85541.66403214204
85541.66403214204
85541.66403214204
85541.66403214204
85541.66403214204
85518.67840475542
85518.67840475542
85518.67840475542
85518.67840475542
85518.67840475542
85518.67840475542
84991.46489770453
84991.46489770453
84991.46489770453
84991.46489770453
84991.46489770453
84991.46489770453
83561.38760716828
83561.38760716828
83561.38760716828
83561.38760716828
83561.38760716828
83561.38760716828
82990.10003016726
80069.38135086528
80069.38135086528
80069.38135086528
80069.38135086528
80069.38135086528
80069.38135086528
80069.38135086528
80069.38135086528
80069.38135086528
80069.38135086528
80069.38135086528
79692.66225737467
79692.66225737467
79692.66225737467
79692.66225737467
79692.66225737467
79692.66225737467
79692.66225737467
78569.91045083097
78569.91045083097
78569.91045083097
78569.91045083097
76724.5066444409
76724.5066444409
76724.5066444409
76724.5066444409
76724.5066444409
76724.5066444409
76724.5066444409
76724.5066444409
76724.5066444409
76724.5066444409
76724.5066444409
76724.5066444409
76724.5066444409
76724.5066444409
76724.5066444409
76724.5066444409
76724.5066444409
76724.5066444409
76724.5066444409
76724.5066444409
76724.5066444409
76724.5066444409
76724.5066444409
76646.5390812055
76646.5390812055
76646.5390812055
76646.5390812055
76646.5390812055
76646.5390812055
76646.5390812055
76646.5390812055
75857.76985497266
75857.76985497266
75857.76985497266
75857.76985497266
75857.76985497266
75857.76985497266
75857.76985497266
75857.76985497266
73429.98280353271
73429.98280353271
73429.98280353271
73429.98280353271
73429.98280353271
73429.98280353271
73429.98280353271
73429.98280353271
73429.98280353271
73429.98280353271
73429.98280353271
73429.98280353271
73429.98280353271
73429.98280353271
73429.98280353271
73429.98280353271
73429.98280353271
73429.98280353271
73429.98280353271
73429.98280353271
73429.98280353271
73429.98280353271
73429.98280353271
73429.98280353271
73429.98280353271
71679.04595366855
71679.04595366855
71679.04595366855
71679.04595366855
71679.04595366855
71679.04595366855
71679.04595366855
71679.04595366855
71679.04595366855
71679.04595366855
71679.04595366855
71679.04595366855
71679.04595366855
71679.04595366855
71679.04595366855
71679.04595366855
71679.04595366855
71679.04595366855
71679.04595366855
71679.04595366855
71679.04595366855
71679.04595366855
71679.04595366855
71679.04595366855
71679.04595366855
71679.04595366855
71041.95308187726
71041.95308187726
71041.95308187726
71041.95308187726
71041.95308187726
71041.95308187726
71041.95308187726
71041.95308187726
71041.95308187726
71041.95308187726
71041.95308187726
71041.95308187726
71041.95308187726
71041.95308187726
71041.95308187726
71041.95308187726
71041.95308187726
71041.95308187726
68810.25673101013
68810.25673101013
68810.25673101013
68576.49618441485
68576.49618441485
68576.49618441485
68576.49618441485
68576.49618441485
68576.49618441485
68576.49618441485
68576.49618441485
68576.49618441485
68576.49618441485
68576.49618441485
68576.49618441485
68576.49618441485
68576.49618441485
68576.49618441485
68576.49618441485
68576.49618441485
68576.49618441485
68576.49618441485
68576.49618441485
68576.49618441485
68576.49618441485
68576.49618441485
68576.49618441485
68576.49618441485
68576.49618441485
68016.00027154744
68016.00027154744
68016.00027154744
68016.00027154744
67310.75447905312
67310.75447905312
67310.75447905312
67310.75447905312
66918.27885638952
66918.27885638952
66918.27885638952
66918.27885638952
66918.27885638952
66918.27885638952
66855.98170127912
65850.94427527463
65850.94427527463
65850.94427527463
65850.94427527463
65850.94427527463
65850.94427527463
65850.94427527463
65850.94427527463
65850.94427527463
64069.8086526527
64069.8086526527
64069.8086526527
64069.8086526527
64069.8086526527
64069.8086526527
64069.8086526527
64069.8086526527
64069.8086526527
64069.8086526527
64069.8086526527
64069.8086526527
64069.8086526527
64069.8086526527
64069.8086526527
64069.8086526527
64069.8086526527
64069.8086526527
64069.8086526527
64069.8086526527
64069.8086526527
64069.8086526527
64069.8086526527
64069.8086526527
64069.8086526527
64069.8086526527
64069.8086526527
64069.8086526527
64069.8086526527
64069.8086526527
64069.8086526527
64069.8086526527
64069.8086526527
64069.8086526527
64069.8086526527
64042.79473329898
64042.79473329898
64042.79473329898
64042.79473329898
64042.79473329898
63394.369496553016
63394.369496553016
63394.369496553016
63394.369496553016
63394.369496553016
63394.369496553016
63394.369496553016
63394.369496553016
63394.369496553016
63394.369496553016
63394.369496553016
63394.369496553016
63394.369496553016
63394.369496553016
63394.369496553016
63394.369496553016
63394.369496553016
63394.369496553016
63394.369496553016
62947.35361936536
62947.35361936536
62947.35361936536
62947.35361936536
62947.35361936536
62947.35361936536
62934.711996678096
62934.711996678096
62934.711996678096
62934.711996678096
62934.711996678096
62934.711996678096
62934.711996678096
62934.711996678096
62934.711996678096
62934.711996678096
62934.711996678096
62934.711996678096
62934.711996678096
62934.711996678096
62617.70569915545
62617.70569915545
62617.70569915545
62617.70569915545
62617.70569915545
62617.70569915545
61873.688514344394
61873.688514344394
61873.688514344394
61873.688514344394
61873.688514344394
61873.688514344394
61873.688514344394
61873.688514344394
61873.688514344394
61873.688514344394
61873.688514344394
61873.688514344394
59437.46961629112
59437.46961629112
59437.46961629112
59437.46961629112
59437.46961629112
59437.46961629112
59437.46961629112
59437.46961629112
59360.04140887421
59360.04140887421
59360.04140887421
59360.04140887421
59360.04140887421
59360.04140887421
59360.04140887421
56764.910798086945
56764.910798086945
56764.910798086945
56764.910798086945
56764.910798086945
56764.910798086945
56764.910798086945
56764.910798086945
56764.910798086945
56764.910798086945
56764.910798086945
56764.910798086945
56764.910798086945
56764.910798086945
56764.910798086945
56764.910798086945
56764.910798086945
56764.910798086945
56764.910798086945
56764.910798086945
55035.08514801081
55035.08514801081
55035.08514801081
55035.08514801081
55035.08514801081
55035.08514801081
55035.08514801081
55035.08514801081
55035.08514801081
55035.08514801081
55035.08514801081
55035.08514801081
55035.08514801081
55035.08514801081
55035.08514801081
55035.08514801081
55035.08514801081
55035.08514801081
55035.08514801081
55035.08514801081
55035.08514801081
55035.08514801081
55035.08514801081
55035.08514801081
55035.08514801081
55035.08514801081
55035.08514801081
55035.08514801081
55035.08514801081
55035.08514801081
55035.08514801081
55035.08514801081
55035.08514801081
55035.08514801081
55035.08514801081
55035.08514801081
55035.08514801081
55035.08514801081
55035.08514801081
55035.08514801081
55035.08514801081
55035.08514801081
55035.08514801081
55035.08514801081
55035.08514801081
55035.08514801081
55035.08514801081
55035.08514801081
55035.08514801081
55035.08514801081
55035.08514801081
55035.08514801081
55035.08514801081
55035.08514801081
55035.08514801081
55035.08514801081
55035.08514801081
55035.08514801081
54741.52753345521
54741.52753345521
54741.52753345521
54741.52753345521
54741.52753345521
54741.52753345521
54741.52753345521
54741.52753345521
54741.52753345521
54741.52753345521
54741.52753345521
54741.52753345521
54741.52753345521
54741.52753345521
54741.52753345521
54741.52753345521
54741.52753345521
54741.52753345521
54741.52753345521
54741.52753345521
54741.52753345521
54741.52753345521
54741.52753345521
54238.36020683735
54238.36020683735
54238.36020683735
54238.36020683735
54238.36020683735
53235.20776435901
53235.20776435901
53235.20776435901
53235.20776435901
53235.20776435901
53235.20776435901
53235.20776435901
53235.20776435901
53235.20776435901
53235.20776435901
53235.20776435901
53235.20776435901
53235.20776435901
53235.20776435901
53235.20776435901
51681.50024128162
51681.50024128162
51681.50024128162
51681.50024128162
51681.50024128162
51681.50024128162
51681.50024128162
51681.50024128162
51681.50024128162
51681.50024128162
51681.50024128162
51681.50024128162
51681.50024128162
51681.50024128162
51681.50024128162
51681.50024128162
51681.50024128162
51681.50024128162
51681.50024128162
51681.50024128162
51681.50024128162
51681.50024128162
51681.50024128162
51681.50024128162
51681.50024128162
51681.50024128162
51681.50024128162
51681.50024128162
51681.50024128162
51681.50024128162
51681.50024128162
51681.50024128162
51681.50024128162
51681.50024128162
51681.50024128162
51681.50024128162
51681.50024128162
51681.50024128162
51681.50024128162
51681.50024128162
51681.50024128162
51681.50024128162
51681.50024128162
51681.50024128162
51681.50024128162
51681.50024128162
51681.50024128162
51681.50024128162
51681.50024128162
51681.50024128162
51681.50024128162
51681.50024128162
51681.50024128162
51681.50024128162
51681.50024128162
51681.50024128162
51681.50024128162
51681.50024128162
51681.50024128162
51681.50024128162
51681.50024128162
51681.50024128162
51538.59070356759
51538.59070356759
51538.59070356759
51538.59070356759
51538.59070356759
51538.59070356759
51538.59070356759
51538.59070356759
51538.59070356759
51538.59070356759
51538.59070356759
51538.59070356759
51538.59070356759
51538.59070356759
51538.59070356759
51538.59070356759
51538.59070356759
51538.59070356759
51538.59070356759
51538.59070356759
51538.59070356759
51538.59070356759
51538.59070356759
51538.59070356759
51538.59070356759
51538.59070356759
51538.59070356759
51538.59070356759
51538.59070356759
50065.98524177215
50065.98524177215
50065.98524177215
50065.98524177215
50065.98524177215
50065.98524177215
50065.98524177215
50065.98524177215
50065.98524177215
50065.98524177215
50065.98524177215
50065.98524177215
50065.98524177215
50065.98524177215
50065.98524177215
50065.98524177215
50065.98524177215
50065.98524177215
50065.98524177215
50065.98524177215
50065.98524177215
50065.98524177215
50065.98524177215
50065.98524177215
50065.98524177215
50065.98524177215
50065.98524177215
50065.98524177215
50065.98524177215
50065.98524177215
50065.98524177215
50065.98524177215
50065.98524177215
50065.98524177215
50065.98524177215
49400.136064791375
49400.136064791375
49400.136064791375
49400.136064791375
49400.136064791375
49400.136064791375
49400.136064791375
49219.809162559206
49219.809162559206
49219.809162559206
49219.809162559206
49219.809162559206
49219.809162559206
49219.809162559206
49219.809162559206
49219.809162559206
49219.809162559206
49219.809162559206
49219.809162559206
48629.72018590903
48629.72018590903
48629.72018590903
48629.72018590903
48629.72018590903
48629.72018590903
48629.72018590903
48629.72018590903
48629.72018590903
48629.72018590903
48629.72018590903
48629.72018590903
48629.72018590903
48629.72018590903
48629.72018590903
48629.72018590903
48629.72018590903
48629.72018590903
48629.72018590903
48629.72018590903
48629.72018590903
48065.92300432271
47989.71607019247
47989.71607019247
47989.71607019247
47989.71607019247
47989.71607019247
47989.71607019247
47278.63304681952
47278.63304681952
47278.63304681952
47278.63304681952
47278.63304681952
47278.63304681952
47278.63304681952
47278.63304681952
47278.63304681952
47278.63304681952
47278.63304681952
47278.63304681952
47278.63304681952
47278.63304681952
47278.63304681952
47278.63304681952
47278.63304681952
47278.63304681952
47278.63304681952
47278.63304681952
47278.63304681952
47278.63304681952
47278.63304681952
47278.63304681952
47278.63304681952
47278.63304681952
47278.63304681952
47278.63304681952
47278.63304681952
47278.63304681952
47278.63304681952
47278.63304681952
47278.63304681952
47278.63304681952
47278.63304681952
47278.63304681952
47278.63304681952
47278.63304681952
47278.63304681952
47278.63304681952
47278.63304681952
47278.63304681952
47278.63304681952
47278.63304681952
47278.63304681952
47278.63304681952
47278.63304681952
47278.63304681952
47278.63304681952
47278.63304681952
45295.000623988984
45295.000623988984
45295.000623988984
45295.000623988984
45295.000623988984
45295.000623988984
45295.000623988984
45295.000623988984
45295.000623988984
45295.000623988984
45295.000623988984
45295.000623988984
45295.000623988984
45295.000623988984
45295.000623988984
45295.000623988984
45295.000623988984
45295.000623988984
45295.000623988984
45295.000623988984
45295.000623988984
45295.000623988984
45295.000623988984
45295.000623988984
45295.000623988984
45295.000623988984
45295.000623988984
45295.000623988984
45292.91856693375
45292.91856693375
45292.91856693375
45292.91856693375
45292.91856693375
45292.91856693375
45292.91856693375
45292.91856693375
45292.91856693375
45292.91856693375
45292.91856693375
45292.91856693375
45292.91856693375
45292.91856693375
44178.533282009805
44178.533282009805
44178.533282009805
44178.533282009805
43249.884953934554
43249.884953934554
43249.884953934554
43249.884953934554
43249.884953934554
43249.884953934554
43249.884953934554
43249.884953934554
43249.884953934554
43249.884953934554
43249.884953934554
43249.884953934554
43249.884953934554
43249.884953934554
43249.884953934554
43249.884953934554
43249.884953934554
43249.884953934554
43249.884953934554
43249.884953934554
43249.884953934554
43249.884953934554
43249.884953934554
43249.884953934554
43249.884953934554
43249.884953934554
43249.884953934554
43249.884953934554
43249.884953934554
43249.884953934554
43249.884953934554
43249.884953934554
43249.884953934554
43249.884953934554
43249.884953934554
43249.884953934554
43249.884953934554
43249.884953934554
43249.884953934554
43249.884953934554
43249.884953934554
43249.884953934554
43249.884953934554
43249.884953934554
43249.884953934554
43249.884953934554
43249.884953934554
43249.884953934554
43249.884953934554
43249.884953934554
43249.884953934554
43249.884953934554
43249.884953934554
43249.884953934554
43249.884953934554
43249.884953934554
43249.884953934554
43249.884953934554
43249.884953934554
43249.884953934554
43249.884953934554
43249.884953934554
43249.884953934554
43249.884953934554
43249.884953934554
43249.884953934554
43249.884953934554
43249.884953934554
43249.884953934554
43249.884953934554
43249.884953934554
43249.884953934554
43249.884953934554
41320.02188082586
41320.02188082586
41320.02188082586
41320.02188082586
41320.02188082586
41320.02188082586
41320.02188082586
41320.02188082586
41320.02188082586
41320.02188082586
41320.02188082586
41320.02188082586
41320.02188082586
41320.02188082586
41320.02188082586
41320.02188082586
41320.02188082586
41320.02188082586
41320.02188082586
41320.02188082586
41320.02188082586
41320.02188082586
41320.02188082586
41320.02188082586
41320.02188082586
41320.02188082586
41320.02188082586
41320.02188082586
41320.02188082586
41320.02188082586
41320.02188082586
41320.02188082586
41320.02188082586
41320.02188082586
41320.02188082586
41320.02188082586
41320.02188082586
40606.774728475706
40606.774728475706
40606.774728475706
40606.774728475706
40606.774728475706
40606.774728475706
40606.774728475706
40606.774728475706
40606.774728475706
40606.774728475706
40606.774728475706
40606.774728475706
40606.774728475706
40606.774728475706
40606.774728475706
40606.774728475706
40606.774728475706
40606.774728475706
40606.774728475706
40606.774728475706
40606.774728475706
40606.774728475706
40606.774728475706
40606.774728475706
40606.774728475706
40606.774728475706
40606.774728475706
40606.774728475706
40606.774728475706
40606.774728475706
40606.774728475706
40606.774728475706
40606.774728475706
40606.774728475706
40606.774728475706
40606.774728475706
40606.774728475706
40606.774728475706
40606.774728475706
40606.774728475706
40606.774728475706
40606.774728475706
40606.774728475706
40606.774728475706
40606.774728475706
40606.774728475706
40606.774728475706
40606.774728475706
40606.774728475706
40606.774728475706
40606.774728475706
40606.774728475706
40606.774728475706
40606.774728475706
40606.774728475706
40606.774728475706
40606.774728475706
40606.774728475706
40606.774728475706
40606.774728475706
40606.774728475706
40606.774728475706
40606.774728475706
40606.774728475706
40606.774728475706
40606.774728475706
40606.774728475706
40606.774728475706
40606.774728475706
40606.774728475706
40606.774728475706
40606.774728475706
40606.774728475706
40606.774728475706
40606.774728475706
40606.774728475706
40606.774728475706
40606.774728475706
40606.774728475706
40606.774728475706
40606.774728475706
40606.774728475706
40606.774728475706
40606.774728475706
40606.774728475706
40606.774728475706
40606.774728475706
40606.774728475706
40606.774728475706
39743.44382842674
39743.44382842674
39743.44382842674
39743.44382842674
39743.44382842674
39743.44382842674
39743.44382842674
39743.44382842674
39743.44382842674
39743.44382842674
39743.44382842674
39743.44382842674
39743.44382842674
39743.44382842674
39743.44382842674
39743.44382842674
39743.44382842674
39743.44382842674
39743.44382842674
39743.44382842674
39743.44382842674
39743.44382842674
39743.44382842674
39743.44382842674
39743.44382842674
39743.44382842674
39743.44382842674
39743.44382842674
39743.44382842674
39743.44382842674
39743.44382842674
39743.44382842674
39283.51940929018
39283.51940929018
39283.51940929018
39283.51940929018
39283.51940929018
39283.51940929018
39283.51940929018
39283.51940929018
39283.51940929018
39283.51940929018
39283.51940929018
39283.51940929018
39283.51940929018
Time: 447.53553795814514 seconds 
Best solution: 39283.51940929018 [6, 7, 2, 9, 26, 18, 31, 19, 15, 103, 23, 20, 27, 57, 52, 43, 47, 44, 48, 33, 59, 30, 11, 21, 104, 58, 41, 37, 54, 61, 60, 67, 72, 78, 77, 64, 68, 62, 70, 82, 83, 86, 75, 87, 98, 90, 81, 69, 74, 73, 80, 89, 99, 71, 65, 66, 88, 95, 94, 100, 93, 76, 84, 85, 79, 91, 101, 35, 92, 39, 50, 51, 55, 24, 42, 45, 46, 63, 96, 102, 38, 32, 97, 34, 36, 49, 56, 105, 53, 40, 17, 14, 13, 5, 4, 25, 16, 29, 12, 28, 22, 10, 1, 8, 3]
Avg solution: 56670.49389339703