Alg:2, Run: 7, file: C:\Users\gabri\Documents\AN 3 SEM 2\AI\Lab\Lab3\\lin105.tsp, population number: 1000, generations: 1000 
102606.46239442624
102606.46239442624
102606.46239442624
102606.46239442624
102606.46239442624
101301.83805189858
101301.83805189858
101301.83805189858
99460.64129580844
95326.24807184192
95326.24807184192
95282.38206727846
95282.38206727846
95282.38206727846
95282.38206727846
95282.38206727846
95282.38206727846
91832.44392209522
91832.44392209522
91832.44392209522
91832.44392209522
91832.44392209522
91832.44392209522
91832.44392209522
91832.44392209522
91832.44392209522
91832.44392209522
91832.44392209522
91832.44392209522
91832.44392209522
91832.44392209522
91832.44392209522
91832.44392209522
91832.44392209522
91832.44392209522
91832.44392209522
91832.44392209522
91832.44392209522
90714.09587442083
90714.09587442083
90714.09587442083
90714.09587442083
90714.09587442083
90714.09587442083
90714.09587442083
90714.09587442083
90714.09587442083
90714.09587442083
90714.09587442083
90714.09587442083
90714.09587442083
90714.09587442083
90714.09587442083
90714.09587442083
90102.51923404186
90102.51923404186
90102.51923404186
90102.51923404186
90102.51923404186
89782.25761733431
87738.43083664562
87738.43083664562
87738.43083664562
86601.13289469344
84037.82605180888
84037.82605180888
84037.82605180888
84037.82605180888
84037.82605180888
84037.82605180888
84037.82605180888
84037.82605180888
84037.82605180888
84037.82605180888
84037.82605180888
84037.82605180888
84037.82605180888
84037.82605180888
84037.82605180888
84037.82605180888
84037.82605180888
84037.82605180888
84037.82605180888
84037.82605180888
84037.82605180888
84037.82605180888
84037.82605180888
84037.82605180888
81792.3822538993
81792.3822538993
81792.3822538993
81792.3822538993
81792.3822538993
81792.3822538993
81792.3822538993
81792.3822538993
81792.3822538993
81792.3822538993
81792.3822538993
81792.3822538993
81792.3822538993
81792.3822538993
81792.3822538993
81754.40675142872
81754.40675142872
81754.40675142872
81754.40675142872
81754.40675142872
81754.40675142872
81754.40675142872
81754.40675142872
81754.40675142872
81754.40675142872
81754.40675142872
81754.40675142872
81754.40675142872
81754.40675142872
81646.67421469164
81646.67421469164
81646.67421469164
81646.67421469164
81646.67421469164
81646.67421469164
81296.69177638338
81296.69177638338
79578.59694573423
79578.59694573423
79578.59694573423
79578.59694573423
79578.59694573423
79578.59694573423
79578.59694573423
79578.59694573423
79578.59694573423
79578.59694573423
79578.59694573423
79578.59694573423
79578.59694573423
78906.39077576138
78631.79420760728
78631.79420760728
78631.79420760728
78631.79420760728
78334.5155406886
78334.5155406886
78334.5155406886
78334.5155406886
78334.5155406886
78334.5155406886
78334.5155406886
78334.5155406886
78334.5155406886
75289.67934998503
75289.67934998503
75289.67934998503
75289.67934998503
75289.67934998503
75289.67934998503
75289.67934998503
75289.67934998503
75289.67934998503
75289.67934998503
75289.67934998503
75289.67934998503
75289.67934998503
75289.67934998503
75289.67934998503
75289.67934998503
75289.67934998503
75289.67934998503
75289.67934998503
75289.67934998503
75289.67934998503
75289.67934998503
75289.67934998503
75289.67934998503
75289.67934998503
75289.67934998503
75289.67934998503
75289.67934998503
75289.67934998503
75289.67934998503
75289.67934998503
75289.67934998503
75289.67934998503
75289.67934998503
75289.67934998503
75289.67934998503
75289.67934998503
75289.67934998503
75289.67934998503
75289.67934998503
75289.67934998503
75289.67934998503
75289.67934998503
75289.67934998503
75289.67934998503
75289.67934998503
75289.67934998503
75289.67934998503
75289.67934998503
75289.67934998503
75289.67934998503
75289.67934998503
75289.67934998503
73349.3570267932
73349.3570267932
73349.3570267932
73349.3570267932
73349.3570267932
73349.3570267932
73349.3570267932
73349.3570267932
73349.3570267932
73349.3570267932
73349.3570267932
73349.3570267932
73349.3570267932
73349.3570267932
73349.3570267932
73349.3570267932
73349.3570267932
73349.3570267932
73349.3570267932
73349.3570267932
73349.3570267932
73349.3570267932
73349.3570267932
73349.3570267932
73349.3570267932
73349.3570267932
69906.122514028
69906.122514028
69906.122514028
69906.122514028
69906.122514028
69906.122514028
69906.122514028
69906.122514028
69906.122514028
69906.122514028
69906.122514028
69906.122514028
69906.122514028
69906.122514028
69906.122514028
69906.122514028
69906.122514028
69906.122514028
69906.122514028
69906.122514028
69671.87027244241
69671.87027244241
69671.87027244241
69671.87027244241
69671.87027244241
69671.87027244241
69671.87027244241
69671.87027244241
69671.87027244241
69671.87027244241
69671.87027244241
69671.87027244241
69671.87027244241
69671.87027244241
69671.87027244241
69671.87027244241
69671.87027244241
69671.87027244241
69671.87027244241
69671.87027244241
69671.87027244241
69671.87027244241
69671.87027244241
69671.87027244241
69671.87027244241
69671.87027244241
69671.87027244241
69671.87027244241
69671.87027244241
69671.87027244241
69671.87027244241
69671.87027244241
69671.87027244241
69671.87027244241
69671.87027244241
69671.87027244241
69671.87027244241
69671.87027244241
69671.87027244241
68526.85390907127
68526.85390907127
68526.85390907127
68526.85390907127
68526.85390907127
68526.85390907127
68526.85390907127
68526.85390907127
68526.85390907127
68526.85390907127
66804.03257289951
66804.03257289951
66804.03257289951
66804.03257289951
66804.03257289951
66804.03257289951
66804.03257289951
66804.03257289951
66804.03257289951
66804.03257289951
66804.03257289951
66804.03257289951
66804.03257289951
66804.03257289951
66804.03257289951
66804.03257289951
66804.03257289951
66804.03257289951
66804.03257289951
66804.03257289951
66804.03257289951
66804.03257289951
66804.03257289951
66804.03257289951
66804.03257289951
66804.03257289951
66804.03257289951
66804.03257289951
66804.03257289951
66804.03257289951
66804.03257289951
66804.03257289951
66804.03257289951
66804.03257289951
66804.03257289951
66804.03257289951
66804.03257289951
66804.03257289951
66804.03257289951
66804.03257289951
66804.03257289951
66804.03257289951
66804.03257289951
66570.31842450528
66570.31842450528
66570.31842450528
66339.00940106812
66339.00940106812
66339.00940106812
66339.00940106812
66339.00940106812
66339.00940106812
66339.00940106812
66339.00940106812
66339.00940106812
66339.00940106812
66339.00940106812
66339.00940106812
66339.00940106812
66339.00940106812
66339.00940106812
66339.00940106812
66339.00940106812
64963.01503515244
64963.01503515244
64963.01503515244
64963.01503515244
64963.01503515244
64963.01503515244
64963.01503515244
64963.01503515244
64963.01503515244
64963.01503515244
64963.01503515244
64963.01503515244
64963.01503515244
64963.01503515244
64963.01503515244
64963.01503515244
64963.01503515244
64963.01503515244
64963.01503515244
64963.01503515244
64963.01503515244
64963.01503515244
64963.01503515244
64963.01503515244
64963.01503515244
64963.01503515244
64963.01503515244
64963.01503515244
64963.01503515244
64963.01503515244
64963.01503515244
64963.01503515244
64963.01503515244
64963.01503515244
64963.01503515244
64963.01503515244
64963.01503515244
64963.01503515244
64963.01503515244
64963.01503515244
64963.01503515244
64963.01503515244
64963.01503515244
64963.01503515244
63198.030421378535
63198.030421378535
63198.030421378535
63198.030421378535
63198.030421378535
63198.030421378535
63198.030421378535
63198.030421378535
63198.030421378535
63198.030421378535
63198.030421378535
62170.84511247905
62170.84511247905
62170.84511247905
62170.84511247905
62170.84511247905
62170.84511247905
62170.84511247905
62170.84511247905
62170.84511247905
62170.84511247905
62170.84511247905
62170.84511247905
62170.84511247905
62170.84511247905
62170.84511247905
62170.84511247905
62170.84511247905
62170.84511247905
62170.84511247905
62170.84511247905
62170.84511247905
62170.84511247905
62170.84511247905
62170.84511247905
62170.84511247905
62170.84511247905
62170.84511247905
62170.84511247905
62170.84511247905
62170.84511247905
62170.84511247905
62170.84511247905
62170.84511247905
62170.84511247905
62170.84511247905
62170.84511247905
62170.84511247905
62170.84511247905
62170.84511247905
62170.84511247905
62170.84511247905
62064.04587440942
60617.94467997589
60617.94467997589
60617.94467997589
60617.94467997589
60617.94467997589
60617.94467997589
60617.94467997589
60617.94467997589
60617.94467997589
60617.94467997589
60617.94467997589
60617.94467997589
60617.94467997589
60617.94467997589
60617.94467997589
60617.94467997589
60617.94467997589
60617.94467997589
60617.94467997589
60617.94467997589
60617.94467997589
60617.94467997589
60617.94467997589
60617.94467997589
60617.94467997589
60617.94467997589
60617.94467997589
60617.94467997589
60617.94467997589
60617.94467997589
60617.94467997589
60617.94467997589
60617.94467997589
60617.94467997589
60617.94467997589
60617.94467997589
60617.94467997589
60617.94467997589
60617.94467997589
60617.94467997589
60617.94467997589
60617.94467997589
60617.94467997589
60617.94467997589
60617.94467997589
60617.94467997589
60617.94467997589
60617.94467997589
60617.94467997589
60617.94467997589
60617.94467997589
60617.94467997589
60263.244584717104
60263.244584717104
60263.244584717104
58530.75383108208
58530.75383108208
58530.75383108208
58530.75383108208
58530.75383108208
58530.75383108208
58530.75383108208
58530.75383108208
58530.75383108208
58530.75383108208
58530.75383108208
58530.75383108208
58530.75383108208
58530.75383108208
58530.75383108208
58530.75383108208
58530.75383108208
58530.75383108208
58530.75383108208
58530.75383108208
58530.75383108208
58530.75383108208
58530.75383108208
58530.75383108208
58530.75383108208
58530.75383108208
58530.75383108208
58530.75383108208
58530.75383108208
58530.75383108208
58530.75383108208
58530.75383108208
58530.75383108208
58530.75383108208
58530.75383108208
58530.75383108208
58530.75383108208
58530.75383108208
58530.75383108208
58530.75383108208
58530.75383108208
58530.75383108208
58530.75383108208
58530.75383108208
58530.75383108208
58530.75383108208
58530.75383108208
58530.75383108208
58530.75383108208
58530.75383108208
58530.75383108208
58530.75383108208
58530.75383108208
58530.75383108208
58530.75383108208
58530.75383108208
58530.75383108208
58530.75383108208
58530.75383108208
58530.75383108208
58530.75383108208
58530.75383108208
58530.75383108208
58530.75383108208
58530.75383108208
58530.75383108208
58530.75383108208
58530.75383108208
58530.75383108208
58530.75383108208
58530.75383108208
58530.75383108208
58530.75383108208
58530.75383108208
58530.75383108208
58530.75383108208
58530.75383108208
58530.75383108208
58530.75383108208
58530.75383108208
58530.75383108208
58530.75383108208
58530.75383108208
58530.75383108208
58530.75383108208
58530.75383108208
58530.75383108208
58530.75383108208
58530.75383108208
58530.75383108208
58530.75383108208
58530.75383108208
58530.75383108208
58530.75383108208
58530.75383108208
58530.75383108208
58530.75383108208
58530.75383108208
58530.75383108208
58530.75383108208
58530.75383108208
58295.61979121411
58295.61979121411
58155.75653606448
58155.75653606448
58155.75653606448
58155.75653606448
57702.67117365495
57702.67117365495
57702.67117365495
57702.67117365495
57702.67117365495
57702.67117365495
57702.67117365495
57702.67117365495
57702.67117365495
57702.67117365495
57702.67117365495
57702.67117365495
57702.67117365495
57702.67117365495
57702.67117365495
57702.67117365495
57702.67117365495
57702.67117365495
57702.67117365495
57702.67117365495
57702.67117365495
57702.67117365495
57702.67117365495
57702.67117365495
57702.67117365495
57702.67117365495
57702.67117365495
57702.67117365495
57702.67117365495
57702.67117365495
57702.67117365495
57702.67117365495
57702.67117365495
57702.67117365495
57702.67117365495
57702.67117365495
57702.67117365495
57275.55426627483
57275.55426627483
57275.55426627483
57275.55426627483
57275.55426627483
57275.55426627483
57275.55426627483
56754.47316451696
56754.47316451696
56754.47316451696
56754.47316451696
56754.47316451696
56754.47316451696
56754.47316451696
56754.47316451696
56754.47316451696
56754.47316451696
56754.47316451696
56754.47316451696
56754.47316451696
56754.47316451696
56754.47316451696
56754.47316451696
56754.47316451696
56584.82522455927
56584.82522455927
56584.82522455927
56584.82522455927
56584.82522455927
55945.65631380056
55945.65631380056
55945.65631380056
55945.65631380056
55945.65631380056
55945.65631380056
55945.65631380056
55945.65631380056
55945.65631380056
55945.65631380056
55945.65631380056
55945.65631380056
55945.65631380056
55945.65631380056
55945.65631380056
55945.65631380056
55945.65631380056
55945.65631380056
55945.65631380056
55945.65631380056
55945.65631380056
54928.870237361465
54928.870237361465
54928.870237361465
54928.870237361465
54928.870237361465
54928.870237361465
54928.870237361465
54928.870237361465
54928.870237361465
54928.870237361465
53904.90037000773
53904.90037000773
53904.90037000773
53904.90037000773
53904.90037000773
53904.90037000773
53904.90037000773
53904.90037000773
53904.90037000773
53904.90037000773
53904.90037000773
53904.90037000773
53904.90037000773
53904.90037000773
53904.90037000773
53904.90037000773
53904.90037000773
53904.90037000773
53904.90037000773
53904.90037000773
53647.84231380825
53647.84231380825
53647.84231380825
53647.84231380825
53647.84231380825
53647.84231380825
53595.60834263428
53595.60834263428
53595.60834263428
53595.60834263428
53595.60834263428
53595.60834263428
53595.60834263428
53595.60834263428
53595.60834263428
53595.60834263428
53595.60834263428
53595.60834263428
53595.60834263428
53595.60834263428
53595.60834263428
53595.60834263428
53595.60834263428
52214.255620505406
52214.255620505406
52214.255620505406
52214.255620505406
52214.255620505406
52214.255620505406
52214.255620505406
52214.255620505406
52214.255620505406
52214.255620505406
52214.255620505406
52214.255620505406
52214.255620505406
52214.255620505406
52214.255620505406
52214.255620505406
52214.255620505406
52214.255620505406
52214.255620505406
52214.255620505406
52214.255620505406
52214.255620505406
52214.255620505406
52214.255620505406
52214.255620505406
52214.255620505406
52214.255620505406
52214.255620505406
52214.255620505406
52214.255620505406
52214.255620505406
52214.255620505406
52214.255620505406
51550.453928106275
51550.453928106275
51550.453928106275
51550.453928106275
51550.453928106275
51550.453928106275
51550.453928106275
51550.453928106275
51550.453928106275
51550.453928106275
50807.646222933334
50807.646222933334
50807.646222933334
50807.646222933334
50807.646222933334
50807.646222933334
50807.646222933334
50696.551878304905
50696.551878304905
50696.551878304905
50696.551878304905
50696.551878304905
50696.551878304905
50696.551878304905
50696.551878304905
50696.551878304905
50696.551878304905
50696.551878304905
50696.551878304905
50696.551878304905
50696.551878304905
50696.551878304905
50696.551878304905
50696.551878304905
50696.551878304905
50696.551878304905
50696.551878304905
50696.551878304905
50696.551878304905
50696.551878304905
50696.551878304905
50696.551878304905
50696.551878304905
50696.551878304905
50696.551878304905
50696.551878304905
50696.551878304905
50653.013830321135
50653.013830321135
50653.013830321135
50653.013830321135
50653.013830321135
50653.013830321135
50653.013830321135
50653.013830321135
50653.013830321135
50653.013830321135
50653.013830321135
50653.013830321135
50653.013830321135
50653.013830321135
50653.013830321135
50653.013830321135
50653.013830321135
50653.013830321135
50653.013830321135
50653.013830321135
50653.013830321135
49986.399651617794
49986.399651617794
49986.399651617794
49986.399651617794
49949.08886428909
49949.08886428909
49949.08886428909
49949.08886428909
49949.08886428909
49949.08886428909
49199.930878720246
49199.930878720246
49199.930878720246
49199.930878720246
49199.930878720246
49199.930878720246
49199.930878720246
49199.930878720246
49199.930878720246
49199.930878720246
49199.930878720246
49199.930878720246
49199.930878720246
49199.930878720246
49199.930878720246
49199.930878720246
49199.930878720246
49199.930878720246
49199.930878720246
49199.930878720246
49199.930878720246
49199.930878720246
49199.930878720246
49199.930878720246
49199.930878720246
49199.930878720246
49199.930878720246
49199.930878720246
49199.930878720246
49199.930878720246
49199.930878720246
49199.930878720246
49199.930878720246
49199.930878720246
49199.930878720246
49199.930878720246
49199.930878720246
49199.930878720246
49199.930878720246
49199.930878720246
49199.930878720246
49199.930878720246
49199.930878720246
49199.930878720246
49199.930878720246
49199.930878720246
49199.930878720246
49199.930878720246
49199.930878720246
49199.930878720246
48034.45962699451
48034.45962699451
48034.45962699451
48034.45962699451
48034.45962699451
48034.45962699451
48034.45962699451
48034.45962699451
48034.45962699451
48034.45962699451
48034.45962699451
48034.45962699451
48034.45962699451
48034.45962699451
48034.45962699451
48034.45962699451
48034.45962699451
48034.45962699451
48034.45962699451
48034.45962699451
48034.45962699451
48034.45962699451
48034.45962699451
48034.45962699451
48034.45962699451
48034.45962699451
48034.45962699451
48034.45962699451
48034.45962699451
48034.45962699451
48034.45962699451
48034.45962699451
48034.45962699451
48034.45962699451
48034.45962699451
48034.45962699451
48034.45962699451
48034.45962699451
48034.45962699451
48034.45962699451
48034.45962699451
48034.45962699451
48034.45962699451
48034.45962699451
48034.45962699451
48034.45962699451
48034.45962699451
48034.45962699451
48034.45962699451
48034.45962699451
48034.45962699451
48034.45962699451
48034.45962699451
48034.45962699451
48034.45962699451
48034.45962699451
48034.45962699451
48034.45962699451
48034.45962699451
48034.45962699451
48034.45962699451
48034.45962699451
48034.45962699451
48034.45962699451
48034.45962699451
48034.45962699451
48034.45962699451
48034.45962699451
48034.45962699451
48034.45962699451
48034.45962699451
48034.45962699451
48034.45962699451
48034.45962699451
48034.45962699451
48034.45962699451
48034.45962699451
Time: 43.75398564338684 seconds 
Best solution: 48034.45962699451 [12, 28, 21, 24, 16, 10, 2, 1, 3, 51, 53, 41, 59, 93, 78, 65, 92, 83, 97, 67, 66, 105, 101, 99, 102, 91, 70, 81, 68, 84, 54, 43, 79, 38, 73, 88, 76, 96, 77, 46, 61, 62, 39, 82, 56, 50, 47, 85, 98, 63, 64, 55, 57, 42, 58, 52, 60, 95, 100, 94, 87, 69, 75, 86, 80, 71, 72, 90, 89, 74, 45, 44, 37, 5, 14, 13, 18, 11, 26, 33, 6, 103, 15, 29, 9, 17, 8, 25, 4, 34, 35, 23, 27, 7, 36, 32, 30, 48, 104, 20, 22, 19, 31, 49, 40]
Avg solution: 63435.06291050407