Alg:2, Run: 6, file: C:\Users\gabri\Documents\AN 3 SEM 2\AI\Lab\Lab3\\lin105.tsp, population number: 1000, generations: 1000 
105018.91512720517
105018.91512720517
102924.1395228934
98608.36076936756
98608.36076936756
98608.36076936756
98608.36076936756
98608.36076936756
98608.36076936756
98608.36076936756
95969.0033539943
95969.0033539943
94818.32253666435
94818.32253666435
94818.32253666435
94818.32253666435
94818.32253666435
94818.32253666435
94818.32253666435
94818.32253666435
94475.91729695637
94475.91729695637
94475.91729695637
93373.63741145996
92437.86556516234
92437.86556516234
92437.86556516234
89010.43331437632
89010.43331437632
89010.43331437632
89010.43331437632
89010.43331437632
89010.43331437632
88807.04435851994
88807.04435851994
88807.04435851994
88807.04435851994
87441.92309131751
86852.38365100432
86852.38365100432
86852.38365100432
86852.38365100432
86852.38365100432
86852.38365100432
86852.38365100432
86439.24560767827
86439.24560767827
86439.24560767827
83482.38338346958
83482.38338346958
83482.38338346958
83482.38338346958
83482.38338346958
83482.38338346958
83482.38338346958
83482.38338346958
83482.38338346958
83482.38338346958
83482.38338346958
83482.38338346958
83482.38338346958
83482.38338346958
83482.38338346958
83482.38338346958
83482.38338346958
83482.38338346958
83482.38338346958
83482.38338346958
83482.38338346958
83482.38338346958
83482.38338346958
83482.38338346958
83482.38338346958
83482.38338346958
83482.38338346958
83482.38338346958
83482.38338346958
83482.38338346958
83482.38338346958
83482.38338346958
83482.38338346958
83482.38338346958
83482.38338346958
83482.38338346958
83482.38338346958
83482.38338346958
83482.38338346958
83482.38338346958
83482.38338346958
83482.38338346958
80711.72517746613
80711.72517746613
80711.72517746613
80711.72517746613
80711.72517746613
80251.05099271011
80251.05099271011
80251.05099271011
80251.05099271011
80251.05099271011
80251.05099271011
80251.05099271011
79853.28248160347
79853.28248160347
79853.28248160347
79853.28248160347
79853.28248160347
79853.28248160347
79853.28248160347
79853.28248160347
79853.28248160347
79853.28248160347
79853.28248160347
79853.28248160347
79853.28248160347
79799.51212322678
79799.51212322678
79799.51212322678
79799.51212322678
79799.51212322678
79799.51212322678
78422.85475902139
78422.85475902139
78422.85475902139
78422.85475902139
78422.85475902139
78422.85475902139
78422.85475902139
78422.85475902139
78422.85475902139
76557.69186423844
76557.69186423844
73650.52105745042
73650.52105745042
73650.52105745042
73650.52105745042
73650.52105745042
73650.52105745042
73650.52105745042
73650.52105745042
73650.52105745042
73650.52105745042
73650.52105745042
73650.52105745042
73650.52105745042
73650.52105745042
73650.52105745042
73650.52105745042
73650.52105745042
73650.52105745042
73650.52105745042
73650.52105745042
73650.52105745042
73650.52105745042
73650.52105745042
73650.52105745042
73650.52105745042
73650.52105745042
73650.52105745042
73650.52105745042
73650.52105745042
73650.52105745042
73650.52105745042
73650.52105745042
73650.52105745042
73650.52105745042
73650.52105745042
73650.52105745042
73650.52105745042
73650.52105745042
73650.52105745042
73650.52105745042
73650.52105745042
73650.52105745042
73650.52105745042
73650.52105745042
73650.52105745042
73650.52105745042
73650.52105745042
73298.46314012563
73298.46314012563
73298.46314012563
73298.46314012563
73298.46314012563
73298.46314012563
72452.30737556271
72376.6896577471
72376.6896577471
72376.6896577471
72376.6896577471
72376.6896577471
72376.6896577471
72376.6896577471
72376.6896577471
72376.6896577471
72376.6896577471
71156.78033320217
71156.78033320217
71156.78033320217
71156.78033320217
71156.78033320217
71156.78033320217
71156.78033320217
71156.78033320217
71156.78033320217
71156.78033320217
71156.78033320217
71156.78033320217
71156.78033320217
71156.78033320217
70823.75200658117
70823.75200658117
70823.75200658117
70823.75200658117
70823.75200658117
70823.75200658117
70823.75200658117
70823.75200658117
69948.69976675755
69948.69976675755
69948.69976675755
69948.69976675755
69948.69976675755
69948.69976675755
69948.69976675755
69948.69976675755
69948.69976675755
69948.69976675755
69948.69976675755
69948.69976675755
69948.69976675755
69948.69976675755
69948.69976675755
69948.69976675755
69948.69976675755
69948.69976675755
69948.69976675755
69948.69976675755
69948.69976675755
69948.69976675755
69948.69976675755
69948.69976675755
69948.69976675755
69948.69976675755
69948.69976675755
69101.92226125018
69101.92226125018
69101.92226125018
69101.92226125018
69101.92226125018
69101.92226125018
69101.92226125018
69101.92226125018
69101.92226125018
69101.92226125018
69101.92226125018
69101.92226125018
69101.92226125018
69101.92226125018
69101.92226125018
69101.92226125018
69101.92226125018
69101.92226125018
69101.92226125018
69101.92226125018
69101.92226125018
67532.13657014476
67532.13657014476
67532.13657014476
67532.13657014476
67532.13657014476
67532.13657014476
67532.13657014476
67532.13657014476
67532.13657014476
67532.13657014476
67532.13657014476
67532.13657014476
67532.13657014476
67532.13657014476
67532.13657014476
67532.13657014476
67532.13657014476
67532.13657014476
67000.81123771796
67000.81123771796
67000.81123771796
67000.81123771796
67000.81123771796
67000.81123771796
67000.81123771796
67000.81123771796
67000.81123771796
67000.81123771796
67000.81123771796
67000.81123771796
67000.81123771796
67000.81123771796
67000.81123771796
67000.81123771796
67000.81123771796
67000.81123771796
67000.81123771796
67000.81123771796
65692.31563208257
65310.246973279856
65310.246973279856
65310.246973279856
65310.246973279856
65310.246973279856
65310.246973279856
65310.246973279856
65310.246973279856
65310.246973279856
65310.246973279856
65310.246973279856
65310.246973279856
65310.246973279856
65310.246973279856
65010.314864620785
65010.314864620785
65010.314864620785
65010.314864620785
65010.314864620785
65010.314864620785
65010.314864620785
65010.314864620785
65010.314864620785
65010.314864620785
65010.314864620785
65010.314864620785
61796.96867736275
61796.96867736275
61796.96867736275
61796.96867736275
61796.96867736275
61796.96867736275
61796.96867736275
61796.96867736275
61796.96867736275
61796.96867736275
61796.96867736275
61796.96867736275
61796.96867736275
61796.96867736275
61796.96867736275
61796.96867736275
61796.96867736275
61796.96867736275
61796.96867736275
61796.96867736275
61796.96867736275
61796.96867736275
61796.96867736275
61796.96867736275
61796.96867736275
61796.96867736275
61796.96867736275
61796.96867736275
61796.96867736275
61796.96867736275
61796.96867736275
61796.96867736275
61796.96867736275
61796.96867736275
61796.96867736275
61796.96867736275
61796.96867736275
61796.96867736275
61796.96867736275
61796.96867736275
61796.96867736275
61467.758385561785
61467.758385561785
61467.758385561785
61467.758385561785
61467.758385561785
61467.758385561785
61467.758385561785
61467.758385561785
61467.758385561785
61467.758385561785
61467.758385561785
61467.758385561785
61467.758385561785
61467.758385561785
61467.758385561785
61467.758385561785
61467.758385561785
61467.758385561785
61467.758385561785
61467.758385561785
61467.758385561785
60688.682373753676
60688.682373753676
60688.682373753676
60688.682373753676
60688.682373753676
60688.682373753676
60688.682373753676
60688.682373753676
60688.682373753676
60688.682373753676
60688.682373753676
60688.682373753676
60688.682373753676
60688.682373753676
60688.682373753676
60688.682373753676
60688.682373753676
60688.682373753676
60688.682373753676
60688.682373753676
60688.682373753676
60688.682373753676
60688.682373753676
60688.682373753676
60688.682373753676
60688.682373753676
59406.68011341074
59406.68011341074
59406.68011341074
59406.68011341074
59406.68011341074
59406.68011341074
59406.68011341074
59406.68011341074
59406.68011341074
59406.68011341074
59406.68011341074
59406.68011341074
59406.68011341074
59406.68011341074
59406.68011341074
59406.68011341074
59406.68011341074
59406.68011341074
59406.68011341074
59406.68011341074
59406.68011341074
59406.68011341074
59365.728951122655
59365.728951122655
59365.728951122655
59365.728951122655
59365.728951122655
59365.728951122655
59365.728951122655
59365.728951122655
59365.728951122655
59365.728951122655
59365.728951122655
59365.728951122655
59365.728951122655
59365.728951122655
59365.728951122655
59365.728951122655
59365.728951122655
59365.728951122655
59365.728951122655
59365.728951122655
59365.728951122655
59365.728951122655
59365.728951122655
59365.728951122655
59365.728951122655
59365.728951122655
59365.728951122655
59365.728951122655
59365.728951122655
59365.728951122655
59365.728951122655
59365.728951122655
59365.728951122655
59365.728951122655
59365.728951122655
59365.728951122655
59365.728951122655
59365.728951122655
59365.728951122655
59365.728951122655
59365.728951122655
59365.728951122655
59365.728951122655
59365.728951122655
59365.728951122655
59365.728951122655
59365.728951122655
59365.728951122655
59365.728951122655
59365.728951122655
59365.728951122655
59365.728951122655
59365.728951122655
59365.728951122655
59365.728951122655
58493.51416374819
58493.51416374819
58493.51416374819
58493.51416374819
58493.51416374819
58493.51416374819
58493.51416374819
58493.51416374819
58493.51416374819
58493.51416374819
58493.51416374819
58493.51416374819
58493.51416374819
58493.51416374819
58493.51416374819
58493.51416374819
58493.51416374819
58493.51416374819
58493.51416374819
58493.51416374819
57999.960365955594
57999.960365955594
57999.960365955594
57999.960365955594
57999.960365955594
57999.960365955594
57999.960365955594
57999.960365955594
57999.960365955594
57999.960365955594
57617.529876022694
57617.529876022694
57617.529876022694
57189.737090523675
57189.737090523675
57189.737090523675
57189.737090523675
57189.737090523675
55638.04935911824
55638.04935911824
55638.04935911824
55638.04935911824
55638.04935911824
55638.04935911824
55638.04935911824
55638.04935911824
55638.04935911824
55638.04935911824
55638.04935911824
55333.541755365906
55333.541755365906
55333.541755365906
55333.541755365906
55333.541755365906
55333.541755365906
55333.541755365906
55333.541755365906
55333.541755365906
55333.541755365906
55333.541755365906
55333.541755365906
55333.541755365906
55333.541755365906
55333.541755365906
55333.541755365906
55333.541755365906
55333.541755365906
55333.541755365906
55333.541755365906
55333.541755365906
55333.541755365906
55333.541755365906
55333.541755365906
55333.541755365906
55333.541755365906
55333.541755365906
55333.541755365906
55333.541755365906
55333.541755365906
55333.541755365906
55333.541755365906
55333.541755365906
55333.541755365906
55333.541755365906
55333.541755365906
55333.541755365906
55333.541755365906
55333.541755365906
55333.541755365906
55333.541755365906
55333.541755365906
55333.541755365906
55333.541755365906
55333.541755365906
55333.541755365906
52998.561148524124
52998.561148524124
52998.561148524124
52998.561148524124
52998.561148524124
52998.561148524124
52998.561148524124
52998.561148524124
52998.561148524124
52998.561148524124
52998.561148524124
52998.561148524124
52998.561148524124
52998.561148524124
52998.561148524124
52998.561148524124
52998.561148524124
52998.561148524124
52998.561148524124
52998.561148524124
52998.561148524124
52998.561148524124
52998.561148524124
52998.561148524124
52998.561148524124
52998.561148524124
52998.561148524124
52998.561148524124
52998.561148524124
52998.561148524124
52998.561148524124
52998.561148524124
52998.561148524124
52326.100323667044
52326.100323667044
52326.100323667044
52326.100323667044
52326.100323667044
52326.100323667044
52326.100323667044
52326.100323667044
52326.100323667044
52326.100323667044
52326.100323667044
52326.100323667044
52326.100323667044
52326.100323667044
52326.100323667044
52326.100323667044
52326.100323667044
52326.100323667044
52326.100323667044
52326.100323667044
52326.100323667044
52326.100323667044
52326.100323667044
52326.100323667044
52326.100323667044
52326.100323667044
52326.100323667044
52326.100323667044
52326.100323667044
52326.100323667044
52326.100323667044
52326.100323667044
52326.100323667044
52326.100323667044
52326.100323667044
52326.100323667044
52326.100323667044
52326.100323667044
52326.100323667044
52326.100323667044
52326.100323667044
51825.48714073249
51825.48714073249
51825.48714073249
51825.48714073249
51825.48714073249
51825.48714073249
51825.48714073249
51825.48714073249
51825.48714073249
51825.48714073249
51825.48714073249
51825.48714073249
51825.48714073249
51825.48714073249
51825.48714073249
51825.48714073249
51825.48714073249
51825.48714073249
51825.48714073249
51825.48714073249
51825.48714073249
51825.48714073249
51825.48714073249
51825.48714073249
51825.48714073249
51825.48714073249
51825.48714073249
51825.48714073249
51825.48714073249
51825.48714073249
51825.48714073249
51483.20837218548
51483.20837218548
51483.20837218548
51483.20837218548
51483.20837218548
51483.20837218548
51483.20837218548
51483.20837218548
51483.20837218548
50261.19640646829
50261.19640646829
50261.19640646829
50261.19640646829
50261.19640646829
50261.19640646829
50261.19640646829
50261.19640646829
50261.19640646829
50261.19640646829
50164.2018634519
50164.2018634519
50164.2018634519
50164.2018634519
50164.2018634519
50164.2018634519
50164.2018634519
50164.2018634519
50164.2018634519
50164.2018634519
50164.2018634519
50164.2018634519
50164.2018634519
49395.3031591132
49395.3031591132
49395.3031591132
49395.3031591132
49395.3031591132
49395.3031591132
49395.3031591132
49395.3031591132
49395.3031591132
49395.3031591132
49395.3031591132
49395.3031591132
49395.3031591132
49395.3031591132
49395.3031591132
49363.2886036647
48030.89930692801
48030.89930692801
48030.89930692801
48030.89930692801
48030.89930692801
48030.89930692801
48030.89930692801
48030.89930692801
48030.89930692801
48030.89930692801
48030.89930692801
48030.89930692801
48030.89930692801
48030.89930692801
48030.89930692801
48030.89930692801
48030.89930692801
48030.89930692801
48030.89930692801
48030.89930692801
48030.89930692801
48030.89930692801
48030.89930692801
48030.89930692801
48030.89930692801
48030.89930692801
48030.89930692801
48030.89930692801
48030.89930692801
48030.89930692801
48030.89930692801
48030.89930692801
48030.89930692801
48030.89930692801
48030.89930692801
48030.89930692801
48030.89930692801
48030.89930692801
48030.89930692801
48030.89930692801
48030.89930692801
48030.89930692801
48030.89930692801
48030.89930692801
48030.89930692801
48030.89930692801
48030.89930692801
48030.89930692801
48030.89930692801
48030.89930692801
48030.89930692801
48030.89930692801
48030.89930692801
48030.89930692801
48030.89930692801
48030.89930692801
48030.89930692801
48030.89930692801
48030.89930692801
48030.89930692801
48030.89930692801
48030.89930692801
48030.89930692801
48030.89930692801
46687.0243958547
46687.0243958547
46079.368815906906
46079.368815906906
46079.368815906906
46079.368815906906
46079.368815906906
46079.368815906906
46079.368815906906
46079.368815906906
46079.368815906906
46079.368815906906
46079.368815906906
46079.368815906906
46079.368815906906
46079.368815906906
46079.368815906906
46079.368815906906
46079.368815906906
46079.368815906906
46079.368815906906
46079.368815906906
46079.368815906906
46079.368815906906
46079.368815906906
46079.368815906906
46079.368815906906
46079.368815906906
46079.368815906906
46079.368815906906
46079.368815906906
46079.368815906906
46079.368815906906
46079.368815906906
46079.368815906906
46079.368815906906
46079.368815906906
46079.368815906906
46079.368815906906
46079.368815906906
46079.368815906906
46079.368815906906
46079.368815906906
46079.368815906906
46079.368815906906
46079.368815906906
46079.368815906906
46079.368815906906
46079.368815906906
46079.368815906906
46079.368815906906
46079.368815906906
46079.368815906906
46079.368815906906
46079.368815906906
46079.368815906906
46079.368815906906
46079.368815906906
46079.368815906906
46079.368815906906
46079.368815906906
46079.368815906906
46079.368815906906
46079.368815906906
46079.368815906906
46079.368815906906
46079.368815906906
46079.368815906906
46079.368815906906
46079.368815906906
46079.368815906906
46079.368815906906
46079.368815906906
46079.368815906906
46079.368815906906
46079.368815906906
46079.368815906906
46079.368815906906
46079.368815906906
46079.368815906906
46079.368815906906
46079.368815906906
45895.21904429501
45895.21904429501
45895.21904429501
45895.21904429501
45895.21904429501
45895.21904429501
45895.21904429501
45895.21904429501
45895.21904429501
45895.21904429501
45895.21904429501
45895.21904429501
44567.61280627723
44567.61280627723
44567.61280627723
44567.61280627723
44567.61280627723
44567.61280627723
44567.61280627723
44567.61280627723
44567.61280627723
44567.61280627723
44567.61280627723
44567.61280627723
44567.61280627723
44567.61280627723
44567.61280627723
44567.61280627723
44567.61280627723
44567.61280627723
44567.61280627723
44567.61280627723
44567.61280627723
44567.61280627723
44567.61280627723
44567.61280627723
44567.61280627723
44567.61280627723
44567.61280627723
44567.61280627723
44567.61280627723
44567.61280627723
44567.61280627723
44567.61280627723
44567.61280627723
44567.61280627723
44567.61280627723
44567.61280627723
43366.12821875233
43366.12821875233
43366.12821875233
43366.12821875233
43366.12821875233
43366.12821875233
43366.12821875233
43366.12821875233
43366.12821875233
43366.12821875233
43366.12821875233
43366.12821875233
43366.12821875233
43366.12821875233
43366.12821875233
43366.12821875233
43366.12821875233
43366.12821875233
43366.12821875233
43366.12821875233
43366.12821875233
43366.12821875233
43366.12821875233
43366.12821875233
43366.12821875233
43366.12821875233
43366.12821875233
43366.12821875233
43366.12821875233
43366.12821875233
43366.12821875233
43366.12821875233
43366.12821875233
43366.12821875233
43366.12821875233
43366.12821875233
43366.12821875233
43366.12821875233
43366.12821875233
43366.12821875233
43366.12821875233
43366.12821875233
43366.12821875233
43366.12821875233
43366.12821875233
43366.12821875233
43366.12821875233
43366.12821875233
43366.12821875233
43366.12821875233
43366.12821875233
43366.12821875233
43366.12821875233
43366.12821875233
43366.12821875233
43366.12821875233
43366.12821875233
43366.12821875233
43366.12821875233
43366.12821875233
43366.12821875233
43366.12821875233
Time: 43.76293921470642 seconds 
Best solution: 43366.12821875233 [93, 97, 92, 102, 68, 74, 64, 67, 83, 63, 80, 79, 77, 70, 76, 82, 84, 85, 105, 78, 72, 53, 66, 69, 81, 87, 65, 60, 43, 40, 46, 34, 33, 24, 26, 6, 35, 38, 2, 16, 48, 42, 25, 7, 13, 31, 37, 29, 17, 27, 22, 23, 8, 18, 47, 36, 14, 32, 10, 12, 5, 11, 4, 19, 39, 21, 20, 9, 3, 1, 15, 28, 44, 61, 54, 50, 49, 104, 52, 57, 103, 30, 45, 58, 51, 59, 56, 55, 41, 62, 75, 88, 94, 95, 100, 99, 98, 90, 73, 71, 91, 96, 86, 101, 89]
Avg solution: 60162.48085160333