Alg:2, Run: 0, file: C:\Users\gabri\Documents\AN 3 SEM 2\AI\Lab\Lab3\\lin105.tsp, population number: 1000, generations: 1000 
101810.67732795679
101810.67732795679
101810.67732795679
101810.67732795679
98144.95929820047
98144.95929820047
98144.95929820047
98144.95929820047
98144.95929820047
98144.95929820047
98144.95929820047
98144.95929820047
98107.86810347938
96472.50554377658
96472.50554377658
96472.50554377658
96472.50554377658
96472.50554377658
96472.50554377658
96472.50554377658
94571.57199614229
94454.37947929981
94454.37947929981
94454.37947929981
94454.37947929981
94454.37947929981
94417.79701030676
91663.74885428844
91663.74885428844
91663.74885428844
91663.74885428844
91663.74885428844
91663.74885428844
91663.74885428844
91042.89686781129
91042.89686781129
91042.89686781129
88630.75234549875
88630.75234549875
88630.75234549875
88630.75234549875
88630.75234549875
88630.75234549875
88630.75234549875
88630.75234549875
88630.75234549875
88630.75234549875
88630.75234549875
88630.75234549875
88630.75234549875
88630.75234549875
88630.75234549875
88630.75234549875
88630.75234549875
88630.75234549875
88034.43002026001
88034.43002026001
88034.43002026001
88034.43002026001
88034.43002026001
88034.43002026001
88034.43002026001
88034.43002026001
87606.47197704553
87606.47197704553
87606.47197704553
86408.02844054191
86408.02844054191
86408.02844054191
86408.02844054191
86408.02844054191
86408.02844054191
84087.1514235988
84087.1514235988
84087.1514235988
84087.1514235988
84087.1514235988
84087.1514235988
84087.1514235988
84087.1514235988
82932.72178070195
82932.72178070195
82932.72178070195
82375.23159578144
82375.23159578144
82375.23159578144
82375.23159578144
82375.23159578144
82375.23159578144
80914.66133116974
80914.66133116974
80914.66133116974
80914.66133116974
80914.66133116974
80914.66133116974
80914.66133116974
80914.66133116974
80914.66133116974
80914.66133116974
80914.66133116974
80914.66133116974
80914.66133116974
80914.66133116974
80914.66133116974
80086.2043114515
80086.2043114515
80086.2043114515
80086.2043114515
80086.2043114515
80086.2043114515
80086.2043114515
80086.2043114515
80086.2043114515
79466.19507997319
79466.19507997319
79466.19507997319
79466.19507997319
79466.19507997319
79466.19507997319
79466.19507997319
79466.19507997319
79466.19507997319
79466.19507997319
79466.19507997319
79466.19507997319
78587.49670169072
78587.49670169072
78587.49670169072
77531.12791198492
77531.12791198492
77531.12791198492
77531.12791198492
77531.12791198492
77531.12791198492
77531.12791198492
77531.12791198492
77531.12791198492
77531.12791198492
77531.12791198492
77531.12791198492
75670.49928864058
75670.49928864058
75167.48157904267
75167.48157904267
75167.48157904267
75167.48157904267
75167.48157904267
75167.48157904267
75167.48157904267
75167.48157904267
73911.93074271645
73911.93074271645
73911.93074271645
73911.93074271645
73911.93074271645
73911.93074271645
71389.10541981533
71389.10541981533
71389.10541981533
71389.10541981533
71389.10541981533
71389.10541981533
71389.10541981533
71389.10541981533
71389.10541981533
71389.10541981533
71389.10541981533
71389.10541981533
71389.10541981533
71389.10541981533
71389.10541981533
71389.10541981533
71389.10541981533
71389.10541981533
71389.10541981533
71389.10541981533
71389.10541981533
70468.04318474823
70468.04318474823
70468.04318474823
70468.04318474823
70468.04318474823
70468.04318474823
70468.04318474823
70468.04318474823
70468.04318474823
70468.04318474823
70468.04318474823
70468.04318474823
70214.46339228707
70214.46339228707
70214.46339228707
70214.46339228707
70214.46339228707
70214.46339228707
70214.46339228707
70214.46339228707
70214.46339228707
70214.46339228707
69140.27191236678
69140.27191236678
69140.27191236678
69140.27191236678
69140.27191236678
69140.27191236678
69140.27191236678
69140.27191236678
69140.27191236678
69140.27191236678
69140.27191236678
68126.48752543205
68126.48752543205
68126.48752543205
68126.48752543205
68126.48752543205
68126.48752543205
68126.48752543205
68126.48752543205
68126.48752543205
68126.48752543205
68126.48752543205
64696.03692996235
64696.03692996235
64696.03692996235
64696.03692996235
64696.03692996235
64696.03692996235
64696.03692996235
64696.03692996235
64696.03692996235
64696.03692996235
64696.03692996235
64696.03692996235
64696.03692996235
64696.03692996235
64696.03692996235
64696.03692996235
64696.03692996235
64696.03692996235
64696.03692996235
64696.03692996235
64696.03692996235
64696.03692996235
64696.03692996235
64696.03692996235
64696.03692996235
64696.03692996235
64696.03692996235
64696.03692996235
64696.03692996235
64696.03692996235
64696.03692996235
64696.03692996235
64696.03692996235
64696.03692996235
64696.03692996235
64696.03692996235
64696.03692996235
64696.03692996235
64696.03692996235
64696.03692996235
64696.03692996235
64696.03692996235
64696.03692996235
64696.03692996235
64696.03692996235
64696.03692996235
64696.03692996235
64696.03692996235
64696.03692996235
64696.03692996235
64696.03692996235
64696.03692996235
64696.03692996235
64696.03692996235
64696.03692996235
64696.03692996235
64696.03692996235
61775.10405042066
61775.10405042066
61775.10405042066
61775.10405042066
61775.10405042066
61775.10405042066
61775.10405042066
61775.10405042066
61775.10405042066
61775.10405042066
61775.10405042066
61775.10405042066
61775.10405042066
61775.10405042066
61775.10405042066
61775.10405042066
61775.10405042066
61775.10405042066
61775.10405042066
61775.10405042066
61775.10405042066
61775.10405042066
61775.10405042066
61775.10405042066
61775.10405042066
61775.10405042066
61775.10405042066
61775.10405042066
61775.10405042066
61775.10405042066
61775.10405042066
61775.10405042066
61775.10405042066
61775.10405042066
61775.10405042066
61775.10405042066
61775.10405042066
61775.10405042066
61775.10405042066
61775.10405042066
61775.10405042066
61775.10405042066
61775.10405042066
61775.10405042066
61775.10405042066
61775.10405042066
61775.10405042066
61775.10405042066
61775.10405042066
61775.10405042066
61775.10405042066
61775.10405042066
61775.10405042066
61775.10405042066
61775.10405042066
61775.10405042066
61775.10405042066
61775.10405042066
61775.10405042066
61775.10405042066
61775.10405042066
61775.10405042066
61775.10405042066
61775.10405042066
61775.10405042066
61775.10405042066
61775.10405042066
61775.10405042066
61775.10405042066
61775.10405042066
61775.10405042066
61775.10405042066
61775.10405042066
61775.10405042066
61775.10405042066
61775.10405042066
61775.10405042066
61775.10405042066
61775.10405042066
61775.10405042066
61775.10405042066
61775.10405042066
61775.10405042066
61775.10405042066
61775.10405042066
60429.48654220133
60429.48654220133
60429.48654220133
60429.48654220133
60429.48654220133
60429.48654220133
60429.48654220133
60429.48654220133
60429.48654220133
60429.48654220133
60429.48654220133
60429.48654220133
60429.48654220133
60429.48654220133
60429.48654220133
60429.48654220133
60429.48654220133
60429.48654220133
60429.48654220133
60429.48654220133
60429.48654220133
60429.48654220133
60429.48654220133
60429.48654220133
60429.48654220133
59178.198338752365
59178.198338752365
59178.198338752365
59178.198338752365
59178.198338752365
59178.198338752365
59178.198338752365
59178.198338752365
58864.32875298805
58864.32875298805
58864.32875298805
58864.32875298805
58864.32875298805
58864.32875298805
58864.32875298805
58864.32875298805
58864.32875298805
58864.32875298805
58864.32875298805
58864.32875298805
58864.32875298805
58864.32875298805
58864.32875298805
58864.32875298805
58864.32875298805
58864.32875298805
58864.32875298805
58864.32875298805
58864.32875298805
58864.32875298805
58864.32875298805
58864.32875298805
58864.32875298805
58864.32875298805
58864.32875298805
58864.32875298805
58864.32875298805
58864.32875298805
58864.32875298805
58864.32875298805
58864.32875298805
58864.32875298805
58864.32875298805
58864.32875298805
58864.32875298805
58864.32875298805
58864.32875298805
58864.32875298805
58864.32875298805
58864.32875298805
58864.32875298805
58864.32875298805
58864.32875298805
58864.32875298805
58864.32875298805
58864.32875298805
58864.32875298805
58864.32875298805
58864.32875298805
58864.32875298805
58864.32875298805
58864.32875298805
58864.32875298805
58864.32875298805
58864.32875298805
58864.32875298805
58864.32875298805
58864.32875298805
58864.32875298805
58864.32875298805
56339.46986972682
56339.46986972682
56339.46986972682
56339.46986972682
56339.46986972682
56339.46986972682
56339.46986972682
56339.46986972682
56339.46986972682
56339.46986972682
56339.46986972682
56339.46986972682
56339.46986972682
56339.46986972682
56339.46986972682
56339.46986972682
56339.46986972682
56339.46986972682
56339.46986972682
56339.46986972682
56339.46986972682
56339.46986972682
53995.06611080848
53995.06611080848
53995.06611080848
53995.06611080848
53995.06611080848
53995.06611080848
53995.06611080848
53995.06611080848
53995.06611080848
53995.06611080848
53995.06611080848
53995.06611080848
53995.06611080848
53995.06611080848
53995.06611080848
53995.06611080848
53995.06611080848
53995.06611080848
53995.06611080848
53995.06611080848
53995.06611080848
53995.06611080848
53995.06611080848
53995.06611080848
53995.06611080848
53995.06611080848
53995.06611080848
53995.06611080848
53995.06611080848
53995.06611080848
53995.06611080848
53995.06611080848
53995.06611080848
53995.06611080848
53995.06611080848
53995.06611080848
53995.06611080848
53995.06611080848
53995.06611080848
53995.06611080848
53995.06611080848
53995.06611080848
53995.06611080848
53995.06611080848
53995.06611080848
53995.06611080848
53995.06611080848
53995.06611080848
53995.06611080848
53995.06611080848
53995.06611080848
53995.06611080848
53995.06611080848
53995.06611080848
53995.06611080848
53995.06611080848
53995.06611080848
53995.06611080848
53995.06611080848
53995.06611080848
53995.06611080848
53995.06611080848
53995.06611080848
53995.06611080848
53995.06611080848
53995.06611080848
53995.06611080848
53995.06611080848
53995.06611080848
53995.06611080848
53995.06611080848
53995.06611080848
53995.06611080848
53995.06611080848
53995.06611080848
53995.06611080848
53995.06611080848
53995.06611080848
53995.06611080848
53995.06611080848
53995.06611080848
53995.06611080848
53995.06611080848
53995.06611080848
53995.06611080848
53995.06611080848
53995.06611080848
53995.06611080848
53995.06611080848
53995.06611080848
53995.06611080848
53995.06611080848
53995.06611080848
53995.06611080848
53995.06611080848
53995.06611080848
53995.06611080848
53995.06611080848
53995.06611080848
53995.06611080848
53995.06611080848
53995.06611080848
53995.06611080848
53995.06611080848
53995.06611080848
53995.06611080848
53995.06611080848
53995.06611080848
53995.06611080848
53995.06611080848
53995.06611080848
53995.06611080848
53995.06611080848
53995.06611080848
53995.06611080848
53995.06611080848
53995.06611080848
53995.06611080848
53995.06611080848
53995.06611080848
53995.06611080848
53995.06611080848
53995.06611080848
53995.06611080848
53995.06611080848
53995.06611080848
53995.06611080848
53995.06611080848
53995.06611080848
53995.06611080848
53995.06611080848
53995.06611080848
53995.06611080848
53995.06611080848
53995.06611080848
53995.06611080848
53322.142845135146
53322.142845135146
53322.142845135146
53322.142845135146
53322.142845135146
53322.142845135146
53322.142845135146
53322.142845135146
53322.142845135146
53322.142845135146
53322.142845135146
53322.142845135146
53322.142845135146
53322.142845135146
53322.142845135146
53322.142845135146
53322.142845135146
53322.142845135146
53322.142845135146
53322.142845135146
53322.142845135146
53322.142845135146
53322.142845135146
53322.142845135146
53322.142845135146
53234.958993296015
53234.958993296015
53234.958993296015
53234.958993296015
53234.958993296015
53234.958993296015
53234.958993296015
53234.958993296015
53234.958993296015
53234.958993296015
53234.958993296015
53234.958993296015
53234.958993296015
53234.958993296015
53234.958993296015
53234.958993296015
53234.958993296015
53234.958993296015
53234.958993296015
53234.958993296015
53234.958993296015
53234.958993296015
53234.958993296015
53234.958993296015
53234.958993296015
53234.958993296015
53234.958993296015
53234.958993296015
52870.34121262388
52870.34121262388
52870.34121262388
52870.34121262388
52870.34121262388
52870.34121262388
52870.34121262388
52870.34121262388
52870.34121262388
52870.34121262388
52870.34121262388
52870.34121262388
52870.34121262388
52330.632485307484
52330.632485307484
52330.632485307484
52330.632485307484
52330.632485307484
52330.632485307484
52330.632485307484
52330.632485307484
52330.632485307484
52330.632485307484
52330.632485307484
52330.632485307484
52330.632485307484
52330.632485307484
52330.632485307484
52330.632485307484
52330.632485307484
52330.632485307484
52330.632485307484
52330.632485307484
52330.632485307484
52330.632485307484
50998.7612122369
50998.7612122369
50998.7612122369
50998.7612122369
50998.7612122369
50998.7612122369
50998.7612122369
50998.7612122369
50998.7612122369
50998.7612122369
50998.7612122369
50998.7612122369
50998.7612122369
50998.7612122369
50998.7612122369
50998.7612122369
50998.7612122369
50998.7612122369
50998.7612122369
50998.7612122369
50998.7612122369
50998.7612122369
50998.7612122369
50998.7612122369
50998.7612122369
49746.52057440606
49746.52057440606
49746.52057440606
49746.52057440606
49746.52057440606
49746.52057440606
49746.52057440606
49746.52057440606
49746.52057440606
49746.52057440606
49746.52057440606
49746.52057440606
49746.52057440606
49746.52057440606
49746.52057440606
49598.19597620229
49598.19597620229
49598.19597620229
49598.19597620229
49598.19597620229
49598.19597620229
49598.19597620229
49598.19597620229
49598.19597620229
49598.19597620229
49598.19597620229
49598.19597620229
49598.19597620229
49598.19597620229
49598.19597620229
49598.19597620229
49598.19597620229
49598.19597620229
49598.19597620229
49598.19597620229
49598.19597620229
49598.19597620229
49598.19597620229
49598.19597620229
49598.19597620229
49598.19597620229
49598.19597620229
49598.19597620229
49598.19597620229
49598.19597620229
49598.19597620229
49598.19597620229
49598.19597620229
49598.19597620229
49598.19597620229
49598.19597620229
49598.19597620229
49598.19597620229
49598.19597620229
49598.19597620229
49598.19597620229
49598.19597620229
49598.19597620229
49598.19597620229
49598.19597620229
49598.19597620229
49598.19597620229
49598.19597620229
49598.19597620229
49598.19597620229
49598.19597620229
49598.19597620229
49598.19597620229
49598.19597620229
49598.19597620229
49598.19597620229
49598.19597620229
49598.19597620229
49598.19597620229
49598.19597620229
49598.19597620229
49598.19597620229
49598.19597620229
49598.19597620229
49598.19597620229
49598.19597620229
49598.19597620229
49069.9126792721
49069.9126792721
49069.9126792721
49069.9126792721
49069.9126792721
49069.9126792721
49069.9126792721
49069.9126792721
49069.9126792721
49069.9126792721
49069.9126792721
49069.9126792721
49069.9126792721
49069.9126792721
49069.9126792721
49069.9126792721
49069.9126792721
49069.9126792721
49069.9126792721
49069.9126792721
49069.9126792721
49069.9126792721
49069.9126792721
49069.9126792721
48736.397846566986
48736.397846566986
48736.397846566986
48736.397846566986
48736.397846566986
48576.7746730216
48576.7746730216
48576.7746730216
48576.7746730216
48576.7746730216
48576.7746730216
48576.7746730216
48576.7746730216
48576.7746730216
48576.7746730216
48576.7746730216
48576.7746730216
48576.7746730216
48576.7746730216
48576.7746730216
48394.37567246308
48394.37567246308
48394.37567246308
48394.37567246308
48394.37567246308
48394.37567246308
48394.37567246308
48394.37567246308
48394.37567246308
48394.37567246308
48394.37567246308
46691.96790578275
46691.96790578275
46691.96790578275
46691.96790578275
46691.96790578275
46691.96790578275
46691.96790578275
46691.96790578275
46691.96790578275
46691.96790578275
46691.96790578275
46691.96790578275
46691.96790578275
46691.96790578275
46691.96790578275
46691.96790578275
46691.96790578275
46691.96790578275
46691.96790578275
46691.96790578275
46691.96790578275
46691.96790578275
46691.96790578275
46691.96790578275
46691.96790578275
46691.96790578275
46691.96790578275
46691.96790578275
46691.96790578275
46691.96790578275
46239.46558394699
46239.46558394699
46239.46558394699
46239.46558394699
46239.46558394699
46239.46558394699
46239.46558394699
46239.46558394699
46239.46558394699
46239.46558394699
46239.46558394699
46239.46558394699
46239.46558394699
46239.46558394699
46239.46558394699
46239.46558394699
46239.46558394699
46239.46558394699
46239.46558394699
46239.46558394699
46239.46558394699
46239.46558394699
46239.46558394699
46239.46558394699
46239.46558394699
46239.46558394699
46239.46558394699
46239.46558394699
46239.46558394699
46239.46558394699
46239.46558394699
46239.46558394699
46239.46558394699
46239.46558394699
46239.46558394699
46239.46558394699
46239.46558394699
46239.46558394699
46239.46558394699
46239.46558394699
46239.46558394699
46239.46558394699
46239.46558394699
46239.46558394699
46239.46558394699
46239.46558394699
46239.46558394699
46239.46558394699
46239.46558394699
46239.46558394699
46239.46558394699
46239.46558394699
46239.46558394699
46239.46558394699
46239.46558394699
46239.46558394699
46239.46558394699
46239.46558394699
46239.46558394699
46239.46558394699
46239.46558394699
46239.46558394699
46239.46558394699
46239.46558394699
45372.331530782576
45372.331530782576
45372.331530782576
45372.331530782576
45372.331530782576
45372.331530782576
45372.331530782576
45372.331530782576
45372.331530782576
45372.331530782576
45372.331530782576
45372.331530782576
45372.331530782576
45372.331530782576
45372.331530782576
45372.331530782576
45372.331530782576
45372.331530782576
45372.331530782576
45372.331530782576
45372.331530782576
45372.331530782576
45372.331530782576
45372.331530782576
45372.331530782576
45372.331530782576
45372.331530782576
45372.331530782576
45372.331530782576
45372.331530782576
45372.331530782576
45372.331530782576
45372.331530782576
45372.331530782576
45372.331530782576
45372.331530782576
45372.331530782576
45372.331530782576
45372.331530782576
45372.331530782576
Time: 43.84788513183594 seconds 
Best solution: 45372.331530782576 [20, 19, 17, 104, 24, 16, 7, 33, 12, 21, 37, 27, 32, 10, 25, 8, 18, 42, 52, 57, 105, 38, 43, 41, 48, 59, 35, 34, 46, 53, 61, 60, 56, 49, 15, 89, 99, 91, 63, 92, 97, 36, 39, 87, 51, 58, 72, 22, 40, 30, 101, 65, 93, 47, 71, 74, 68, 54, 50, 82, 86, 55, 69, 102, 67, 84, 90, 14, 73, 88, 80, 77, 45, 62, 83, 13, 70, 75, 98, 85, 64, 95, 66, 94, 81, 79, 96, 100, 5, 44, 76, 4, 78, 11, 23, 26, 2, 3, 9, 6, 1, 28, 29, 103, 31]
Avg solution: 59864.643500033795