Alg:2, Run: 4, file: C:\Users\gabri\Documents\AN 3 SEM 2\AI\Lab\Lab3\\lin105.tsp, population number: 1000, generations: 1000 
102294.33213560001
102294.33213560001
102294.33213560001
102294.33213560001
102294.33213560001
100559.48044858879
100559.48044858879
99038.7330995464
99038.7330995464
99038.7330995464
97155.09674121634
97155.09674121634
97155.09674121634
97155.09674121634
97155.09674121634
97155.09674121634
97155.09674121634
97155.09674121634
95290.07915041676
95290.07915041676
95290.07915041676
95290.07915041676
95290.07915041676
95007.71561564798
95007.71561564798
95007.71561564798
95007.71561564798
95007.71561564798
95007.71561564798
95007.71561564798
92206.15869483924
92206.15869483924
92206.15869483924
92206.15869483924
92206.15869483924
90422.27801810745
90422.27801810745
90422.27801810745
90422.27801810745
90422.27801810745
90422.27801810745
90422.27801810745
90422.27801810745
90422.27801810745
90422.27801810745
90422.27801810745
90422.27801810745
88656.03497330305
88656.03497330305
88656.03497330305
88656.03497330305
88656.03497330305
88656.03497330305
87820.46821188582
87820.46821188582
87820.46821188582
87820.46821188582
87241.9973135009
87241.9973135009
87241.9973135009
87241.9973135009
87241.9973135009
87241.9973135009
87241.9973135009
87241.9973135009
87241.9973135009
87241.9973135009
87241.9973135009
86744.68729744105
86744.68729744105
86744.68729744105
86744.68729744105
84362.34462122883
84362.34462122883
84362.34462122883
84362.34462122883
84362.34462122883
84362.34462122883
84362.34462122883
84362.34462122883
84362.34462122883
84362.34462122883
84362.34462122883
84362.34462122883
84362.34462122883
84362.34462122883
84362.34462122883
84362.34462122883
83035.73235751156
83035.73235751156
83035.73235751156
83035.73235751156
83026.49380483625
83026.49380483625
83026.49380483625
83026.49380483625
83026.49380483625
83026.49380483625
83026.49380483625
83026.49380483625
83026.49380483625
83005.24824285395
83005.24824285395
83005.24824285395
83005.24824285395
83005.24824285395
83005.24824285395
83005.24824285395
83005.24824285395
83005.24824285395
83005.24824285395
83005.24824285395
83005.24824285395
83005.24824285395
83005.24824285395
83005.24824285395
83005.24824285395
82859.10275564359
79522.88461126525
79522.88461126525
79522.88461126525
79522.88461126525
79522.88461126525
79522.88461126525
79522.88461126525
79522.88461126525
79522.88461126525
79522.88461126525
79522.88461126525
79522.88461126525
79522.88461126525
79522.88461126525
79522.88461126525
79522.88461126525
79522.88461126525
79522.88461126525
79522.88461126525
79522.88461126525
79522.88461126525
79522.88461126525
79522.88461126525
79522.88461126525
79522.88461126525
79522.88461126525
79522.88461126525
79522.88461126525
79522.88461126525
79522.88461126525
79164.24719974672
77702.11625887075
77702.11625887075
77702.11625887075
77702.11625887075
77702.11625887075
77702.11625887075
77702.11625887075
77702.11625887075
77702.11625887075
77702.11625887075
77702.11625887075
77702.11625887075
77702.11625887075
74148.89860800607
74148.89860800607
74148.89860800607
74148.89860800607
74148.89860800607
74148.89860800607
74148.89860800607
74148.89860800607
74148.89860800607
74148.89860800607
74148.89860800607
74148.89860800607
74148.89860800607
74148.89860800607
74148.89860800607
74148.89860800607
74148.89860800607
74148.89860800607
74148.89860800607
74148.89860800607
74148.89860800607
74148.89860800607
74148.89860800607
73376.26344764057
73376.26344764057
73376.26344764057
73376.26344764057
73376.26344764057
73376.26344764057
73376.26344764057
73376.26344764057
73376.26344764057
73376.26344764057
73376.26344764057
73376.26344764057
73376.26344764057
73376.26344764057
73376.26344764057
73376.26344764057
73376.26344764057
73376.26344764057
73376.26344764057
73376.26344764057
73376.26344764057
73376.26344764057
73376.26344764057
73376.26344764057
73376.26344764057
73376.26344764057
73376.26344764057
73376.26344764057
73376.26344764057
73376.26344764057
72346.5099972012
72346.5099972012
72346.5099972012
72346.5099972012
72346.5099972012
72346.5099972012
72346.5099972012
72346.5099972012
72346.5099972012
72346.5099972012
72346.5099972012
72346.5099972012
72346.5099972012
72346.5099972012
72346.5099972012
72346.5099972012
72346.5099972012
72346.5099972012
72346.5099972012
72346.5099972012
72346.5099972012
72346.5099972012
72346.5099972012
69997.18552747565
69997.18552747565
69997.18552747565
69997.18552747565
69997.18552747565
69892.98950123033
69892.98950123033
69892.98950123033
69892.98950123033
69576.66732997248
69576.66732997248
69576.66732997248
69576.66732997248
69576.66732997248
69576.66732997248
69576.66732997248
69576.66732997248
69576.66732997248
69576.66732997248
69576.66732997248
69223.03886567906
69223.03886567906
69223.03886567906
69223.03886567906
69077.58544800515
69077.58544800515
69077.58544800515
69077.58544800515
69077.58544800515
69077.58544800515
69077.58544800515
68953.25630208408
68953.25630208408
68953.25630208408
68953.25630208408
68953.25630208408
68953.25630208408
68953.25630208408
68953.25630208408
68953.25630208408
68953.25630208408
68953.25630208408
68953.25630208408
68953.25630208408
68953.25630208408
68953.25630208408
68953.25630208408
68953.25630208408
68413.14814014382
68413.14814014382
68413.14814014382
68413.14814014382
68413.14814014382
68413.14814014382
68413.14814014382
68413.14814014382
68413.14814014382
68413.14814014382
68413.14814014382
68413.14814014382
68413.14814014382
68413.14814014382
68413.14814014382
67203.62638033231
67203.62638033231
67203.62638033231
67203.62638033231
67203.62638033231
67203.62638033231
67203.62638033231
67203.62638033231
67200.35529961756
67200.35529961756
67200.35529961756
67200.35529961756
67200.35529961756
67200.35529961756
67200.35529961756
66093.42309064956
66093.42309064956
66093.42309064956
66093.42309064956
66093.42309064956
66093.42309064956
66093.42309064956
66093.42309064956
66093.42309064956
66093.42309064956
66093.42309064956
66093.42309064956
66093.42309064956
66093.42309064956
66093.42309064956
66093.42309064956
66093.42309064956
66093.42309064956
66093.42309064956
66060.85086609892
65346.94758259618
65346.94758259618
65346.94758259618
65346.94758259618
65346.94758259618
65346.94758259618
65346.94758259618
65346.94758259618
65346.94758259618
65346.94758259618
65346.94758259618
65346.94758259618
65346.94758259618
65346.94758259618
65346.94758259618
65346.94758259618
65346.94758259618
65346.94758259618
65331.43763255097
65331.43763255097
65331.43763255097
65331.43763255097
65331.43763255097
65331.43763255097
65331.43763255097
65331.43763255097
65331.43763255097
65331.43763255097
65331.43763255097
63246.599203452235
63246.599203452235
63246.599203452235
63246.599203452235
63246.599203452235
63246.599203452235
63246.599203452235
63246.599203452235
63246.599203452235
63246.599203452235
62320.778516989354
62320.778516989354
62320.778516989354
62320.778516989354
62320.778516989354
62320.778516989354
62320.778516989354
62320.778516989354
62320.778516989354
62320.778516989354
62320.778516989354
62320.778516989354
62320.778516989354
62320.778516989354
62320.778516989354
62320.778516989354
62320.778516989354
62320.778516989354
62320.778516989354
62320.778516989354
62320.778516989354
62320.778516989354
62320.778516989354
62320.778516989354
62320.778516989354
62320.778516989354
62320.778516989354
62320.778516989354
62320.778516989354
62320.778516989354
61558.95157118518
61558.95157118518
61558.95157118518
61558.95157118518
61558.95157118518
61558.95157118518
61558.95157118518
61558.95157118518
61558.95157118518
61558.95157118518
61558.95157118518
61558.95157118518
61558.95157118518
61558.95157118518
61558.95157118518
61558.95157118518
61558.95157118518
61558.95157118518
61558.95157118518
61558.95157118518
61558.95157118518
61558.95157118518
61558.95157118518
61558.95157118518
61558.95157118518
61355.0598857536
61355.0598857536
61355.0598857536
61355.0598857536
61355.0598857536
61355.0598857536
61355.0598857536
61355.0598857536
61355.0598857536
61355.0598857536
61355.0598857536
61355.0598857536
60380.850106759586
60380.850106759586
60380.850106759586
60380.850106759586
59533.62622840623
59533.62622840623
59533.62622840623
59459.14883009286
59459.14883009286
59459.14883009286
59459.14883009286
59459.14883009286
59459.14883009286
59459.14883009286
59459.14883009286
59459.14883009286
59459.14883009286
59459.14883009286
59459.14883009286
59459.14883009286
59459.14883009286
59459.14883009286
59459.14883009286
59459.14883009286
59459.14883009286
59459.14883009286
59459.14883009286
59459.14883009286
59459.14883009286
59459.14883009286
59459.14883009286
59459.14883009286
59459.14883009286
59459.14883009286
59459.14883009286
59459.14883009286
59459.14883009286
59459.14883009286
58144.61668947656
58144.61668947656
58144.61668947656
58144.61668947656
58144.61668947656
58144.61668947656
58144.61668947656
58144.61668947656
58144.61668947656
58144.61668947656
58144.61668947656
58144.61668947656
58144.61668947656
58144.61668947656
58144.61668947656
58144.61668947656
58144.61668947656
58144.61668947656
58144.61668947656
57821.54781521404
57821.54781521404
57821.54781521404
57821.54781521404
57821.54781521404
57821.54781521404
57821.54781521404
57821.54781521404
57821.54781521404
57821.54781521404
57821.54781521404
57821.54781521404
57821.54781521404
57821.54781521404
57821.54781521404
57821.54781521404
57821.54781521404
57821.54781521404
57821.54781521404
57821.54781521404
57821.54781521404
57821.54781521404
57821.54781521404
57821.54781521404
57821.54781521404
57821.54781521404
57821.54781521404
57821.54781521404
57821.54781521404
57821.54781521404
57821.54781521404
57821.54781521404
57821.54781521404
57325.29587726142
57325.29587726142
57325.29587726142
57325.29587726142
57325.29587726142
57325.29587726142
57325.29587726142
57325.29587726142
57325.29587726142
54653.15060677595
54653.15060677595
54653.15060677595
54653.15060677595
54653.15060677595
54653.15060677595
54653.15060677595
54653.15060677595
54653.15060677595
54653.15060677595
54653.15060677595
54653.15060677595
54653.15060677595
54653.15060677595
54653.15060677595
54653.15060677595
54653.15060677595
54653.15060677595
54653.15060677595
54653.15060677595
54653.15060677595
54653.15060677595
54653.15060677595
54653.15060677595
54653.15060677595
54653.15060677595
54653.15060677595
54653.15060677595
54653.15060677595
54653.15060677595
54653.15060677595
54653.15060677595
54653.15060677595
54653.15060677595
54653.15060677595
54653.15060677595
54653.15060677595
54653.15060677595
54653.15060677595
54653.15060677595
54653.15060677595
54653.15060677595
54653.15060677595
54653.15060677595
54653.15060677595
54653.15060677595
54653.15060677595
54653.15060677595
54653.15060677595
54653.15060677595
54653.15060677595
54653.15060677595
54653.15060677595
54653.15060677595
54653.15060677595
54653.15060677595
54653.15060677595
54653.15060677595
54653.15060677595
54653.15060677595
54653.15060677595
54653.15060677595
54653.15060677595
54653.15060677595
54653.15060677595
54653.15060677595
54653.15060677595
54653.15060677595
54653.15060677595
54653.15060677595
54653.15060677595
54653.15060677595
54653.15060677595
54653.15060677595
54653.15060677595
54653.15060677595
54003.429616032896
54003.429616032896
54003.429616032896
54003.429616032896
54003.429616032896
54003.429616032896
54003.429616032896
54003.429616032896
54003.429616032896
54003.429616032896
54003.429616032896
54003.429616032896
54003.429616032896
54003.429616032896
54003.429616032896
54003.429616032896
54003.429616032896
54003.429616032896
54003.429616032896
54003.429616032896
54003.429616032896
54003.429616032896
53009.021340671214
53009.021340671214
53009.021340671214
53009.021340671214
53009.021340671214
53009.021340671214
53009.021340671214
53009.021340671214
53009.021340671214
53009.021340671214
53009.021340671214
53009.021340671214
53009.021340671214
53009.021340671214
53009.021340671214
53009.021340671214
53009.021340671214
53009.021340671214
53009.021340671214
53009.021340671214
53009.021340671214
53009.021340671214
53009.021340671214
53009.021340671214
53009.021340671214
53009.021340671214
53009.021340671214
53009.021340671214
53009.021340671214
53009.021340671214
53009.021340671214
53009.021340671214
53009.021340671214
53009.021340671214
53009.021340671214
53009.021340671214
52495.63984737809
52495.63984737809
52495.63984737809
52495.63984737809
52495.63984737809
52495.63984737809
52495.63984737809
52495.63984737809
52495.63984737809
52495.63984737809
52209.57776215491
52209.57776215491
52209.57776215491
52209.57776215491
52209.57776215491
52209.57776215491
52209.57776215491
52209.57776215491
51676.43421320957
51676.43421320957
51676.43421320957
51676.43421320957
51676.43421320957
51676.43421320957
49942.758561788694
49942.758561788694
49942.758561788694
49942.758561788694
49942.758561788694
49942.758561788694
49942.758561788694
49942.758561788694
49942.758561788694
49942.758561788694
49942.758561788694
49942.758561788694
49942.758561788694
49942.758561788694
49942.758561788694
49942.758561788694
49942.758561788694
49942.758561788694
49942.758561788694
49942.758561788694
49942.758561788694
49942.758561788694
49942.758561788694
49942.758561788694
49942.758561788694
49942.758561788694
49942.758561788694
49942.758561788694
49942.758561788694
49942.758561788694
49942.758561788694
49942.758561788694
49942.758561788694
49942.758561788694
49942.758561788694
49942.758561788694
49942.758561788694
49942.758561788694
49942.758561788694
49942.758561788694
49942.758561788694
49942.758561788694
49942.758561788694
49942.758561788694
49942.758561788694
49942.758561788694
49942.758561788694
49942.758561788694
49942.758561788694
49942.758561788694
49942.758561788694
49942.758561788694
49942.758561788694
49942.758561788694
49942.758561788694
49942.758561788694
49942.758561788694
49942.758561788694
49942.758561788694
49942.758561788694
49942.758561788694
49942.758561788694
49942.758561788694
49942.758561788694
49942.758561788694
49942.758561788694
49942.758561788694
49942.758561788694
49942.758561788694
49942.758561788694
49942.758561788694
49942.758561788694
49942.758561788694
49942.758561788694
49942.758561788694
49942.758561788694
49942.758561788694
49942.758561788694
49942.758561788694
49942.758561788694
49942.758561788694
49942.758561788694
49942.758561788694
49942.758561788694
49942.758561788694
49942.758561788694
49942.758561788694
49942.758561788694
49942.758561788694
49942.758561788694
49942.758561788694
49942.758561788694
49942.758561788694
49942.758561788694
49942.758561788694
49745.50414301506
48357.0392656049
48357.0392656049
48357.0392656049
48357.0392656049
48357.0392656049
48357.0392656049
48357.0392656049
48357.0392656049
48357.0392656049
48357.0392656049
48357.0392656049
48357.0392656049
48357.0392656049
48357.0392656049
48357.0392656049
48357.0392656049
48357.0392656049
48357.0392656049
48357.0392656049
48357.0392656049
48357.0392656049
48357.0392656049
48357.0392656049
48357.0392656049
48357.0392656049
48357.0392656049
48357.0392656049
48357.0392656049
48357.0392656049
48357.0392656049
48357.0392656049
48357.0392656049
48357.0392656049
48357.0392656049
48357.0392656049
48357.0392656049
48357.0392656049
48357.0392656049
48357.0392656049
48357.0392656049
48357.0392656049
48357.0392656049
48357.0392656049
48357.0392656049
48357.0392656049
48357.0392656049
48357.0392656049
48357.0392656049
48357.0392656049
48357.0392656049
48357.0392656049
46541.149694968684
46541.149694968684
46541.149694968684
46541.149694968684
46541.149694968684
46541.149694968684
46541.149694968684
46541.149694968684
46541.149694968684
46541.149694968684
46541.149694968684
46541.149694968684
46541.149694968684
46541.149694968684
46541.149694968684
46541.149694968684
46541.149694968684
46541.149694968684
46541.149694968684
46541.149694968684
46541.149694968684
46541.149694968684
46541.149694968684
46098.90961957446
46098.90961957446
46098.90961957446
46098.90961957446
46098.90961957446
46098.90961957446
46098.90961957446
46098.90961957446
46098.90961957446
46098.90961957446
46098.90961957446
46098.90961957446
46098.90961957446
46098.90961957446
46098.90961957446
46098.90961957446
46098.90961957446
46098.90961957446
46098.90961957446
46098.90961957446
46098.90961957446
46098.90961957446
46098.90961957446
46098.90961957446
46098.90961957446
46098.90961957446
46098.90961957446
46098.90961957446
46098.90961957446
46098.90961957446
46098.90961957446
46098.90961957446
46098.90961957446
46098.90961957446
46098.90961957446
46098.90961957446
46098.90961957446
46098.90961957446
46098.90961957446
46098.90961957446
46098.90961957446
46098.90961957446
46098.90961957446
46098.90961957446
43437.3973415627
43437.3973415627
43437.3973415627
43437.3973415627
43437.3973415627
43437.3973415627
43437.3973415627
43437.3973415627
43437.3973415627
43437.3973415627
43437.3973415627
43437.3973415627
43437.3973415627
43437.3973415627
43437.3973415627
43437.3973415627
43437.3973415627
43437.3973415627
43437.3973415627
43437.3973415627
43437.3973415627
43437.3973415627
43437.3973415627
43437.3973415627
43437.3973415627
43437.3973415627
43437.3973415627
43437.3973415627
43437.3973415627
43437.3973415627
43437.3973415627
43437.3973415627
43437.3973415627
43437.3973415627
43437.3973415627
43437.3973415627
43437.3973415627
43437.3973415627
43437.3973415627
43437.3973415627
43437.3973415627
43437.3973415627
43437.3973415627
43437.3973415627
43437.3973415627
43437.3973415627
43437.3973415627
43437.3973415627
43437.3973415627
43437.3973415627
43437.3973415627
43437.3973415627
43437.3973415627
43437.3973415627
43437.3973415627
43437.3973415627
43437.3973415627
43437.3973415627
43437.3973415627
43437.3973415627
43437.3973415627
43437.3973415627
43437.3973415627
43437.3973415627
43437.3973415627
43437.3973415627
43437.3973415627
43437.3973415627
43437.3973415627
43437.3973415627
43437.3973415627
43437.3973415627
43437.3973415627
43437.3973415627
43437.3973415627
43437.3973415627
43437.3973415627
43437.3973415627
43437.3973415627
43437.3973415627
43437.3973415627
43437.3973415627
43437.3973415627
43437.3973415627
43437.3973415627
43437.3973415627
43437.3973415627
Time: 43.889169692993164 seconds 
Best solution: 43437.3973415627 [11, 21, 46, 65, 43, 37, 39, 13, 61, 38, 34, 35, 5, 52, 49, 47, 56, 48, 51, 50, 29, 53, 54, 42, 45, 104, 22, 31, 24, 4, 14, 9, 17, 28, 27, 32, 20, 103, 26, 33, 41, 44, 83, 79, 70, 84, 77, 59, 101, 80, 96, 87, 8, 19, 72, 66, 68, 71, 85, 97, 40, 62, 81, 105, 55, 76, 82, 92, 89, 64, 60, 99, 95, 75, 23, 69, 90, 93, 57, 102, 63, 94, 100, 86, 73, 74, 67, 36, 98, 58, 91, 88, 78, 25, 18, 12, 16, 30, 15, 3, 10, 6, 7, 2, 1]
Avg solution: 61339.2569126683