Alg:2, Run: 8, file: C:\Users\gabri\Documents\AN 3 SEM 2\AI\Lab\Lab3\\lin105.tsp, population number: 1000, generations: 1000 
103583.74688571763
103583.74688571763
103583.74688571763
103583.74688571763
103583.74688571763
102798.45410885043
100600.21488434226
98873.85620121616
98873.85620121616
98343.49441783201
94329.51996318359
94329.51996318359
94329.51996318359
94329.51996318359
94329.51996318359
94329.51996318359
94329.51996318359
94329.51996318359
94329.51996318359
94329.51996318359
94329.51996318359
94329.51996318359
94329.51996318359
94009.92217926917
93952.60359809989
93952.60359809989
93952.60359809989
93952.60359809989
93952.60359809989
93952.60359809989
93453.58889377317
93453.58889377317
92443.10319983764
91832.42574753246
91832.42574753246
91832.42574753246
91832.42574753246
91832.42574753246
91393.2481990883
91393.2481990883
91393.2481990883
91393.2481990883
91393.2481990883
91393.2481990883
89573.99635342507
89573.99635342507
89573.99635342507
89573.99635342507
89573.99635342507
89573.99635342507
89573.99635342507
89573.99635342507
88295.53010310335
88295.53010310335
88295.53010310335
88295.53010310335
88295.53010310335
88295.53010310335
85103.50498749845
85103.50498749845
85103.50498749845
85103.50498749845
85103.50498749845
85103.50498749845
85103.50498749845
85103.50498749845
85103.50498749845
85103.50498749845
85103.50498749845
85103.50498749845
85103.50498749845
85103.50498749845
85103.50498749845
85103.50498749845
85103.50498749845
83372.91863311324
83372.91863311324
83372.91863311324
83372.91863311324
83372.91863311324
83372.91863311324
83372.91863311324
83372.91863311324
83372.91863311324
82202.1317077007
82202.1317077007
82202.1317077007
82202.1317077007
82202.1317077007
82202.1317077007
82202.1317077007
82202.1317077007
82202.1317077007
82202.1317077007
82202.1317077007
82202.1317077007
82202.1317077007
82202.1317077007
82202.1317077007
82202.1317077007
82202.1317077007
82202.1317077007
82202.1317077007
82202.1317077007
82202.1317077007
82202.1317077007
82202.1317077007
82202.1317077007
82202.1317077007
82202.1317077007
82099.2696467503
82099.2696467503
82099.2696467503
82099.2696467503
82099.2696467503
82099.2696467503
82099.2696467503
82099.2696467503
82099.2696467503
82099.2696467503
81173.98702646374
81173.98702646374
80504.32284095034
80504.32284095034
80504.32284095034
79697.5935375962
75155.78367645727
75155.78367645727
75155.78367645727
75155.78367645727
75155.78367645727
75155.78367645727
75155.78367645727
75155.78367645727
75155.78367645727
75155.78367645727
75155.78367645727
75155.78367645727
75155.78367645727
75155.78367645727
75155.78367645727
75155.78367645727
75155.78367645727
75155.78367645727
75155.78367645727
75155.78367645727
75155.78367645727
75155.78367645727
75155.78367645727
75155.78367645727
75155.78367645727
75155.78367645727
75155.78367645727
75155.78367645727
75155.78367645727
75155.78367645727
75155.78367645727
75155.78367645727
75155.78367645727
75155.78367645727
75155.78367645727
75155.78367645727
75155.78367645727
75155.78367645727
75155.78367645727
75155.78367645727
75155.78367645727
75155.78367645727
75155.78367645727
75155.78367645727
75155.78367645727
75155.78367645727
75155.78367645727
74849.96600308368
74849.96600308368
74849.96600308368
74849.96600308368
74849.96600308368
74849.96600308368
74849.96600308368
74849.96600308368
74849.96600308368
72505.71918090711
72505.71918090711
72505.71918090711
72505.71918090711
72505.71918090711
72505.71918090711
72505.71918090711
68054.42656061327
68054.42656061327
68054.42656061327
68054.42656061327
68054.42656061327
68054.42656061327
68054.42656061327
68054.42656061327
68054.42656061327
68054.42656061327
68054.42656061327
68054.42656061327
68054.42656061327
68054.42656061327
68054.42656061327
68054.42656061327
68054.42656061327
68054.42656061327
68054.42656061327
68054.42656061327
68054.42656061327
68054.42656061327
68054.42656061327
68054.42656061327
68054.42656061327
68054.42656061327
68054.42656061327
68054.42656061327
68054.42656061327
68054.42656061327
68054.42656061327
68054.42656061327
68054.42656061327
68054.42656061327
68054.42656061327
68054.42656061327
68054.42656061327
68054.42656061327
68054.42656061327
68054.42656061327
68054.42656061327
68054.42656061327
68054.42656061327
68054.42656061327
68054.42656061327
68054.42656061327
68054.42656061327
68054.42656061327
68054.42656061327
68054.42656061327
68054.42656061327
68054.42656061327
68054.42656061327
68054.42656061327
68054.42656061327
68054.42656061327
68054.42656061327
68054.42656061327
68054.42656061327
68054.42656061327
68054.42656061327
68054.42656061327
68054.42656061327
68054.42656061327
68054.42656061327
68054.42656061327
68054.42656061327
68054.42656061327
68054.42656061327
68054.42656061327
68054.42656061327
68054.42656061327
68054.42656061327
68054.42656061327
68054.42656061327
68054.42656061327
68054.42656061327
68054.42656061327
68054.42656061327
68054.42656061327
68054.42656061327
68054.42656061327
68054.42656061327
68054.42656061327
68054.42656061327
68054.42656061327
68054.42656061327
68054.42656061327
68054.42656061327
68054.42656061327
68054.42656061327
68054.42656061327
68054.42656061327
68054.42656061327
68054.42656061327
68054.42656061327
68054.42656061327
68054.42656061327
68054.42656061327
68054.42656061327
68054.42656061327
68054.42656061327
68054.42656061327
68054.42656061327
68054.42656061327
67639.93695849912
67639.93695849912
67639.93695849912
67639.93695849912
67639.93695849912
67639.93695849912
67639.93695849912
67639.93695849912
67639.93695849912
67639.93695849912
67639.93695849912
67639.93695849912
66867.93110200994
66867.93110200994
66867.93110200994
66867.93110200994
66867.93110200994
66867.93110200994
66867.93110200994
66457.0304902055
66457.0304902055
66457.0304902055
66457.0304902055
66457.0304902055
66457.0304902055
66457.0304902055
66457.0304902055
66457.0304902055
66457.0304902055
66457.0304902055
66457.0304902055
66340.91187066222
66340.91187066222
66340.91187066222
66340.91187066222
66340.91187066222
66340.91187066222
66340.91187066222
66340.91187066222
66340.91187066222
65339.61318734193
65339.61318734193
65339.61318734193
65339.61318734193
65339.61318734193
65339.61318734193
65339.61318734193
65339.61318734193
65339.61318734193
65339.61318734193
65339.61318734193
65339.61318734193
65338.83549479595
65338.83549479595
65338.83549479595
65338.83549479595
65338.83549479595
65338.83549479595
65338.83549479595
65338.83549479595
65338.83549479595
65338.83549479595
65338.83549479595
65338.83549479595
65338.83549479595
65338.83549479595
65048.549569724055
65048.549569724055
65048.549569724055
65048.549569724055
65048.549569724055
65048.549569724055
65048.549569724055
65048.549569724055
65048.549569724055
65048.549569724055
65048.549569724055
65048.549569724055
65048.549569724055
63194.03661737941
63194.03661737941
63194.03661737941
63194.03661737941
63194.03661737941
63194.03661737941
63194.03661737941
63194.03661737941
63194.03661737941
63194.03661737941
63194.03661737941
63194.03661737941
63194.03661737941
63194.03661737941
63194.03661737941
63194.03661737941
63194.03661737941
63194.03661737941
63194.03661737941
63194.03661737941
63194.03661737941
63194.03661737941
63194.03661737941
63194.03661737941
63194.03661737941
63194.03661737941
63194.03661737941
63194.03661737941
63194.03661737941
63194.03661737941
63194.03661737941
63194.03661737941
63194.03661737941
63194.03661737941
61817.27666116898
61817.27666116898
61817.27666116898
61817.27666116898
59952.918802041815
59952.918802041815
59952.918802041815
59952.918802041815
59952.918802041815
59952.918802041815
59952.918802041815
59952.918802041815
59952.918802041815
59952.918802041815
59952.918802041815
59952.918802041815
59952.918802041815
59952.918802041815
59952.918802041815
59952.918802041815
59952.918802041815
59952.918802041815
59952.918802041815
59952.918802041815
59952.918802041815
59952.918802041815
59952.918802041815
59952.918802041815
59952.918802041815
59952.918802041815
59952.918802041815
59952.918802041815
59952.918802041815
59952.918802041815
59952.918802041815
59952.918802041815
59952.918802041815
59952.918802041815
59952.918802041815
59952.918802041815
59952.918802041815
59952.918802041815
59952.918802041815
59952.918802041815
59952.918802041815
59952.918802041815
59952.918802041815
59952.918802041815
59952.918802041815
59952.918802041815
59952.918802041815
59952.918802041815
59952.918802041815
59952.918802041815
59952.918802041815
59952.918802041815
59952.918802041815
59952.918802041815
59952.918802041815
59952.918802041815
59952.918802041815
59952.918802041815
59952.918802041815
59952.918802041815
59952.918802041815
59952.918802041815
59952.918802041815
59952.918802041815
59952.918802041815
59952.918802041815
59952.918802041815
59952.918802041815
59952.918802041815
59952.918802041815
59952.918802041815
59952.918802041815
59952.918802041815
59952.918802041815
59952.918802041815
59952.918802041815
59952.918802041815
59952.918802041815
59952.918802041815
59952.918802041815
59952.918802041815
59952.918802041815
59952.918802041815
59952.918802041815
59952.918802041815
59952.918802041815
59952.918802041815
59952.918802041815
59952.918802041815
59952.918802041815
59952.918802041815
59952.918802041815
59952.918802041815
59952.918802041815
58747.74370953421
58747.74370953421
58747.74370953421
58747.74370953421
58747.74370953421
58747.74370953421
58747.74370953421
58747.74370953421
58747.74370953421
58747.74370953421
58747.74370953421
58747.74370953421
58747.74370953421
58747.74370953421
58747.74370953421
58747.74370953421
58747.74370953421
58747.74370953421
58747.74370953421
58747.74370953421
58747.74370953421
58747.74370953421
58747.74370953421
58747.74370953421
58747.74370953421
58747.74370953421
58747.74370953421
58747.74370953421
58747.74370953421
58747.74370953421
58747.74370953421
58747.74370953421
58747.74370953421
58747.74370953421
58747.74370953421
58747.74370953421
58747.74370953421
58747.74370953421
58747.74370953421
58747.74370953421
58747.74370953421
58747.74370953421
58747.74370953421
58747.74370953421
58747.74370953421
58747.74370953421
58747.74370953421
58747.74370953421
58747.74370953421
58747.74370953421
58747.74370953421
58747.74370953421
58747.74370953421
58747.74370953421
58747.74370953421
58747.74370953421
58747.74370953421
58747.74370953421
58747.74370953421
58747.74370953421
58747.74370953421
58747.74370953421
58747.74370953421
58747.74370953421
58747.74370953421
58747.74370953421
58747.74370953421
58747.74370953421
58747.74370953421
58747.74370953421
58747.74370953421
58747.74370953421
58747.74370953421
58747.74370953421
58747.74370953421
58747.74370953421
58747.74370953421
58747.74370953421
58747.74370953421
58747.74370953421
58747.74370953421
58747.74370953421
58747.74370953421
58747.74370953421
58747.74370953421
58747.74370953421
58348.179942509465
58348.179942509465
58348.179942509465
58348.179942509465
57682.58029065045
57682.58029065045
57682.58029065045
57682.58029065045
57682.58029065045
57682.58029065045
57682.58029065045
57682.58029065045
57682.58029065045
57682.58029065045
57682.58029065045
57682.58029065045
57682.58029065045
57682.58029065045
57682.58029065045
57682.58029065045
57682.58029065045
57682.58029065045
57682.58029065045
57682.58029065045
57682.58029065045
57682.58029065045
57682.58029065045
57682.58029065045
57682.58029065045
57682.58029065045
57682.58029065045
57682.58029065045
57682.58029065045
57682.58029065045
57682.58029065045
57066.5511388728
57066.5511388728
57066.5511388728
57066.5511388728
57066.5511388728
57066.5511388728
57066.5511388728
57066.5511388728
57066.5511388728
57066.5511388728
57066.5511388728
57066.5511388728
57066.5511388728
57066.5511388728
57066.5511388728
57066.5511388728
57066.5511388728
57066.5511388728
57066.5511388728
57066.5511388728
57066.5511388728
57066.5511388728
57066.5511388728
57066.5511388728
56511.526620701035
56511.526620701035
56511.526620701035
56511.526620701035
56511.526620701035
56511.526620701035
56511.526620701035
56511.526620701035
56511.526620701035
56511.526620701035
56511.526620701035
56511.526620701035
56511.526620701035
56511.526620701035
56511.526620701035
56012.187199287655
56012.187199287655
56012.187199287655
56012.187199287655
56012.187199287655
56012.187199287655
56012.187199287655
56012.187199287655
56012.187199287655
56012.187199287655
56012.187199287655
56012.187199287655
56012.187199287655
56012.187199287655
56012.187199287655
56012.187199287655
56012.187199287655
56012.187199287655
56012.187199287655
56012.187199287655
56012.187199287655
54995.865803285065
54995.865803285065
54995.865803285065
54995.865803285065
54995.865803285065
54995.865803285065
54995.865803285065
54995.865803285065
54995.865803285065
54995.865803285065
54995.865803285065
54995.865803285065
54995.865803285065
54995.865803285065
54869.91387002789
54869.91387002789
54869.91387002789
54869.91387002789
54869.91387002789
54869.91387002789
54869.91387002789
54869.91387002789
54869.91387002789
54869.91387002789
54869.91387002789
54869.91387002789
54869.91387002789
54869.91387002789
54869.91387002789
54869.91387002789
54869.91387002789
54869.91387002789
54869.91387002789
54869.91387002789
54869.91387002789
54869.91387002789
54869.91387002789
54869.91387002789
54869.91387002789
54869.91387002789
54869.91387002789
53859.54561785473
53859.54561785473
53859.54561785473
53859.54561785473
53859.54561785473
53859.54561785473
53859.54561785473
53859.54561785473
53859.54561785473
53859.54561785473
53859.54561785473
53859.54561785473
53859.54561785473
53859.54561785473
53859.54561785473
53859.54561785473
53859.54561785473
53859.54561785473
53859.54561785473
53859.54561785473
53859.54561785473
53859.54561785473
53859.54561785473
53859.54561785473
53859.54561785473
53859.54561785473
53859.54561785473
53859.54561785473
53859.54561785473
53859.54561785473
53859.54561785473
53859.54561785473
53859.54561785473
53427.59034014297
52971.54956584265
52971.54956584265
52971.54956584265
52971.54956584265
52971.54956584265
52556.64671412918
52556.64671412918
52556.64671412918
52556.64671412918
52556.64671412918
52556.64671412918
52556.64671412918
52556.64671412918
52556.64671412918
52556.64671412918
52556.64671412918
52556.64671412918
52556.64671412918
52556.64671412918
52556.64671412918
52556.64671412918
52556.64671412918
52556.64671412918
52556.64671412918
52196.51222242874
52196.51222242874
52196.51222242874
52196.51222242874
52196.51222242874
52196.51222242874
52196.51222242874
52196.51222242874
52196.51222242874
52196.51222242874
52196.51222242874
52196.51222242874
52196.51222242874
52196.51222242874
52196.51222242874
52196.51222242874
52196.51222242874
52196.51222242874
52196.51222242874
52196.51222242874
52196.51222242874
52196.51222242874
52196.51222242874
52196.51222242874
52196.51222242874
52196.51222242874
52196.51222242874
52196.51222242874
52196.51222242874
52196.51222242874
52196.51222242874
52196.51222242874
52196.51222242874
52196.51222242874
52196.51222242874
52196.51222242874
52196.51222242874
52196.51222242874
52196.51222242874
52196.51222242874
52196.51222242874
52196.51222242874
52196.51222242874
52196.51222242874
52196.51222242874
52196.51222242874
52196.51222242874
52196.51222242874
52196.51222242874
52196.51222242874
52196.51222242874
52196.51222242874
52196.51222242874
52196.51222242874
52196.51222242874
52196.51222242874
51645.43083171068
51645.43083171068
51645.43083171068
51645.43083171068
51645.43083171068
51035.8044130891
51035.8044130891
51035.8044130891
51035.8044130891
51035.8044130891
51035.8044130891
51035.8044130891
51035.8044130891
51035.8044130891
51035.8044130891
51035.8044130891
51035.8044130891
51035.8044130891
51035.8044130891
51035.8044130891
51035.8044130891
51035.8044130891
50251.60486773086
50251.60486773086
50251.60486773086
50251.60486773086
50251.60486773086
50251.60486773086
50251.60486773086
50251.60486773086
50251.60486773086
50251.60486773086
50251.60486773086
50251.60486773086
50251.60486773086
50251.60486773086
50251.60486773086
50251.60486773086
50251.60486773086
50251.60486773086
50251.60486773086
50251.60486773086
50251.60486773086
50251.60486773086
50251.60486773086
50251.60486773086
50251.60486773086
50251.60486773086
50251.60486773086
50251.60486773086
50251.60486773086
50251.60486773086
50251.60486773086
50251.60486773086
50251.60486773086
50251.60486773086
50251.60486773086
50251.60486773086
50251.60486773086
50251.60486773086
50251.60486773086
50251.60486773086
50251.60486773086
50251.60486773086
50251.60486773086
50251.60486773086
50251.60486773086
50251.60486773086
50251.60486773086
50251.60486773086
50251.60486773086
50251.60486773086
50251.60486773086
50251.60486773086
50251.60486773086
50251.60486773086
50251.60486773086
50251.60486773086
50251.60486773086
50251.60486773086
50251.60486773086
50251.60486773086
50251.60486773086
50251.60486773086
50251.60486773086
50251.60486773086
50251.60486773086
50251.60486773086
50251.60486773086
50251.60486773086
50251.60486773086
50251.60486773086
50251.60486773086
50251.60486773086
50251.60486773086
50251.60486773086
50251.60486773086
50251.60486773086
50251.60486773086
50251.60486773086
50251.60486773086
50251.60486773086
50251.60486773086
50251.60486773086
50251.60486773086
50251.60486773086
50251.60486773086
50251.60486773086
50251.60486773086
50251.60486773086
50251.60486773086
50006.891294587775
50006.891294587775
49499.91592320162
49499.91592320162
49499.91592320162
49499.91592320162
49499.91592320162
49499.91592320162
49499.91592320162
49499.91592320162
49499.91592320162
49499.91592320162
49499.91592320162
49499.91592320162
49499.91592320162
49499.91592320162
49499.91592320162
49499.91592320162
49499.91592320162
48442.104448217266
48442.104448217266
48442.104448217266
48442.104448217266
48442.104448217266
48442.104448217266
48442.104448217266
48442.104448217266
48442.104448217266
48442.104448217266
48442.104448217266
48442.104448217266
48442.104448217266
48442.104448217266
48062.07201668746
48062.07201668746
48062.07201668746
48062.07201668746
48062.07201668746
48062.07201668746
48062.07201668746
48062.07201668746
48062.07201668746
48062.07201668746
48062.07201668746
48062.07201668746
48062.07201668746
47977.97997617076
47977.97997617076
Time: 43.80774736404419 seconds 
Best solution: 47977.97997617076 [6, 1, 20, 33, 19, 8, 9, 26, 29, 30, 31, 16, 42, 54, 17, 18, 24, 39, 28, 5, 13, 35, 4, 14, 38, 37, 43, 3, 12, 15, 10, 2, 7, 11, 27, 49, 56, 98, 46, 36, 72, 70, 78, 85, 77, 79, 93, 69, 75, 89, 80, 100, 94, 95, 65, 61, 52, 104, 59, 62, 53, 45, 55, 48, 76, 73, 68, 102, 97, 101, 66, 88, 87, 99, 86, 84, 71, 67, 47, 51, 41, 58, 74, 83, 92, 96, 82, 91, 90, 60, 81, 64, 105, 57, 44, 50, 40, 63, 34, 25, 32, 22, 21, 23, 103]
Avg solution: 62857.74128694458