Alg:2, Run: 3, file: C:\Users\gabri\Documents\AN 3 SEM 2\AI\Lab\Lab3\\lin105.tsp, population number: 1000, generations: 1000 
101077.55982973689
101077.55982973689
101077.55982973689
101077.55982973689
101077.55982973689
100307.5874273733
99456.39504758877
98736.18426122979
98736.18426122979
98736.18426122979
96195.30374503505
96195.30374503505
96195.30374503505
96195.30374503505
96195.30374503505
94926.90153166148
94926.90153166148
91988.41309034934
91988.41309034934
91988.41309034934
91988.41309034934
91988.41309034934
91988.41309034934
91988.41309034934
91988.41309034934
91988.41309034934
91988.41309034934
91988.41309034934
91988.41309034934
91988.41309034934
91988.41309034934
91988.41309034934
91988.41309034934
91988.41309034934
91988.41309034934
91988.41309034934
91988.41309034934
90415.92335158947
89567.6921543733
89567.6921543733
89567.6921543733
89567.6921543733
89567.6921543733
89567.6921543733
89567.6921543733
89567.6921543733
89567.6921543733
89567.6921543733
89243.52956483717
89243.52956483717
88470.34371851578
88470.34371851578
88470.34371851578
88470.34371851578
88470.34371851578
88470.34371851578
88470.34371851578
88470.34371851578
88470.34371851578
88042.57648003161
88042.57648003161
88042.57648003161
88042.57648003161
88042.57648003161
88042.57648003161
88042.57648003161
88042.57648003161
88042.57648003161
88042.57648003161
86804.11541744467
86804.11541744467
86804.11541744467
86804.11541744467
86804.11541744467
86804.11541744467
86804.11541744467
86804.11541744467
86804.11541744467
83599.0524261553
83599.0524261553
83599.0524261553
83599.0524261553
83599.0524261553
83599.0524261553
83599.0524261553
83599.0524261553
83599.0524261553
83599.0524261553
83599.0524261553
83599.0524261553
83599.0524261553
83599.0524261553
83599.0524261553
83599.0524261553
83599.0524261553
83599.0524261553
83599.0524261553
83599.0524261553
83599.0524261553
83599.0524261553
83599.0524261553
83599.0524261553
83102.16088125165
83102.16088125165
83102.16088125165
83102.16088125165
81346.43955574812
81346.43955574812
81346.43955574812
81346.43955574812
81346.43955574812
81346.43955574812
81346.43955574812
81346.43955574812
81346.43955574812
81346.43955574812
81346.43955574812
81346.43955574812
81346.43955574812
81346.43955574812
81346.43955574812
81346.43955574812
81346.43955574812
81346.43955574812
81346.43955574812
81346.43955574812
81346.43955574812
81346.43955574812
81346.43955574812
80954.98640160344
80954.98640160344
80250.30068300762
80250.30068300762
80250.30068300762
80250.30068300762
77920.8352742063
77920.8352742063
77920.8352742063
77920.8352742063
77920.8352742063
77920.8352742063
77920.8352742063
77920.8352742063
77920.8352742063
77920.8352742063
77920.8352742063
77920.8352742063
77920.8352742063
77920.8352742063
77920.8352742063
77920.8352742063
77920.8352742063
77920.8352742063
77920.8352742063
77920.8352742063
77920.8352742063
77920.8352742063
77920.8352742063
77920.8352742063
77920.8352742063
77920.8352742063
77920.8352742063
77920.8352742063
77920.8352742063
77920.8352742063
77920.8352742063
77920.8352742063
77920.8352742063
77920.8352742063
77920.8352742063
77920.8352742063
77920.8352742063
77920.8352742063
77920.8352742063
76096.86006503746
76096.86006503746
76096.86006503746
76096.86006503746
76096.86006503746
76096.86006503746
76096.86006503746
76096.86006503746
76096.86006503746
76096.86006503746
76096.86006503746
76096.86006503746
76096.86006503746
76096.86006503746
76096.86006503746
76096.86006503746
76096.86006503746
76096.86006503746
76096.86006503746
76096.86006503746
76096.86006503746
76096.86006503746
76096.86006503746
76096.86006503746
76096.86006503746
76096.86006503746
76096.86006503746
75567.6562097438
75567.6562097438
75567.6562097438
75567.6562097438
75567.6562097438
75567.6562097438
75567.6562097438
75567.6562097438
75567.6562097438
74347.6907865878
74347.6907865878
74347.6907865878
72760.05227874662
72760.05227874662
72760.05227874662
72760.05227874662
72760.05227874662
72760.05227874662
72760.05227874662
72760.05227874662
72760.05227874662
72760.05227874662
72760.05227874662
72760.05227874662
72648.32804851733
72648.32804851733
72648.32804851733
72648.32804851733
72648.32804851733
72648.32804851733
72648.32804851733
72648.32804851733
72648.32804851733
72648.32804851733
72648.32804851733
72648.32804851733
72648.32804851733
72648.32804851733
72648.32804851733
72648.32804851733
72648.32804851733
72648.32804851733
72648.32804851733
72648.32804851733
72648.32804851733
70008.62747964117
70008.62747964117
70008.62747964117
70008.62747964117
70008.62747964117
70008.62747964117
70008.62747964117
70008.62747964117
70008.62747964117
70008.62747964117
70008.62747964117
70008.62747964117
70008.62747964117
70008.62747964117
70008.62747964117
70008.62747964117
70008.62747964117
70008.62747964117
70008.62747964117
70008.62747964117
70008.62747964117
70008.62747964117
70008.62747964117
70008.62747964117
70008.62747964117
70008.62747964117
70008.62747964117
70008.62747964117
70008.62747964117
70008.62747964117
70008.62747964117
70008.62747964117
70008.62747964117
70008.62747964117
69354.67453205583
69354.67453205583
69354.67453205583
69354.67453205583
69354.67453205583
69354.67453205583
69354.67453205583
69354.67453205583
69354.67453205583
69354.67453205583
69354.67453205583
69354.67453205583
69354.67453205583
69354.67453205583
69354.67453205583
69354.67453205583
69354.67453205583
69354.67453205583
69354.67453205583
69354.67453205583
69354.67453205583
69354.67453205583
69354.67453205583
69354.67453205583
69354.67453205583
69354.67453205583
69354.67453205583
69354.67453205583
69354.67453205583
69354.67453205583
69354.67453205583
69354.67453205583
69354.67453205583
67576.76397288418
67576.76397288418
67576.76397288418
67576.76397288418
67576.76397288418
67576.76397288418
67576.76397288418
67576.76397288418
67576.76397288418
67576.76397288418
67576.76397288418
67576.76397288418
67576.76397288418
67576.76397288418
67576.76397288418
67183.02484634149
67183.02484634149
67183.02484634149
67183.02484634149
67183.02484634149
67183.02484634149
67183.02484634149
67183.02484634149
67183.02484634149
67183.02484634149
67183.02484634149
67183.02484634149
67183.02484634149
67183.02484634149
67183.02484634149
67183.02484634149
67183.02484634149
67183.02484634149
67183.02484634149
67183.02484634149
67183.02484634149
67183.02484634149
67183.02484634149
67183.02484634149
67183.02484634149
67183.02484634149
67183.02484634149
67183.02484634149
67183.02484634149
67183.02484634149
67183.02484634149
67183.02484634149
67183.02484634149
67183.02484634149
67183.02484634149
67183.02484634149
67183.02484634149
67183.02484634149
67183.02484634149
67183.02484634149
66419.08473371329
66419.08473371329
66419.08473371329
66419.08473371329
66419.08473371329
66419.08473371329
66419.08473371329
66419.08473371329
66419.08473371329
66419.08473371329
66419.08473371329
66419.08473371329
66419.08473371329
66419.08473371329
66419.08473371329
66419.08473371329
65915.81126466068
65915.81126466068
65915.81126466068
65915.81126466068
65915.81126466068
65915.81126466068
65583.02482909095
65583.02482909095
65583.02482909095
65583.02482909095
65583.02482909095
65583.02482909095
65583.02482909095
65583.02482909095
65583.02482909095
65583.02482909095
65583.02482909095
65583.02482909095
65583.02482909095
65583.02482909095
65583.02482909095
65583.02482909095
65583.02482909095
65583.02482909095
64698.39820506484
64698.39820506484
64698.39820506484
64698.39820506484
64698.39820506484
64698.39820506484
64698.39820506484
64698.39820506484
64698.39820506484
64698.39820506484
64698.39820506484
64698.39820506484
64698.39820506484
64698.39820506484
64698.39820506484
64698.39820506484
64698.39820506484
64698.39820506484
64698.39820506484
64698.39820506484
64698.39820506484
64698.39820506484
64698.39820506484
64698.39820506484
64698.39820506484
64698.39820506484
64698.39820506484
64698.39820506484
64698.39820506484
64698.39820506484
64698.39820506484
64698.39820506484
64698.39820506484
64698.39820506484
64698.39820506484
64271.20511352185
64271.20511352185
64271.20511352185
64271.20511352185
64271.20511352185
64271.20511352185
64271.20511352185
64271.20511352185
64271.20511352185
64271.20511352185
64271.20511352185
64271.20511352185
64271.20511352185
64271.20511352185
64025.36486611418
64025.36486611418
64025.36486611418
64025.36486611418
64025.36486611418
63743.14634542062
63743.14634542062
63743.14634542062
63743.14634542062
63743.14634542062
63743.14634542062
63743.14634542062
63272.029992320815
63272.029992320815
63272.029992320815
63272.029992320815
63272.029992320815
63272.029992320815
63272.029992320815
63272.029992320815
63272.029992320815
63272.029992320815
62966.45458315056
62593.96999793387
62593.96999793387
62593.96999793387
61909.03670216298
61909.03670216298
61909.03670216298
61909.03670216298
61909.03670216298
61909.03670216298
61909.03670216298
61909.03670216298
61909.03670216298
61909.03670216298
61909.03670216298
61909.03670216298
61909.03670216298
61909.03670216298
61909.03670216298
61909.03670216298
61909.03670216298
61909.03670216298
61909.03670216298
61535.05028982495
61535.05028982495
61535.05028982495
61535.05028982495
61535.05028982495
61535.05028982495
61147.897099225134
61147.897099225134
61147.897099225134
61147.897099225134
61147.897099225134
61147.897099225134
61147.897099225134
61147.897099225134
61147.897099225134
61147.897099225134
61147.897099225134
61147.897099225134
61147.897099225134
61147.897099225134
61147.897099225134
61147.897099225134
61147.897099225134
61147.897099225134
61065.08178894356
61065.08178894356
61065.08178894356
61065.08178894356
61065.08178894356
61065.08178894356
61065.08178894356
61065.08178894356
61065.08178894356
61065.08178894356
61065.08178894356
61065.08178894356
61065.08178894356
61065.08178894356
61065.08178894356
61065.08178894356
61065.08178894356
61065.08178894356
61065.08178894356
61065.08178894356
60341.09997172336
60341.09997172336
60341.09997172336
60341.09997172336
60341.09997172336
60341.09997172336
60341.09997172336
60341.09997172336
60341.09997172336
60341.09997172336
60341.09997172336
60341.09997172336
60341.09997172336
58663.32068316547
58663.32068316547
58663.32068316547
58663.32068316547
58663.32068316547
58663.32068316547
58663.32068316547
58663.32068316547
58663.32068316547
58663.32068316547
58663.32068316547
58663.32068316547
58532.02659281465
58532.02659281465
58532.02659281465
58532.02659281465
58532.02659281465
58532.02659281465
58532.02659281465
58532.02659281465
58532.02659281465
58532.02659281465
58532.02659281465
58532.02659281465
58532.02659281465
58532.02659281465
58532.02659281465
58532.02659281465
58532.02659281465
58532.02659281465
58532.02659281465
58532.02659281465
58532.02659281465
58532.02659281465
58532.02659281465
58532.02659281465
58532.02659281465
58532.02659281465
58532.02659281465
58532.02659281465
58532.02659281465
58532.02659281465
58532.02659281465
58532.02659281465
58532.02659281465
58532.02659281465
58532.02659281465
58532.02659281465
58532.02659281465
58532.02659281465
58532.02659281465
58532.02659281465
58532.02659281465
58532.02659281465
58532.02659281465
58532.02659281465
58532.02659281465
57608.950492432756
57608.950492432756
57608.950492432756
57608.950492432756
57608.950492432756
57608.950492432756
57608.950492432756
57608.950492432756
57608.950492432756
57608.950492432756
57599.97458017772
57599.97458017772
57599.97458017772
57599.97458017772
57599.97458017772
57599.97458017772
57599.97458017772
57599.97458017772
57599.97458017772
57599.97458017772
57599.97458017772
57599.97458017772
57599.97458017772
57599.97458017772
57599.97458017772
57599.97458017772
57599.97458017772
57599.97458017772
57599.97458017772
57599.97458017772
57599.97458017772
57599.97458017772
57599.97458017772
57599.97458017772
57599.97458017772
57599.97458017772
57599.97458017772
57599.97458017772
56707.273460365665
56707.273460365665
56707.273460365665
56707.273460365665
56707.273460365665
56707.273460365665
56707.273460365665
56707.273460365665
56707.273460365665
56707.273460365665
56707.273460365665
56707.273460365665
56707.273460365665
56707.273460365665
56707.273460365665
56707.273460365665
56707.273460365665
56707.273460365665
56707.273460365665
56707.273460365665
56707.273460365665
56707.273460365665
56707.273460365665
56707.273460365665
56707.273460365665
56707.273460365665
56707.273460365665
56707.273460365665
56707.273460365665
56707.273460365665
56707.273460365665
56707.273460365665
56707.273460365665
56707.273460365665
56707.273460365665
56707.273460365665
56707.273460365665
54219.68667698409
54219.68667698409
54219.68667698409
54219.68667698409
54219.68667698409
54219.68667698409
54219.68667698409
54219.68667698409
54219.68667698409
54219.68667698409
54219.68667698409
54219.68667698409
54219.68667698409
54219.68667698409
54219.68667698409
54219.68667698409
54219.68667698409
54219.68667698409
54219.68667698409
54219.68667698409
54219.68667698409
54219.68667698409
54219.68667698409
54219.68667698409
54219.68667698409
54219.68667698409
54219.68667698409
54219.68667698409
54219.68667698409
54219.68667698409
54219.68667698409
54219.68667698409
54219.68667698409
54219.68667698409
54219.68667698409
54219.68667698409
54219.68667698409
54219.68667698409
54219.68667698409
54219.68667698409
54219.68667698409
54219.68667698409
54219.68667698409
54219.68667698409
54219.68667698409
54219.68667698409
54219.68667698409
54219.68667698409
54219.68667698409
54219.68667698409
54219.68667698409
54219.68667698409
52930.39517590821
52930.39517590821
52930.39517590821
52930.39517590821
52930.39517590821
52930.39517590821
52930.39517590821
52930.39517590821
52930.39517590821
52930.39517590821
52930.39517590821
52930.39517590821
52930.39517590821
52930.39517590821
52930.39517590821
52930.39517590821
52930.39517590821
52930.39517590821
52930.39517590821
52930.39517590821
52930.39517590821
52930.39517590821
52930.39517590821
52930.39517590821
52930.39517590821
52112.41410697009
52112.41410697009
52112.41410697009
52112.41410697009
52112.41410697009
52112.41410697009
52112.41410697009
52112.41410697009
52112.41410697009
52112.41410697009
52112.41410697009
52112.41410697009
52112.41410697009
52112.41410697009
52112.41410697009
52112.41410697009
52112.41410697009
52112.41410697009
52112.41410697009
52112.41410697009
52112.41410697009
52112.41410697009
52112.41410697009
52112.41410697009
52112.41410697009
52112.41410697009
52112.41410697009
52112.41410697009
52112.41410697009
52112.41410697009
52112.41410697009
52112.41410697009
52112.41410697009
52112.41410697009
52112.41410697009
52112.41410697009
52112.41410697009
52112.41410697009
52112.41410697009
52112.41410697009
52112.41410697009
52112.41410697009
52112.41410697009
52112.41410697009
52112.41410697009
52112.41410697009
52112.41410697009
52112.41410697009
52112.41410697009
52112.41410697009
52112.41410697009
52112.41410697009
52112.41410697009
52112.41410697009
52112.41410697009
52112.41410697009
52112.41410697009
52112.41410697009
52112.41410697009
52112.41410697009
52112.41410697009
52112.41410697009
52112.41410697009
52112.41410697009
52112.41410697009
52112.41410697009
52112.41410697009
52112.41410697009
52112.41410697009
52112.41410697009
52112.41410697009
52112.41410697009
52112.41410697009
52112.41410697009
52112.41410697009
52112.41410697009
52112.41410697009
52112.41410697009
52112.41410697009
52112.41410697009
52112.41410697009
52112.41410697009
52112.41410697009
52112.41410697009
52112.41410697009
52112.41410697009
52112.41410697009
52112.41410697009
52112.41410697009
52112.41410697009
52112.41410697009
52112.41410697009
52112.41410697009
52112.41410697009
52112.41410697009
52112.41410697009
52112.41410697009
52112.41410697009
52112.41410697009
52112.41410697009
52112.41410697009
52112.41410697009
52112.41410697009
52112.41410697009
52112.41410697009
52112.41410697009
52112.41410697009
52112.41410697009
52112.41410697009
52112.41410697009
52112.41410697009
52112.41410697009
52112.41410697009
52112.41410697009
52112.41410697009
52112.41410697009
52112.41410697009
52112.41410697009
52112.41410697009
52112.41410697009
52112.41410697009
52112.41410697009
52112.41410697009
52112.41410697009
52112.41410697009
52112.41410697009
52112.41410697009
52112.41410697009
52112.41410697009
52112.41410697009
52112.41410697009
52112.41410697009
52112.41410697009
52112.41410697009
52112.41410697009
52112.41410697009
52112.41410697009
52112.41410697009
52112.41410697009
52112.41410697009
52112.41410697009
52112.41410697009
52112.41410697009
52112.41410697009
52112.41410697009
52112.41410697009
52112.41410697009
52112.41410697009
52112.41410697009
52112.41410697009
52112.41410697009
52112.41410697009
52112.41410697009
52112.41410697009
52112.41410697009
52112.41410697009
52112.41410697009
52112.41410697009
51421.8766454995
51421.8766454995
51421.8766454995
51421.8766454995
51421.8766454995
51421.8766454995
51421.8766454995
51421.8766454995
51421.8766454995
51421.8766454995
51421.8766454995
51421.8766454995
51421.8766454995
51421.8766454995
51421.8766454995
51421.8766454995
51421.8766454995
51421.8766454995
51421.8766454995
51421.8766454995
51421.8766454995
51421.8766454995
51421.8766454995
51421.8766454995
51421.8766454995
51421.8766454995
51421.8766454995
51421.8766454995
51421.8766454995
51421.8766454995
51421.8766454995
51095.658630057085
51095.658630057085
51095.658630057085
51095.658630057085
51095.658630057085
51095.658630057085
51095.658630057085
50626.905737788424
50626.905737788424
50626.905737788424
50626.905737788424
50626.905737788424
50626.905737788424
50626.905737788424
50626.905737788424
50326.96943646224
50326.96943646224
50326.96943646224
50326.96943646224
50326.96943646224
50326.96943646224
50326.96943646224
50326.96943646224
50326.96943646224
50326.96943646224
50326.96943646224
50326.96943646224
50326.96943646224
50326.96943646224
50326.96943646224
50326.96943646224
50326.96943646224
49818.516497873716
49818.516497873716
49818.516497873716
49818.516497873716
49818.516497873716
49818.516497873716
49818.516497873716
49818.516497873716
49818.516497873716
49818.516497873716
49818.516497873716
Time: 43.742676973342896 seconds 
Best solution: 49818.516497873716 [61, 46, 41, 49, 44, 19, 8, 22, 10, 16, 18, 14, 34, 53, 36, 27, 12, 3, 23, 50, 40, 33, 30, 15, 20, 28, 25, 26, 35, 2, 7, 9, 5, 4, 13, 37, 56, 60, 71, 48, 69, 98, 90, 80, 72, 93, 77, 87, 96, 83, 102, 85, 79, 92, 66, 74, 70, 82, 94, 65, 78, 89, 91, 100, 88, 86, 95, 81, 99, 101, 97, 76, 63, 68, 105, 84, 75, 73, 59, 43, 57, 47, 104, 55, 45, 52, 51, 42, 29, 31, 32, 103, 38, 39, 58, 62, 64, 67, 21, 1, 11, 6, 17, 24, 54]
Avg solution: 64458.82748583879