Alg:2, Run: 2, file: C:\Users\gabri\Documents\AN 3 SEM 2\AI\Lab\Lab3\\lin105.tsp, population number: 1000, generations: 1000 
98452.91979974245
98452.91979974245
97903.67848104311
97903.67848104311
97903.67848104311
97164.9781623694
97034.41349384078
97034.41349384078
97034.41349384078
97034.41349384078
97034.41349384078
97034.41349384078
94396.66353475035
94396.66353475035
94396.66353475035
94396.66353475035
94396.66353475035
94396.66353475035
94396.66353475035
90685.1640122402
90685.1640122402
90685.1640122402
90685.1640122402
90685.1640122402
90685.1640122402
90685.1640122402
90685.1640122402
90685.1640122402
90685.1640122402
90455.6514680551
89929.48543786469
89929.48543786469
89929.48543786469
89929.48543786469
89929.48543786469
89929.48543786469
89929.48543786469
89929.48543786469
89929.48543786469
89929.48543786469
89929.48543786469
89929.48543786469
89929.48543786469
89929.48543786469
89737.0541557252
89737.0541557252
89737.0541557252
89737.0541557252
87346.41401095172
87346.41401095172
87346.41401095172
87346.41401095172
87346.41401095172
87346.41401095172
87346.41401095172
87346.41401095172
87346.41401095172
84983.85739527066
84983.85739527066
84983.85739527066
84983.85739527066
84983.85739527066
84983.85739527066
84983.85739527066
84983.85739527066
84983.85739527066
84983.85739527066
84983.85739527066
83938.56137570112
83938.56137570112
83938.56137570112
83938.56137570112
83938.56137570112
83938.56137570112
83938.56137570112
83938.56137570112
83938.56137570112
83938.56137570112
83938.56137570112
83938.56137570112
83938.56137570112
83938.56137570112
83938.56137570112
83938.56137570112
83466.90014658889
83466.90014658889
83466.90014658889
83466.90014658889
83466.90014658889
83466.90014658889
83466.90014658889
83447.3595424202
83447.3595424202
83447.3595424202
83447.3595424202
83447.3595424202
83447.3595424202
83447.3595424202
83447.3595424202
83447.3595424202
83447.3595424202
83447.3595424202
83447.3595424202
83447.3595424202
83447.3595424202
83447.3595424202
83447.3595424202
83447.3595424202
82150.09859458898
82150.09859458898
82150.09859458898
82150.09859458898
82150.09859458898
82150.09859458898
82150.09859458898
82150.09859458898
82150.09859458898
82150.09859458898
82150.09859458898
82150.09859458898
82150.09859458898
82106.12099817974
82106.12099817974
82106.12099817974
82106.12099817974
82106.12099817974
82106.12099817974
82106.12099817974
82106.12099817974
82106.12099817974
82106.12099817974
82106.12099817974
82106.12099817974
82106.12099817974
82106.12099817974
82106.12099817974
82106.12099817974
82106.12099817974
82061.49147578122
82061.49147578122
82061.49147578122
82006.10153598349
82006.10153598349
82006.10153598349
82006.10153598349
82006.10153598349
82006.10153598349
82006.10153598349
82006.10153598349
81198.8092695041
81198.8092695041
79886.36526202499
79886.36526202499
79886.36526202499
79886.36526202499
79605.16028650706
79605.16028650706
79605.16028650706
79605.16028650706
79605.16028650706
79192.60136767302
79192.60136767302
79192.60136767302
79192.60136767302
79192.60136767302
79192.60136767302
79192.60136767302
79192.60136767302
79192.60136767302
79192.60136767302
79192.60136767302
79192.60136767302
78479.68373032585
78479.68373032585
78479.68373032585
78479.68373032585
78479.68373032585
78479.68373032585
78479.68373032585
78479.68373032585
78204.82182184879
78204.82182184879
78204.82182184879
78204.82182184879
78204.82182184879
78204.82182184879
78204.82182184879
77743.72220092652
77743.72220092652
77743.72220092652
77486.2444152547
77047.2948181588
77047.2948181588
77047.2948181588
77047.2948181588
77047.2948181588
77047.2948181588
77047.2948181588
77047.2948181588
77047.2948181588
77047.2948181588
77047.2948181588
75855.66137015983
75855.66137015983
75855.66137015983
75855.66137015983
75855.66137015983
75855.66137015983
75855.66137015983
75855.66137015983
75855.66137015983
75855.66137015983
75855.66137015983
75855.66137015983
75855.66137015983
75855.66137015983
75855.66137015983
74602.81388015766
74602.81388015766
74602.81388015766
74602.81388015766
74602.81388015766
74602.81388015766
74186.21576056753
74186.21576056753
74186.21576056753
74186.21576056753
74186.21576056753
74186.21576056753
74186.21576056753
74186.21576056753
74186.21576056753
74186.21576056753
74186.21576056753
74186.21576056753
74186.21576056753
74186.21576056753
73903.74982768265
73903.74982768265
73903.74982768265
73903.74982768265
73903.74982768265
73903.74982768265
73903.74982768265
73903.74982768265
73903.74982768265
72939.90269866686
72939.90269866686
72939.90269866686
72939.90269866686
72939.90269866686
72939.90269866686
72939.90269866686
72939.90269866686
72939.90269866686
72939.90269866686
72939.90269866686
72939.90269866686
72939.90269866686
72495.9875991975
72495.9875991975
72495.9875991975
72495.9875991975
72495.9875991975
72495.9875991975
69693.77793394051
69693.77793394051
69693.77793394051
69693.77793394051
69693.77793394051
69155.60229694498
69155.60229694498
69155.60229694498
69155.60229694498
69155.60229694498
69155.60229694498
69155.60229694498
69155.60229694498
69155.60229694498
69155.60229694498
69155.60229694498
69155.60229694498
69155.60229694498
69155.60229694498
69155.60229694498
69155.60229694498
69155.60229694498
69155.60229694498
69155.60229694498
69155.60229694498
64323.35361070442
64323.35361070442
64323.35361070442
64323.35361070442
64323.35361070442
64323.35361070442
64323.35361070442
64323.35361070442
64323.35361070442
64323.35361070442
64323.35361070442
64323.35361070442
64323.35361070442
64323.35361070442
64323.35361070442
64323.35361070442
64323.35361070442
64323.35361070442
64323.35361070442
64323.35361070442
64323.35361070442
64323.35361070442
64323.35361070442
64323.35361070442
64323.35361070442
64323.35361070442
64323.35361070442
64323.35361070442
64323.35361070442
64323.35361070442
64323.35361070442
64323.35361070442
64323.35361070442
64323.35361070442
64323.35361070442
64323.35361070442
64323.35361070442
64323.35361070442
64323.35361070442
64323.35361070442
64323.35361070442
64323.35361070442
64323.35361070442
64323.35361070442
64323.35361070442
64323.35361070442
64323.35361070442
64323.35361070442
64323.35361070442
64323.35361070442
64323.35361070442
64323.35361070442
64323.35361070442
64323.35361070442
64323.35361070442
64323.35361070442
64323.35361070442
64323.35361070442
64323.35361070442
64323.35361070442
64323.35361070442
64323.35361070442
64323.35361070442
64323.35361070442
64323.35361070442
64323.35361070442
64151.25126778208
64151.25126778208
64151.25126778208
63201.00774606451
63201.00774606451
63201.00774606451
63201.00774606451
63201.00774606451
63201.00774606451
63201.00774606451
63201.00774606451
63201.00774606451
63201.00774606451
63201.00774606451
63027.26296748989
63027.26296748989
63027.26296748989
63027.26296748989
63027.26296748989
63027.26296748989
63027.26296748989
63027.26296748989
63027.26296748989
63027.26296748989
63027.26296748989
63027.26296748989
63027.26296748989
62400.789154606304
62400.789154606304
62400.789154606304
62400.789154606304
62400.789154606304
62400.789154606304
62400.789154606304
61273.60360145766
61273.60360145766
61273.60360145766
61273.60360145766
61273.60360145766
61273.60360145766
61273.60360145766
61273.60360145766
61273.60360145766
61273.60360145766
61273.60360145766
61273.60360145766
61273.60360145766
61273.60360145766
61273.60360145766
61273.60360145766
61273.60360145766
61273.60360145766
61273.60360145766
61273.60360145766
61273.60360145766
61273.60360145766
61273.60360145766
61273.60360145766
61273.60360145766
61273.60360145766
61273.60360145766
61273.60360145766
61273.60360145766
61273.60360145766
61273.60360145766
61273.60360145766
61273.60360145766
61273.60360145766
61273.60360145766
61273.60360145766
61273.60360145766
61273.60360145766
61273.60360145766
61273.60360145766
61273.60360145766
61273.60360145766
61273.60360145766
61273.60360145766
61273.60360145766
61273.60360145766
61273.60360145766
61273.60360145766
61273.60360145766
61273.60360145766
61273.60360145766
61273.60360145766
61273.60360145766
61273.60360145766
61273.60360145766
61273.60360145766
61273.60360145766
61273.60360145766
61273.60360145766
61273.60360145766
61273.60360145766
61273.60360145766
61273.60360145766
61273.60360145766
61273.60360145766
61273.60360145766
61273.60360145766
61273.60360145766
61273.60360145766
61273.60360145766
61273.60360145766
61273.60360145766
61273.60360145766
61273.60360145766
61273.60360145766
61273.60360145766
61273.60360145766
61273.60360145766
61273.60360145766
61273.60360145766
61273.60360145766
61273.60360145766
61273.60360145766
60943.127830596524
60943.127830596524
60943.127830596524
60943.127830596524
60943.127830596524
60943.127830596524
60943.127830596524
60943.127830596524
60943.127830596524
60943.127830596524
60943.127830596524
60943.127830596524
60943.127830596524
60943.127830596524
60943.127830596524
60943.127830596524
60721.209063331095
60721.209063331095
60721.209063331095
59881.25237781398
59881.25237781398
59152.582461552585
59152.582461552585
59152.582461552585
59152.582461552585
59152.582461552585
59152.582461552585
59152.582461552585
59152.582461552585
59152.582461552585
59152.582461552585
59152.582461552585
59152.582461552585
59152.582461552585
59152.582461552585
59152.582461552585
59152.582461552585
59152.582461552585
59152.582461552585
59152.582461552585
59152.582461552585
59152.582461552585
59152.582461552585
59152.582461552585
59152.582461552585
59152.582461552585
59152.582461552585
59152.582461552585
59152.582461552585
59152.582461552585
59152.582461552585
59152.582461552585
58763.062382580334
58763.062382580334
58763.062382580334
58763.062382580334
58763.062382580334
58763.062382580334
58763.062382580334
58763.062382580334
58763.062382580334
58763.062382580334
58763.062382580334
58763.062382580334
58763.062382580334
58763.062382580334
58763.062382580334
58763.062382580334
58763.062382580334
58763.062382580334
58763.062382580334
58763.062382580334
58763.062382580334
58763.062382580334
58763.062382580334
58763.062382580334
56073.620630602345
56073.620630602345
56073.620630602345
56073.620630602345
56073.620630602345
56073.620630602345
56073.620630602345
56073.620630602345
56073.620630602345
56073.620630602345
56073.620630602345
56073.620630602345
56073.620630602345
56073.620630602345
56073.620630602345
56073.620630602345
56073.620630602345
56073.620630602345
56073.620630602345
56073.620630602345
56073.620630602345
56073.620630602345
56073.620630602345
56073.620630602345
56073.620630602345
56073.620630602345
56073.620630602345
56073.620630602345
56073.620630602345
56073.620630602345
56073.620630602345
56073.620630602345
56073.620630602345
56073.620630602345
56073.620630602345
56073.620630602345
56073.620630602345
56073.620630602345
56073.620630602345
56073.620630602345
56073.620630602345
56073.620630602345
56073.620630602345
56073.620630602345
56073.620630602345
56073.620630602345
56073.620630602345
56073.620630602345
56073.620630602345
56073.620630602345
56073.620630602345
56073.620630602345
56073.620630602345
56073.620630602345
56073.620630602345
56073.620630602345
56073.620630602345
56073.620630602345
56073.620630602345
56073.620630602345
56073.620630602345
56073.620630602345
56073.620630602345
56073.620630602345
56073.620630602345
56073.620630602345
56073.620630602345
56073.620630602345
56073.620630602345
56073.620630602345
55315.71628692445
55315.71628692445
55315.71628692445
55315.71628692445
55315.71628692445
55315.71628692445
55315.71628692445
55315.71628692445
55315.71628692445
55315.71628692445
55315.71628692445
55315.71628692445
55315.71628692445
55315.71628692445
55315.71628692445
55315.71628692445
55315.71628692445
55315.71628692445
55315.71628692445
55315.71628692445
55315.71628692445
55315.71628692445
55315.71628692445
55315.71628692445
55315.71628692445
55315.71628692445
55315.71628692445
55315.71628692445
55315.71628692445
55315.71628692445
55315.71628692445
54966.12851251506
54966.12851251506
54966.12851251506
54966.12851251506
54966.12851251506
54966.12851251506
54966.12851251506
54966.12851251506
54966.12851251506
54966.12851251506
54966.12851251506
54966.12851251506
54966.12851251506
54966.12851251506
54966.12851251506
54966.12851251506
54966.12851251506
54966.12851251506
54966.12851251506
54966.12851251506
54966.12851251506
54966.12851251506
54966.12851251506
54729.255638747534
54729.255638747534
54729.255638747534
54729.255638747534
54729.255638747534
54729.255638747534
54729.255638747534
54729.255638747534
54729.255638747534
54729.255638747534
54729.255638747534
54729.255638747534
54729.255638747534
54729.255638747534
54729.255638747534
54729.255638747534
54729.255638747534
54729.255638747534
54729.255638747534
54729.255638747534
54729.255638747534
54729.255638747534
54729.255638747534
54729.255638747534
54729.255638747534
54169.3623695295
54169.3623695295
54169.3623695295
54169.3623695295
54169.3623695295
54169.3623695295
54169.3623695295
54169.3623695295
54169.3623695295
54169.3623695295
54169.3623695295
54169.3623695295
54169.3623695295
54169.3623695295
54169.3623695295
54169.3623695295
54169.3623695295
54169.3623695295
54169.3623695295
54169.3623695295
54169.3623695295
54169.3623695295
54169.3623695295
54169.3623695295
54169.3623695295
54169.3623695295
54169.3623695295
54169.3623695295
54169.3623695295
54169.3623695295
53468.26984827741
53468.26984827741
53468.26984827741
53468.26984827741
53468.26984827741
53468.26984827741
53468.26984827741
53468.26984827741
53468.26984827741
53468.26984827741
53468.26984827741
53468.26984827741
53468.26984827741
53468.26984827741
53468.26984827741
53468.26984827741
53468.26984827741
53468.26984827741
53468.26984827741
53468.26984827741
53468.26984827741
53468.26984827741
53468.26984827741
53468.26984827741
53468.26984827741
53468.26984827741
53468.26984827741
53468.26984827741
53468.26984827741
53468.26984827741
53468.26984827741
53468.26984827741
53468.26984827741
53468.26984827741
53468.26984827741
53468.26984827741
53468.26984827741
53468.26984827741
53468.26984827741
53468.26984827741
53468.26984827741
53468.26984827741
53468.26984827741
53468.26984827741
53468.26984827741
53289.927685316354
53289.927685316354
53289.927685316354
53289.927685316354
53289.927685316354
53289.927685316354
53289.927685316354
53289.927685316354
53289.927685316354
53289.927685316354
53289.927685316354
53289.927685316354
52769.66290149424
52769.66290149424
52769.66290149424
52769.66290149424
52769.66290149424
52769.66290149424
52769.66290149424
52769.66290149424
52769.66290149424
52769.66290149424
52769.66290149424
52769.66290149424
52769.66290149424
52769.66290149424
52769.66290149424
52769.66290149424
52769.66290149424
52769.66290149424
52769.66290149424
52521.27090690832
52521.27090690832
52521.27090690832
52521.27090690832
52521.27090690832
52521.27090690832
52521.27090690832
52521.27090690832
52521.27090690832
52521.27090690832
52521.27090690832
52521.27090690832
52521.27090690832
52521.27090690832
52521.27090690832
52521.27090690832
52521.27090690832
52521.27090690832
52521.27090690832
52521.27090690832
52521.27090690832
52521.27090690832
52521.27090690832
52521.27090690832
52521.27090690832
52521.27090690832
52521.27090690832
52521.27090690832
52521.27090690832
52521.27090690832
52521.27090690832
52521.27090690832
52521.27090690832
52521.27090690832
52521.27090690832
52521.27090690832
52521.27090690832
52521.27090690832
51398.14588349817
51398.14588349817
50717.6885949326
50717.6885949326
50717.6885949326
50717.6885949326
50717.6885949326
50717.6885949326
50717.6885949326
50717.6885949326
50717.6885949326
50717.6885949326
50717.6885949326
50717.6885949326
50717.6885949326
50717.6885949326
50717.6885949326
50717.6885949326
50717.6885949326
50717.6885949326
50717.6885949326
50717.6885949326
50717.6885949326
50717.6885949326
50717.6885949326
50717.6885949326
50717.6885949326
50717.6885949326
50717.6885949326
50717.6885949326
50717.6885949326
50717.6885949326
50717.6885949326
50717.6885949326
50717.6885949326
50717.6885949326
50717.6885949326
50717.6885949326
50717.6885949326
50717.6885949326
50717.6885949326
50717.6885949326
50717.6885949326
50717.6885949326
50717.6885949326
50080.80834451499
50080.80834451499
50080.80834451499
50080.80834451499
50080.80834451499
50080.80834451499
50080.80834451499
50080.80834451499
50080.80834451499
50080.80834451499
50080.80834451499
50080.80834451499
50080.80834451499
50080.80834451499
50080.80834451499
50080.80834451499
50080.80834451499
50080.80834451499
50080.80834451499
50080.80834451499
50080.80834451499
50080.80834451499
50080.80834451499
50080.80834451499
50080.80834451499
50003.80771799536
50003.80771799536
50003.80771799536
50003.80771799536
50003.80771799536
50003.80771799536
50003.80771799536
49691.36541148096
49691.36541148096
49691.36541148096
49691.36541148096
49691.36541148096
49691.36541148096
49691.36541148096
49691.36541148096
49691.36541148096
49691.36541148096
49519.55350140884
49519.55350140884
49519.55350140884
49519.55350140884
49519.55350140884
49519.55350140884
49519.55350140884
49519.55350140884
49519.55350140884
49519.55350140884
47383.42444066549
47383.42444066549
47383.42444066549
47383.42444066549
47383.42444066549
47383.42444066549
47383.42444066549
47383.42444066549
47383.42444066549
47383.42444066549
47383.42444066549
47383.42444066549
47383.42444066549
47383.42444066549
47383.42444066549
47383.42444066549
47383.42444066549
47383.42444066549
47383.42444066549
47383.42444066549
47383.42444066549
47383.42444066549
47383.42444066549
47383.42444066549
47383.42444066549
47383.42444066549
47383.42444066549
47383.42444066549
47383.42444066549
47383.42444066549
47383.42444066549
47383.42444066549
47383.42444066549
47383.42444066549
47383.42444066549
47383.42444066549
47383.42444066549
47383.42444066549
47383.42444066549
47383.42444066549
47383.42444066549
47383.42444066549
47383.42444066549
47383.42444066549
47383.42444066549
47383.42444066549
47383.42444066549
47383.42444066549
47383.42444066549
47383.42444066549
47383.42444066549
47383.42444066549
47383.42444066549
47383.42444066549
47383.42444066549
47383.42444066549
47383.42444066549
47383.42444066549
47383.42444066549
47383.42444066549
47383.42444066549
Time: 43.7044141292572 seconds 
Best solution: 47383.42444066549 [64, 50, 58, 47, 53, 44, 25, 33, 52, 76, 86, 82, 36, 71, 94, 81, 34, 75, 26, 7, 67, 79, 98, 92, 39, 32, 6, 91, 100, 72, 62, 95, 89, 68, 73, 74, 84, 51, 37, 70, 85, 87, 49, 56, 90, 38, 13, 104, 88, 40, 30, 93, 77, 80, 19, 29, 27, 99, 48, 105, 78, 101, 69, 3, 83, 41, 102, 42, 59, 97, 96, 2, 24, 63, 45, 35, 17, 12, 23, 31, 46, 66, 65, 60, 61, 14, 43, 57, 54, 55, 15, 22, 21, 28, 1, 11, 10, 103, 8, 16, 20, 9, 4, 5, 18]
Avg solution: 63152.20343012187