Alg:2, Run: 1, file: C:\Users\gabri\Documents\AN 3 SEM 2\AI\Lab\Lab3\\lin105.tsp, population number: 1000, generations: 1000 
103630.82091326006
101741.80114493705
101741.80114493705
101741.80114493705
101741.80114493705
101018.6977725211
99171.41754763607
99171.41754763607
99171.41754763607
97509.2057666273
97509.2057666273
97022.37819341302
95988.85080893658
95988.85080893658
95988.85080893658
95988.85080893658
95988.85080893658
95988.85080893658
95988.85080893658
95988.85080893658
93497.11063153578
93497.11063153578
93497.11063153578
93497.11063153578
93497.11063153578
93497.11063153578
90388.35859058135
90388.35859058135
90388.35859058135
90388.35859058135
90388.35859058135
90388.35859058135
90388.35859058135
90388.35859058135
90388.35859058135
90388.35859058135
90388.35859058135
90388.35859058135
90388.35859058135
90388.35859058135
90388.35859058135
90388.35859058135
90388.35859058135
90388.35859058135
90388.35859058135
90388.35859058135
90292.78515643103
90292.78515643103
90292.78515643103
90292.78515643103
89822.61997784124
89822.61997784124
89822.61997784124
88324.0094281145
88324.0094281145
88324.0094281145
88324.0094281145
88324.0094281145
88324.0094281145
88324.0094281145
88324.0094281145
88324.0094281145
87897.86454705907
87897.86454705907
86367.16509925529
86367.16509925529
86367.16509925529
86367.16509925529
86367.16509925529
86367.16509925529
86367.16509925529
86367.16509925529
83173.71911739136
83173.71911739136
83173.71911739136
83173.71911739136
83173.71911739136
83173.71911739136
83173.71911739136
83173.71911739136
83173.71911739136
83173.71911739136
83173.71911739136
83173.71911739136
83173.71911739136
83173.71911739136
83173.71911739136
83173.71911739136
83173.71911739136
83173.71911739136
83173.71911739136
83173.71911739136
80655.64249658394
80655.64249658394
80655.64249658394
80655.64249658394
80655.64249658394
80655.64249658394
78171.8061930871
78171.8061930871
78171.8061930871
78171.8061930871
78171.8061930871
78171.8061930871
78171.8061930871
78171.8061930871
78171.8061930871
78171.8061930871
78171.8061930871
78171.8061930871
78171.8061930871
78171.8061930871
78171.8061930871
78171.8061930871
78171.8061930871
78171.8061930871
78171.8061930871
78171.8061930871
78171.8061930871
78171.8061930871
78171.8061930871
78171.8061930871
78171.8061930871
78171.8061930871
78171.8061930871
78171.8061930871
78171.8061930871
78171.8061930871
78171.8061930871
78171.8061930871
78171.8061930871
78171.8061930871
78171.8061930871
78171.8061930871
78171.8061930871
78171.8061930871
78171.8061930871
78171.8061930871
78171.8061930871
75474.62051547326
75474.62051547326
75474.62051547326
75474.62051547326
75474.62051547326
75474.62051547326
75474.62051547326
75474.62051547326
75474.62051547326
75474.62051547326
75474.62051547326
75474.62051547326
75474.62051547326
75474.62051547326
75474.62051547326
75474.62051547326
75474.62051547326
75474.62051547326
75474.62051547326
75474.62051547326
75474.62051547326
75474.62051547326
75474.62051547326
75474.62051547326
75474.62051547326
75404.73441175917
75404.73441175917
75404.73441175917
75404.73441175917
75404.73441175917
75404.73441175917
75404.73441175917
75404.73441175917
75404.73441175917
75404.73441175917
75404.73441175917
75404.73441175917
75404.73441175917
75404.73441175917
75404.73441175917
75404.73441175917
75404.73441175917
75404.73441175917
74362.40283521345
74362.40283521345
73121.11947846675
73121.11947846675
73121.11947846675
73121.11947846675
73121.11947846675
73121.11947846675
73121.11947846675
73121.11947846675
73121.11947846675
73121.11947846675
73121.11947846675
73121.11947846675
73121.11947846675
73121.11947846675
73121.11947846675
73121.11947846675
73121.11947846675
73121.11947846675
72680.72956748815
72680.72956748815
72215.13011710742
72215.13011710742
72215.13011710742
72215.13011710742
72215.13011710742
72215.13011710742
72215.13011710742
72215.13011710742
72215.13011710742
72215.13011710742
72215.13011710742
72215.13011710742
72215.13011710742
72215.13011710742
72215.13011710742
72215.13011710742
72215.13011710742
72215.13011710742
72215.13011710742
72215.13011710742
72128.80716625467
72128.80716625467
72128.80716625467
69315.84911796183
69315.84911796183
69315.84911796183
69315.84911796183
69315.84911796183
69315.84911796183
69315.84911796183
69315.84911796183
69315.84911796183
69315.84911796183
69315.84911796183
69315.84911796183
69315.84911796183
69315.84911796183
69315.84911796183
69315.84911796183
69315.84911796183
69315.84911796183
69315.84911796183
69315.84911796183
69315.84911796183
69315.84911796183
69315.84911796183
69315.84911796183
69315.84911796183
69315.84911796183
69315.84911796183
69315.84911796183
69315.84911796183
69315.84911796183
69315.84911796183
69315.84911796183
69315.84911796183
69315.84911796183
69315.84911796183
69315.84911796183
69315.84911796183
69315.84911796183
69315.84911796183
68370.6361404016
68370.6361404016
68370.6361404016
68370.6361404016
68370.6361404016
68370.6361404016
68370.6361404016
68370.6361404016
68370.6361404016
68370.6361404016
68370.6361404016
68370.6361404016
68370.6361404016
68370.6361404016
68370.6361404016
65528.065712961165
65528.065712961165
65528.065712961165
65528.065712961165
65528.065712961165
65528.065712961165
65528.065712961165
65528.065712961165
65528.065712961165
65528.065712961165
65528.065712961165
65528.065712961165
65528.065712961165
65528.065712961165
65528.065712961165
65528.065712961165
65528.065712961165
65528.065712961165
65528.065712961165
65139.59685751907
64771.992498587
64771.992498587
64771.992498587
64771.992498587
64771.992498587
64771.992498587
64771.992498587
64771.992498587
64771.992498587
64771.992498587
64771.992498587
64771.992498587
64771.992498587
64771.992498587
64771.992498587
64771.992498587
64771.992498587
64771.992498587
64771.992498587
64771.992498587
64771.992498587
64771.992498587
64771.992498587
64771.992498587
64771.992498587
64771.992498587
64771.992498587
64771.992498587
64771.992498587
64771.992498587
64771.992498587
64771.992498587
64771.992498587
64771.992498587
64771.992498587
64771.992498587
64771.992498587
64771.992498587
64771.992498587
64771.992498587
64771.992498587
64771.992498587
64771.992498587
64183.01678635848
64183.01678635848
64183.01678635848
64183.01678635848
64183.01678635848
64183.01678635848
64109.3675730944
63905.26841495368
62786.7683763588
62786.7683763588
62786.7683763588
62786.7683763588
62786.7683763588
62786.7683763588
62786.7683763588
62786.7683763588
62786.7683763588
62786.7683763588
61385.59348596182
61385.59348596182
61385.59348596182
61385.59348596182
61385.59348596182
60994.3019562151
60994.3019562151
60994.3019562151
60994.3019562151
60994.3019562151
60994.3019562151
60994.3019562151
60994.3019562151
60994.3019562151
60994.3019562151
60994.3019562151
60994.3019562151
60994.3019562151
60994.3019562151
60714.681252565184
60714.681252565184
60714.681252565184
60714.681252565184
60714.681252565184
60714.681252565184
60714.681252565184
60714.681252565184
60714.681252565184
60714.681252565184
60714.681252565184
60714.681252565184
60714.681252565184
60714.681252565184
60714.681252565184
60714.681252565184
60714.681252565184
60714.681252565184
60219.33344992233
60219.33344992233
60219.33344992233
60219.33344992233
60219.33344992233
60219.33344992233
60219.33344992233
60219.33344992233
60219.33344992233
60219.33344992233
60219.33344992233
60219.33344992233
60219.33344992233
60219.33344992233
60219.33344992233
60219.33344992233
60219.33344992233
60219.33344992233
60219.33344992233
60219.33344992233
60219.33344992233
60219.33344992233
60219.33344992233
58950.45687760614
58950.45687760614
58950.45687760614
58950.45687760614
58950.45687760614
58950.45687760614
58950.45687760614
58950.45687760614
58950.45687760614
58950.45687760614
58950.45687760614
58950.45687760614
58950.45687760614
58950.45687760614
58950.45687760614
58950.45687760614
58950.45687760614
58950.45687760614
58950.45687760614
58950.45687760614
58950.45687760614
58950.45687760614
58950.45687760614
58950.45687760614
58950.45687760614
58950.45687760614
58950.45687760614
58950.45687760614
58950.45687760614
58950.45687760614
58950.45687760614
58950.45687760614
58950.45687760614
58950.45687760614
58950.45687760614
58950.45687760614
58950.45687760614
58950.45687760614
58950.45687760614
58950.45687760614
58950.45687760614
56703.76936522473
56703.76936522473
56703.76936522473
56703.76936522473
56703.76936522473
56703.76936522473
56703.76936522473
56703.76936522473
56703.76936522473
56703.76936522473
56703.76936522473
56703.76936522473
56703.76936522473
56703.76936522473
56703.76936522473
56703.76936522473
56703.76936522473
56703.76936522473
56703.76936522473
56703.76936522473
56703.76936522473
56703.76936522473
56703.76936522473
56703.76936522473
56703.76936522473
56703.76936522473
56703.76936522473
56703.76936522473
56703.76936522473
56703.76936522473
56703.76936522473
55961.40830354066
55961.40830354066
55961.40830354066
55961.40830354066
55961.40830354066
55961.40830354066
55961.40830354066
55961.40830354066
55961.40830354066
55961.40830354066
55961.40830354066
55961.40830354066
55961.40830354066
55961.40830354066
55957.24251464446
55957.24251464446
55957.24251464446
55957.24251464446
55957.24251464446
55957.24251464446
55957.24251464446
55957.24251464446
55957.24251464446
55957.24251464446
55957.24251464446
55957.24251464446
55957.24251464446
55957.24251464446
55957.24251464446
55957.24251464446
55957.24251464446
55957.24251464446
55957.24251464446
55957.24251464446
55957.24251464446
55957.24251464446
55957.24251464446
55957.24251464446
55957.24251464446
55957.24251464446
55957.24251464446
55957.24251464446
55957.24251464446
55957.24251464446
55957.24251464446
55957.24251464446
55957.24251464446
55957.24251464446
55957.24251464446
55957.24251464446
55957.24251464446
55957.24251464446
55957.24251464446
55957.24251464446
55957.24251464446
55957.24251464446
55957.24251464446
55957.24251464446
55957.24251464446
54904.17906411094
54904.17906411094
54904.17906411094
54904.17906411094
54904.17906411094
54904.17906411094
54904.17906411094
54904.17906411094
54904.17906411094
54904.17906411094
54904.17906411094
54904.17906411094
54904.17906411094
54904.17906411094
53964.80391534042
53964.80391534042
53964.80391534042
53964.80391534042
53964.80391534042
53964.80391534042
53964.80391534042
53964.80391534042
53964.80391534042
53964.80391534042
53964.80391534042
53964.80391534042
53964.80391534042
53964.80391534042
53964.80391534042
53964.80391534042
53964.80391534042
53964.80391534042
53964.80391534042
53964.80391534042
53964.80391534042
53964.80391534042
53964.80391534042
53964.80391534042
53964.80391534042
53964.80391534042
53964.80391534042
53964.80391534042
53964.80391534042
53964.80391534042
53964.80391534042
53964.80391534042
53964.80391534042
53964.80391534042
53964.80391534042
53771.94263622499
53771.94263622499
53771.94263622499
53771.94263622499
53771.94263622499
53771.94263622499
53771.94263622499
53771.94263622499
53771.94263622499
53144.83137998754
53144.83137998754
53144.83137998754
52653.2934923518
52653.2934923518
52653.2934923518
52653.2934923518
52653.2934923518
52653.2934923518
52653.2934923518
52653.2934923518
52653.2934923518
52653.2934923518
52653.2934923518
52653.2934923518
52653.2934923518
52454.89866671615
52454.89866671615
52454.89866671615
52454.89866671615
52427.47775199561
52427.47775199561
52427.47775199561
52427.47775199561
52427.47775199561
52427.47775199561
52427.47775199561
52427.47775199561
52427.47775199561
52427.47775199561
52427.47775199561
52427.47775199561
52427.47775199561
52120.365109803024
52120.365109803024
52120.365109803024
52120.365109803024
52120.365109803024
52120.365109803024
52120.365109803024
50288.87455499549
50288.87455499549
50288.87455499549
50288.87455499549
50288.87455499549
50288.87455499549
50288.87455499549
50288.87455499549
50288.87455499549
50288.87455499549
50288.87455499549
50288.87455499549
50288.87455499549
50288.87455499549
50288.87455499549
50288.87455499549
50167.968068286355
50167.968068286355
50167.968068286355
50167.968068286355
50167.968068286355
50167.968068286355
50167.968068286355
50167.968068286355
50167.968068286355
50167.968068286355
50167.968068286355
50167.968068286355
50167.968068286355
50167.968068286355
50167.968068286355
50167.968068286355
50167.968068286355
50167.968068286355
50167.968068286355
50167.968068286355
50167.968068286355
50167.968068286355
50019.64842388117
50019.64842388117
50019.64842388117
50019.64842388117
50019.64842388117
50019.64842388117
50019.64842388117
50019.64842388117
50019.64842388117
50019.64842388117
50019.64842388117
50019.64842388117
48534.854566451424
48534.854566451424
48534.854566451424
48534.854566451424
48534.854566451424
48534.854566451424
48534.854566451424
48534.854566451424
48534.854566451424
48534.854566451424
48534.854566451424
48534.854566451424
48534.854566451424
48534.854566451424
48534.854566451424
48534.854566451424
48534.854566451424
48534.854566451424
48534.854566451424
48534.854566451424
48534.854566451424
48534.854566451424
48534.854566451424
48534.854566451424
48534.854566451424
48534.854566451424
48534.854566451424
48534.854566451424
48534.854566451424
48534.854566451424
48534.854566451424
48426.180680877726
48426.180680877726
48426.180680877726
48426.180680877726
48426.180680877726
48426.180680877726
48426.180680877726
48426.180680877726
48426.180680877726
48426.180680877726
48426.180680877726
48426.180680877726
48426.180680877726
48426.180680877726
48426.180680877726
48426.180680877726
48426.180680877726
48426.180680877726
48426.180680877726
48426.180680877726
48426.180680877726
48426.180680877726
48426.180680877726
48426.180680877726
48426.180680877726
48426.180680877726
48426.180680877726
48426.180680877726
48426.180680877726
48426.180680877726
48426.180680877726
48426.180680877726
48426.180680877726
48426.180680877726
48426.180680877726
48426.180680877726
48426.180680877726
48426.180680877726
48031.4232839684
48031.4232839684
48031.4232839684
48031.4232839684
48031.4232839684
48031.4232839684
48031.4232839684
48031.4232839684
46025.144579622
46025.144579622
46025.144579622
46025.144579622
46025.144579622
46025.144579622
46025.144579622
46025.144579622
46025.144579622
46025.144579622
46025.144579622
46025.144579622
46025.144579622
46025.144579622
46025.144579622
46025.144579622
46025.144579622
46025.144579622
46025.144579622
46025.144579622
46025.144579622
46025.144579622
46025.144579622
46025.144579622
46025.144579622
46025.144579622
46025.144579622
46025.144579622
46025.144579622
45119.5297238027
45119.5297238027
45119.5297238027
45119.5297238027
45119.5297238027
45119.5297238027
45119.5297238027
45119.5297238027
45119.5297238027
45119.5297238027
45119.5297238027
45119.5297238027
45119.5297238027
45119.5297238027
45119.5297238027
45119.5297238027
45119.5297238027
45119.5297238027
45119.5297238027
45119.5297238027
45119.5297238027
45119.5297238027
45119.5297238027
45119.5297238027
45119.5297238027
45119.5297238027
45119.5297238027
45119.5297238027
45119.5297238027
45119.5297238027
45119.5297238027
45119.5297238027
45119.5297238027
45119.5297238027
45119.5297238027
45119.5297238027
45119.5297238027
45119.5297238027
45119.5297238027
45119.5297238027
45119.5297238027
45119.5297238027
45119.5297238027
45119.5297238027
45119.5297238027
45119.5297238027
45119.5297238027
45119.5297238027
45119.5297238027
45119.5297238027
45119.5297238027
45119.5297238027
45119.5297238027
45119.5297238027
45119.5297238027
45119.5297238027
45119.5297238027
45119.5297238027
45119.5297238027
45119.5297238027
45119.5297238027
45119.5297238027
45119.5297238027
45119.5297238027
45119.5297238027
45119.5297238027
45119.5297238027
45119.5297238027
45119.5297238027
45119.5297238027
45119.5297238027
45119.5297238027
45119.5297238027
45119.5297238027
45119.5297238027
45119.5297238027
45119.5297238027
45119.5297238027
45119.5297238027
45119.5297238027
45119.5297238027
45119.5297238027
45119.5297238027
45119.5297238027
45119.5297238027
45119.5297238027
45119.5297238027
45119.5297238027
45119.5297238027
45119.5297238027
45119.5297238027
45119.5297238027
45119.5297238027
45119.5297238027
45119.5297238027
45119.5297238027
45119.5297238027
45119.5297238027
45119.5297238027
45119.5297238027
45119.5297238027
45119.5297238027
45119.5297238027
45119.5297238027
45119.5297238027
44300.44119094458
44300.44119094458
44300.44119094458
44300.44119094458
44300.44119094458
44300.44119094458
44300.44119094458
44300.44119094458
44300.44119094458
44300.44119094458
44300.44119094458
44300.44119094458
44300.44119094458
44300.44119094458
44300.44119094458
44300.44119094458
44300.44119094458
44300.44119094458
44300.44119094458
44300.44119094458
44300.44119094458
44300.44119094458
44300.44119094458
44300.44119094458
44300.44119094458
44300.44119094458
44300.44119094458
44300.44119094458
44300.44119094458
44300.44119094458
44300.44119094458
44300.44119094458
44300.44119094458
44300.44119094458
44300.44119094458
43535.67425295624
43535.67425295624
43535.67425295624
43535.67425295624
43535.67425295624
43535.67425295624
43535.67425295624
43535.67425295624
43535.67425295624
43535.67425295624
43535.67425295624
43535.67425295624
43535.67425295624
43535.67425295624
43535.67425295624
43535.67425295624
43535.67425295624
43535.67425295624
43535.67425295624
43535.67425295624
43535.67425295624
43535.67425295624
43535.67425295624
43535.67425295624
43535.67425295624
43535.67425295624
43535.67425295624
43154.40625358793
43154.40625358793
43154.40625358793
43154.40625358793
43154.40625358793
43154.40625358793
43154.40625358793
43154.40625358793
43154.40625358793
43154.40625358793
43154.40625358793
43154.40625358793
43154.40625358793
43154.40625358793
43154.40625358793
43154.40625358793
43154.40625358793
43154.40625358793
43154.40625358793
43154.40625358793
43154.40625358793
43154.40625358793
42974.95533489861
42974.95533489861
42974.95533489861
42974.95533489861
Time: 43.82752823829651 seconds 
Best solution: 42974.95533489861 [36, 6, 1, 2, 26, 25, 37, 44, 46, 78, 51, 99, 53, 58, 50, 84, 54, 92, 41, 68, 101, 86, 18, 39, 100, 76, 66, 102, 47, 98, 97, 16, 64, 89, 73, 96, 75, 90, 72, 91, 57, 80, 81, 62, 63, 70, 94, 95, 88, 87, 65, 69, 93, 85, 67, 79, 77, 83, 82, 71, 74, 61, 60, 59, 48, 43, 33, 28, 23, 19, 7, 11, 3, 27, 12, 56, 105, 52, 49, 29, 21, 103, 31, 20, 30, 4, 5, 13, 34, 35, 38, 42, 55, 40, 22, 104, 45, 14, 17, 9, 8, 10, 32, 15, 24]
Avg solution: 59976.63977807802