Alg:2, Run: 9, file: C:\Users\gabri\Documents\AN 3 SEM 2\AI\Lab\Lab3\\lin105.tsp, population number: 1000, generations: 1000 
102971.41458258584
102971.41458258584
102531.10473985662
102531.10473985662
101012.29366665253
100146.99165499026
99836.27283830066
99836.27283830066
99836.27283830066
97311.27948104993
95925.41882596248
95925.41882596248
95925.41882596248
95453.74406266655
95453.74406266655
95453.74406266655
95209.38329194943
95209.38329194943
94884.84304715575
94884.84304715575
94884.84304715575
94884.84304715575
91693.9357610677
91693.9357610677
91693.9357610677
91693.9357610677
91693.9357610677
91574.76776005747
91574.76776005747
90527.23667285843
90527.23667285843
90527.23667285843
90527.23667285843
90374.71083790678
90374.71083790678
90057.05014184384
90057.05014184384
90057.05014184384
90057.05014184384
89538.96151750369
89538.96151750369
88640.31061356855
88640.31061356855
88640.31061356855
88640.31061356855
88640.31061356855
88640.31061356855
85479.44234684928
85479.44234684928
85479.44234684928
85479.44234684928
85479.44234684928
85479.44234684928
85479.44234684928
85446.55145576115
85446.55145576115
85446.55145576115
85446.55145576115
85446.55145576115
85446.55145576115
85446.55145576115
85446.55145576115
85446.55145576115
85446.55145576115
85446.55145576115
83045.57070232597
83045.57070232597
83045.57070232597
83045.57070232597
83045.57070232597
83045.57070232597
83045.57070232597
83045.57070232597
83045.57070232597
83045.57070232597
83045.57070232597
83045.57070232597
83045.57070232597
83045.57070232597
83045.57070232597
83045.57070232597
83045.57070232597
83045.57070232597
83045.57070232597
83045.57070232597
83045.57070232597
81642.22725039347
81642.22725039347
81642.22725039347
81642.22725039347
81642.22725039347
81642.22725039347
81642.22725039347
81642.22725039347
81642.22725039347
81642.22725039347
81642.22725039347
81642.22725039347
81642.22725039347
81642.22725039347
81642.22725039347
81642.22725039347
81642.22725039347
81642.22725039347
81642.22725039347
81642.22725039347
81642.22725039347
81642.22725039347
81642.22725039347
81642.22725039347
81642.22725039347
81642.22725039347
81642.22725039347
81642.22725039347
81642.22725039347
79863.92101559852
79863.92101559852
79863.92101559852
79863.92101559852
79863.92101559852
79863.92101559852
79863.92101559852
78754.53977014983
78754.53977014983
77721.2485998215
77721.2485998215
77721.2485998215
77721.2485998215
77721.2485998215
77721.2485998215
77721.2485998215
77721.2485998215
77721.2485998215
77721.2485998215
77721.2485998215
77721.2485998215
77721.2485998215
77721.2485998215
77721.2485998215
77721.2485998215
77721.2485998215
77721.2485998215
77721.2485998215
77721.2485998215
77721.2485998215
77219.48162636014
77219.48162636014
77219.48162636014
77219.48162636014
77219.48162636014
77219.48162636014
77219.48162636014
77219.48162636014
77219.48162636014
77219.48162636014
77219.48162636014
77219.48162636014
77219.48162636014
77219.48162636014
77219.48162636014
77219.48162636014
77219.48162636014
77219.48162636014
77219.48162636014
77219.48162636014
77219.48162636014
75372.96983916397
75372.96983916397
75372.96983916397
75372.96983916397
75372.96983916397
75372.96983916397
75372.96983916397
75372.96983916397
75372.96983916397
75372.96983916397
75372.96983916397
75372.96983916397
75372.96983916397
75372.96983916397
75372.96983916397
75372.96983916397
74112.35812087405
74112.35812087405
74112.35812087405
74112.35812087405
74112.35812087405
74112.35812087405
74112.35812087405
74112.35812087405
74112.35812087405
74112.35812087405
74112.35812087405
74112.35812087405
73985.08913580718
73985.08913580718
73985.08913580718
73985.08913580718
73985.08913580718
73985.08913580718
73985.08913580718
73985.08913580718
73985.08913580718
73985.08913580718
73985.08913580718
73985.08913580718
73985.08913580718
73985.08913580718
73985.08913580718
73985.08913580718
73985.08913580718
73985.08913580718
73985.08913580718
73985.08913580718
73985.08913580718
73985.08913580718
73985.08913580718
73985.08913580718
73985.08913580718
73985.08913580718
73985.08913580718
73985.08913580718
73985.08913580718
73985.08913580718
73985.08913580718
73985.08913580718
73985.08913580718
73985.08913580718
73985.08913580718
73492.06265976
73492.06265976
73492.06265976
73492.06265976
73492.06265976
73492.06265976
73440.59791779263
73440.59791779263
73440.59791779263
73440.59791779263
73440.59791779263
73440.59791779263
73440.59791779263
73440.59791779263
73440.59791779263
73440.59791779263
73440.59791779263
73440.59791779263
73440.59791779263
72664.33693290321
72664.33693290321
72664.33693290321
72664.33693290321
72664.33693290321
72664.33693290321
72664.33693290321
72664.33693290321
72664.33693290321
72664.33693290321
72664.33693290321
72656.24993468996
72611.10551451433
72611.10551451433
72611.10551451433
72611.10551451433
72611.10551451433
72611.10551451433
72611.10551451433
72611.10551451433
72611.10551451433
72611.10551451433
72611.10551451433
72611.10551451433
72611.10551451433
72611.10551451433
72611.10551451433
72611.10551451433
72129.99848304235
72129.99848304235
72129.99848304235
72129.99848304235
72129.99848304235
72129.99848304235
72129.99848304235
72129.99848304235
72129.99848304235
72129.99848304235
72129.99848304235
71533.01280447337
71533.01280447337
71533.01280447337
71533.01280447337
71533.01280447337
71533.01280447337
71533.01280447337
71533.01280447337
71533.01280447337
71533.01280447337
71533.01280447337
71533.01280447337
71533.01280447337
70152.82412745785
70152.82412745785
70152.82412745785
70152.82412745785
69817.22788960264
69817.22788960264
69817.22788960264
69817.22788960264
69817.22788960264
69817.22788960264
69817.22788960264
69817.22788960264
69817.22788960264
69817.22788960264
69817.22788960264
69817.22788960264
69817.22788960264
69817.22788960264
69817.22788960264
69817.22788960264
69817.22788960264
69817.22788960264
69817.22788960264
69817.22788960264
68576.4322689218
68576.4322689218
68576.4322689218
68576.4322689218
68576.4322689218
68576.4322689218
68576.4322689218
68576.4322689218
68576.4322689218
68576.4322689218
68576.4322689218
68576.4322689218
66893.45121969812
66893.45121969812
66893.45121969812
66893.45121969812
66893.45121969812
66893.45121969812
66893.45121969812
66893.45121969812
66893.45121969812
66893.45121969812
66893.45121969812
66893.45121969812
66893.45121969812
66893.45121969812
66893.45121969812
66893.45121969812
66893.45121969812
66893.45121969812
66893.45121969812
66893.45121969812
66893.45121969812
66893.45121969812
66893.45121969812
66893.45121969812
66893.45121969812
66893.45121969812
66893.45121969812
66893.45121969812
66893.45121969812
66893.45121969812
66893.45121969812
66893.45121969812
66893.45121969812
66893.45121969812
66893.45121969812
66893.45121969812
66646.64243705718
66646.64243705718
66646.64243705718
66646.64243705718
66646.64243705718
66646.64243705718
66646.64243705718
66646.64243705718
66646.64243705718
66646.64243705718
66646.64243705718
66646.64243705718
66502.09086051925
66502.09086051925
66502.09086051925
66502.09086051925
66502.09086051925
66502.09086051925
66502.09086051925
66502.09086051925
66502.09086051925
66502.09086051925
66502.09086051925
66502.09086051925
66502.09086051925
66502.09086051925
66502.09086051925
66502.09086051925
66502.09086051925
66502.09086051925
66502.09086051925
66502.09086051925
66502.09086051925
66502.09086051925
66502.09086051925
65551.68705200404
65551.68705200404
65551.68705200404
65551.68705200404
65551.68705200404
65551.68705200404
65551.68705200404
65551.68705200404
65551.68705200404
65551.68705200404
65551.68705200404
65551.68705200404
65551.68705200404
65551.68705200404
65551.68705200404
65551.68705200404
65551.68705200404
65551.68705200404
65551.68705200404
65551.68705200404
65551.68705200404
65551.68705200404
65551.68705200404
65551.68705200404
65551.68705200404
65551.68705200404
65551.68705200404
65373.65271664154
65373.65271664154
65373.65271664154
65373.65271664154
65373.65271664154
65373.65271664154
65373.65271664154
65373.65271664154
65373.65271664154
65373.65271664154
65373.65271664154
65373.65271664154
65373.65271664154
65373.65271664154
65373.65271664154
65373.65271664154
65373.65271664154
65373.65271664154
65373.65271664154
65373.65271664154
65373.65271664154
65373.65271664154
65373.65271664154
65373.65271664154
65373.65271664154
65373.65271664154
65373.65271664154
65373.65271664154
65373.65271664154
65373.65271664154
63307.89761917506
63307.89761917506
63307.89761917506
63307.89761917506
63307.89761917506
63307.89761917506
63307.89761917506
63307.89761917506
63307.89761917506
63307.89761917506
63307.89761917506
63307.89761917506
63307.89761917506
63307.89761917506
63307.89761917506
63307.89761917506
63307.89761917506
63307.89761917506
63307.89761917506
63307.89761917506
63307.89761917506
63307.89761917506
63307.89761917506
63307.89761917506
63307.89761917506
63307.89761917506
63307.89761917506
63307.89761917506
63307.89761917506
63307.89761917506
62721.130379406706
62721.130379406706
62721.130379406706
62721.130379406706
62721.130379406706
62721.130379406706
62721.130379406706
62721.130379406706
62721.130379406706
62721.130379406706
62721.130379406706
62721.130379406706
62721.130379406706
62721.130379406706
62721.130379406706
62721.130379406706
62721.130379406706
62721.130379406706
62721.130379406706
62721.130379406706
62721.130379406706
62721.130379406706
62721.130379406706
62721.130379406706
62721.130379406706
62721.130379406706
62721.130379406706
62721.130379406706
62721.130379406706
62721.130379406706
62721.130379406706
62721.130379406706
62721.130379406706
62721.130379406706
62721.130379406706
62721.130379406706
62721.130379406706
62721.130379406706
62721.130379406706
62721.130379406706
62721.130379406706
62721.130379406706
62721.130379406706
62721.130379406706
62721.130379406706
62721.130379406706
62721.130379406706
62721.130379406706
62721.130379406706
62721.130379406706
62721.130379406706
62721.130379406706
62721.130379406706
62721.130379406706
62721.130379406706
62721.130379406706
62721.130379406706
62721.130379406706
62721.130379406706
62721.130379406706
62721.130379406706
62721.130379406706
62721.130379406706
62721.130379406706
62721.130379406706
62721.130379406706
62125.975559580904
62125.975559580904
62125.975559580904
62125.975559580904
62125.975559580904
62125.975559580904
62125.975559580904
62125.975559580904
62125.975559580904
62125.975559580904
62125.975559580904
62125.975559580904
62125.975559580904
62125.975559580904
62125.975559580904
62125.975559580904
62125.975559580904
62125.975559580904
62125.975559580904
62125.975559580904
62125.975559580904
62125.975559580904
62125.975559580904
62125.975559580904
62125.975559580904
62125.975559580904
62125.975559580904
62125.975559580904
62125.975559580904
62125.975559580904
62125.975559580904
62125.975559580904
62125.975559580904
62125.975559580904
62125.975559580904
62125.975559580904
62125.975559580904
62125.975559580904
62125.975559580904
62125.975559580904
62125.975559580904
62125.975559580904
62125.975559580904
62125.975559580904
62125.975559580904
62125.975559580904
62125.975559580904
62125.975559580904
62125.975559580904
62125.975559580904
62125.975559580904
62125.975559580904
62125.975559580904
62125.975559580904
62125.975559580904
62125.975559580904
62125.975559580904
62125.975559580904
62125.975559580904
62125.975559580904
62125.975559580904
60812.21082900472
60812.21082900472
60812.21082900472
60812.21082900472
60812.21082900472
60812.21082900472
60812.21082900472
60495.131678063866
60495.131678063866
60495.131678063866
60495.131678063866
60495.131678063866
60495.131678063866
60495.131678063866
60495.131678063866
60495.131678063866
60473.58412476939
60473.58412476939
60473.58412476939
60473.58412476939
60473.58412476939
60473.58412476939
60473.58412476939
60473.58412476939
60473.58412476939
60473.58412476939
60473.58412476939
60473.58412476939
60473.58412476939
60473.58412476939
60473.58412476939
60473.58412476939
60473.58412476939
60473.58412476939
60473.58412476939
60473.58412476939
60473.58412476939
60473.58412476939
60473.58412476939
60473.58412476939
60473.58412476939
60473.58412476939
60473.58412476939
60473.58412476939
60473.58412476939
60473.58412476939
60473.58412476939
60473.58412476939
60473.58412476939
60473.58412476939
60412.547390751286
60412.547390751286
60412.547390751286
60412.547390751286
60412.547390751286
60412.547390751286
60412.547390751286
60412.547390751286
60412.547390751286
60412.547390751286
60412.547390751286
60412.547390751286
60412.547390751286
60412.547390751286
57323.015082276645
57323.015082276645
57323.015082276645
57323.015082276645
57323.015082276645
57323.015082276645
57323.015082276645
57323.015082276645
57323.015082276645
57323.015082276645
57323.015082276645
57323.015082276645
57323.015082276645
57323.015082276645
57323.015082276645
57323.015082276645
57323.015082276645
57323.015082276645
57323.015082276645
57323.015082276645
57323.015082276645
57323.015082276645
57323.015082276645
57323.015082276645
57323.015082276645
57323.015082276645
57323.015082276645
57323.015082276645
57323.015082276645
57323.015082276645
57323.015082276645
57323.015082276645
57323.015082276645
57323.015082276645
57323.015082276645
57323.015082276645
57323.015082276645
57323.015082276645
57323.015082276645
57323.015082276645
57323.015082276645
57323.015082276645
57323.015082276645
57323.015082276645
57323.015082276645
57323.015082276645
57323.015082276645
57323.015082276645
57323.015082276645
57323.015082276645
57323.015082276645
57323.015082276645
57323.015082276645
57323.015082276645
57323.015082276645
57323.015082276645
57323.015082276645
57323.015082276645
57323.015082276645
57323.015082276645
57323.015082276645
57323.015082276645
57323.015082276645
57323.015082276645
57323.015082276645
57323.015082276645
57323.015082276645
57323.015082276645
57323.015082276645
57323.015082276645
57323.015082276645
57323.015082276645
57323.015082276645
57323.015082276645
57323.015082276645
57323.015082276645
57323.015082276645
57323.015082276645
57323.015082276645
57323.015082276645
57323.015082276645
57323.015082276645
57323.015082276645
57323.015082276645
57323.015082276645
57323.015082276645
57323.015082276645
57323.015082276645
57323.015082276645
57323.015082276645
57323.015082276645
57323.015082276645
57323.015082276645
57323.015082276645
57323.015082276645
57323.015082276645
57323.015082276645
57323.015082276645
57323.015082276645
57323.015082276645
57323.015082276645
57323.015082276645
57323.015082276645
57323.015082276645
57323.015082276645
57323.015082276645
57323.015082276645
57323.015082276645
57323.015082276645
57323.015082276645
57323.015082276645
57323.015082276645
57323.015082276645
57323.015082276645
57323.015082276645
57323.015082276645
57323.015082276645
57323.015082276645
57323.015082276645
57323.015082276645
57323.015082276645
57323.015082276645
57323.015082276645
57323.015082276645
57323.015082276645
57323.015082276645
57323.015082276645
57323.015082276645
56785.01536896351
56785.01536896351
56785.01536896351
56785.01536896351
56785.01536896351
56785.01536896351
56785.01536896351
56785.01536896351
56785.01536896351
56785.01536896351
56785.01536896351
56785.01536896351
56785.01536896351
56785.01536896351
56785.01536896351
56785.01536896351
56785.01536896351
56785.01536896351
56785.01536896351
56785.01536896351
56785.01536896351
56785.01536896351
56785.01536896351
56785.01536896351
56785.01536896351
56785.01536896351
56785.01536896351
56785.01536896351
56785.01536896351
56785.01536896351
56785.01536896351
56785.01536896351
56785.01536896351
56785.01536896351
56330.95037974993
56330.95037974993
56330.95037974993
56330.95037974993
56330.95037974993
56330.95037974993
56330.95037974993
56330.95037974993
56330.95037974993
56330.95037974993
56330.95037974993
56330.95037974993
56330.95037974993
56330.95037974993
56330.95037974993
55956.99326824486
55956.99326824486
55956.99326824486
55956.99326824486
55658.631917659455
55658.631917659455
55658.631917659455
55658.631917659455
55658.631917659455
55658.631917659455
55658.631917659455
55658.631917659455
55658.631917659455
55658.631917659455
55658.631917659455
55658.631917659455
55658.631917659455
55658.631917659455
55658.631917659455
55658.631917659455
55658.631917659455
55658.631917659455
55658.631917659455
55658.631917659455
55658.631917659455
55658.631917659455
55658.631917659455
55658.631917659455
55658.631917659455
55658.631917659455
55658.631917659455
55658.631917659455
55658.631917659455
55658.631917659455
55658.631917659455
55658.631917659455
55658.631917659455
55658.631917659455
55658.631917659455
55658.631917659455
55658.631917659455
55658.631917659455
55658.631917659455
55658.631917659455
55658.631917659455
55658.631917659455
55658.631917659455
55658.631917659455
55658.631917659455
55658.631917659455
55658.631917659455
55658.631917659455
55658.631917659455
55658.631917659455
55290.63938116057
55290.63938116057
55290.63938116057
55290.63938116057
55290.63938116057
55290.63938116057
55290.63938116057
55290.63938116057
55290.63938116057
55290.63938116057
54406.93988784957
54406.93988784957
54406.93988784957
54406.93988784957
54406.93988784957
54406.93988784957
54406.93988784957
54406.93988784957
54406.93988784957
54297.01091069172
54297.01091069172
54223.84054789519
54223.84054789519
54223.84054789519
54223.84054789519
54223.84054789519
54223.84054789519
54223.84054789519
54223.84054789519
54223.84054789519
54223.84054789519
54223.84054789519
54223.84054789519
54223.84054789519
54223.84054789519
54223.84054789519
54223.84054789519
54223.84054789519
54223.84054789519
54223.84054789519
54223.84054789519
54223.84054789519
54223.84054789519
54223.84054789519
54223.84054789519
54223.84054789519
54223.84054789519
54223.84054789519
54223.84054789519
54223.84054789519
54223.84054789519
54223.84054789519
54223.84054789519
54223.84054789519
54223.84054789519
54223.84054789519
54223.84054789519
54223.84054789519
54223.84054789519
54223.84054789519
54223.84054789519
54223.84054789519
54223.84054789519
54223.84054789519
54223.84054789519
54223.84054789519
54223.84054789519
54223.84054789519
54223.84054789519
54223.84054789519
54223.84054789519
54213.69248169215
54213.69248169215
54213.69248169215
54213.69248169215
54213.69248169215
54213.69248169215
54213.69248169215
54213.69248169215
54213.69248169215
54213.69248169215
54213.69248169215
54213.69248169215
54213.69248169215
Time: 43.631895542144775 seconds 
Best solution: 54213.69248169215 [1, 30, 17, 26, 45, 33, 20, 12, 10, 7, 29, 32, 22, 2, 34, 15, 16, 19, 25, 23, 28, 103, 9, 35, 39, 27, 24, 58, 46, 41, 43, 40, 53, 105, 3, 11, 8, 14, 51, 56, 47, 50, 54, 59, 36, 44, 31, 37, 55, 74, 68, 71, 82, 78, 57, 52, 95, 94, 100, 80, 48, 85, 101, 76, 89, 62, 42, 61, 72, 73, 97, 98, 96, 99, 90, 69, 81, 88, 87, 65, 66, 60, 104, 70, 93, 86, 83, 63, 77, 67, 49, 75, 91, 102, 92, 79, 64, 84, 38, 4, 5, 13, 18, 21, 6]
Avg solution: 66222.32072170461