Alg:2, Run: 5, file: C:\Users\gabri\Documents\AN 3 SEM 2\AI\Lab\Lab3\\lin105.tsp, population number: 1000, generations: 1000 
105772.0937373585
103276.64681819358
103276.64681819358
103276.64681819358
101465.54423462204
101465.54423462204
100147.89153767796
99942.5307958357
99942.5307958357
99811.19940440565
99811.19940440565
99811.19940440565
99811.19940440565
96076.24119335983
96076.24119335983
96076.24119335983
94394.5189915762
94394.5189915762
94394.5189915762
94394.5189915762
94394.5189915762
94394.5189915762
94394.5189915762
89720.80899542508
89720.80899542508
89720.80899542508
89720.80899542508
89720.80899542508
89720.80899542508
89720.80899542508
89720.80899542508
89720.80899542508
89720.80899542508
89720.80899542508
89720.80899542508
89720.80899542508
89720.80899542508
89720.80899542508
89720.80899542508
89720.80899542508
89720.80899542508
89720.80899542508
89720.80899542508
89720.80899542508
89720.80899542508
89720.80899542508
89720.80899542508
89720.80899542508
89720.80899542508
89720.80899542508
89547.1388224913
89547.1388224913
89547.1388224913
89547.1388224913
89547.1388224913
89547.1388224913
89547.1388224913
89547.1388224913
88280.9175996778
88280.9175996778
88280.9175996778
88280.9175996778
88280.9175996778
88280.9175996778
85190.64399778329
85190.64399778329
85190.64399778329
85190.64399778329
85190.64399778329
85190.64399778329
85190.64399778329
85190.64399778329
85190.64399778329
85190.64399778329
85190.64399778329
85190.64399778329
85190.64399778329
85190.64399778329
85190.64399778329
85190.64399778329
85190.64399778329
85190.64399778329
85190.64399778329
85190.64399778329
85190.64399778329
85190.64399778329
85190.64399778329
85190.64399778329
85190.64399778329
85190.64399778329
85190.64399778329
85190.64399778329
83885.06440264561
83885.06440264561
83885.06440264561
83885.06440264561
83885.06440264561
82557.26616244549
82557.26616244549
82557.26616244549
82557.26616244549
82557.26616244549
82557.26616244549
82557.26616244549
82557.26616244549
82557.26616244549
82557.26616244549
82557.26616244549
82557.26616244549
82557.26616244549
82557.26616244549
82557.26616244549
82557.26616244549
82557.26616244549
82557.26616244549
82557.26616244549
82557.26616244549
82557.26616244549
82557.26616244549
82557.26616244549
80715.34807981957
80715.34807981957
80715.34807981957
80715.34807981957
80715.34807981957
80715.34807981957
80715.34807981957
80715.34807981957
80715.34807981957
80715.34807981957
80715.34807981957
80715.34807981957
80715.34807981957
80715.34807981957
80715.34807981957
80715.34807981957
80715.34807981957
80715.34807981957
80715.34807981957
80715.34807981957
80715.34807981957
80715.34807981957
80715.34807981957
80715.34807981957
80715.34807981957
80715.34807981957
80715.34807981957
80715.34807981957
80454.8984499944
80454.8984499944
80454.8984499944
80454.8984499944
80454.8984499944
80454.8984499944
80454.8984499944
80454.8984499944
80454.8984499944
80454.8984499944
80454.8984499944
80454.8984499944
79204.41514183675
79204.41514183675
79204.41514183675
79204.41514183675
79204.41514183675
79204.41514183675
79204.41514183675
78440.37091522559
78440.37091522559
78128.33790822334
78128.33790822334
78128.33790822334
75614.88800095461
75614.88800095461
75614.88800095461
75614.88800095461
75614.88800095461
75614.88800095461
75614.88800095461
75614.88800095461
75614.88800095461
75614.88800095461
75614.88800095461
75614.88800095461
75614.88800095461
75614.88800095461
75614.88800095461
75614.88800095461
75614.88800095461
75614.88800095461
75614.88800095461
75614.88800095461
75614.88800095461
75614.88800095461
75614.88800095461
75614.88800095461
75614.88800095461
75614.88800095461
75614.88800095461
75614.88800095461
75614.88800095461
75614.88800095461
75614.88800095461
75614.88800095461
75614.88800095461
75614.88800095461
75614.88800095461
75614.88800095461
75614.88800095461
75614.88800095461
75614.88800095461
72785.03016630416
72785.03016630416
72785.03016630416
72785.03016630416
72785.03016630416
72785.03016630416
72785.03016630416
72692.13335916142
72692.13335916142
72692.13335916142
72692.13335916142
72692.13335916142
72692.13335916142
72692.13335916142
72692.13335916142
72692.13335916142
72692.13335916142
72692.13335916142
72692.13335916142
72692.13335916142
72692.13335916142
72692.13335916142
72692.13335916142
72692.13335916142
72692.13335916142
72692.13335916142
72692.13335916142
72692.13335916142
72692.13335916142
72692.13335916142
71438.65642184345
71438.65642184345
71438.65642184345
71438.65642184345
71438.65642184345
71438.65642184345
71438.65642184345
71438.65642184345
71438.65642184345
71438.65642184345
71438.65642184345
71438.65642184345
71438.65642184345
71438.65642184345
71438.65642184345
71438.65642184345
71438.65642184345
71438.65642184345
71438.65642184345
71438.65642184345
71438.65642184345
71438.65642184345
69540.89925060366
69540.89925060366
69540.89925060366
69540.89925060366
69540.89925060366
69540.89925060366
69540.89925060366
69540.89925060366
69540.89925060366
69540.89925060366
69540.89925060366
69540.89925060366
69540.89925060366
69540.89925060366
69540.89925060366
69540.89925060366
69540.89925060366
69540.89925060366
69540.89925060366
69540.89925060366
69540.89925060366
69540.89925060366
69540.89925060366
69540.89925060366
69540.89925060366
69540.89925060366
69540.89925060366
69540.89925060366
69540.89925060366
69540.89925060366
69481.94885215335
69481.94885215335
69481.94885215335
69481.94885215335
69481.94885215335
69370.65400150286
69370.65400150286
69370.65400150286
69370.65400150286
69370.65400150286
69370.65400150286
69370.65400150286
69370.65400150286
69370.65400150286
69370.65400150286
69370.65400150286
69370.65400150286
69370.65400150286
69370.65400150286
69370.65400150286
69370.65400150286
69370.65400150286
69370.65400150286
69370.65400150286
67826.58864325072
67826.58864325072
67826.58864325072
67826.58864325072
67826.58864325072
67826.58864325072
67826.58864325072
67826.58864325072
67826.58864325072
67826.58864325072
67826.58864325072
67826.58864325072
67826.58864325072
67826.58864325072
67826.58864325072
67826.58864325072
67826.58864325072
67405.43291055223
67405.43291055223
67405.43291055223
64211.07306049574
64211.07306049574
64211.07306049574
64211.07306049574
64211.07306049574
64211.07306049574
64211.07306049574
64211.07306049574
64211.07306049574
64211.07306049574
64211.07306049574
64211.07306049574
64211.07306049574
64211.07306049574
64211.07306049574
64211.07306049574
64211.07306049574
64211.07306049574
64211.07306049574
64211.07306049574
64211.07306049574
64211.07306049574
64211.07306049574
64211.07306049574
64211.07306049574
64211.07306049574
64211.07306049574
64211.07306049574
64211.07306049574
64211.07306049574
64211.07306049574
64211.07306049574
64211.07306049574
64211.07306049574
64211.07306049574
64211.07306049574
64211.07306049574
64211.07306049574
64211.07306049574
64211.07306049574
64211.07306049574
64211.07306049574
64211.07306049574
64211.07306049574
64211.07306049574
64211.07306049574
64211.07306049574
64211.07306049574
64211.07306049574
64211.07306049574
64211.07306049574
64211.07306049574
64211.07306049574
64211.07306049574
64211.07306049574
64211.07306049574
64211.07306049574
64211.07306049574
64211.07306049574
64211.07306049574
64211.07306049574
64211.07306049574
64211.07306049574
64211.07306049574
64211.07306049574
64211.07306049574
64211.07306049574
64211.07306049574
64211.07306049574
64211.07306049574
64211.07306049574
64211.07306049574
64211.07306049574
64211.07306049574
64211.07306049574
64211.07306049574
64211.07306049574
64211.07306049574
64211.07306049574
64211.07306049574
64211.07306049574
64211.07306049574
64211.07306049574
64211.07306049574
64211.07306049574
64211.07306049574
64211.07306049574
64211.07306049574
64211.07306049574
64211.07306049574
64211.07306049574
64211.07306049574
64211.07306049574
64211.07306049574
64211.07306049574
64211.07306049574
64211.07306049574
64211.07306049574
64211.07306049574
64211.07306049574
64211.07306049574
64211.07306049574
64211.07306049574
64211.07306049574
64211.07306049574
64211.07306049574
64211.07306049574
64211.07306049574
64211.07306049574
64211.07306049574
64211.07306049574
64211.07306049574
64211.07306049574
64211.07306049574
64211.07306049574
64211.07306049574
64211.07306049574
64211.07306049574
64211.07306049574
64211.07306049574
64211.07306049574
64211.07306049574
64211.07306049574
61503.86377572787
61503.86377572787
61503.86377572787
61503.86377572787
61503.86377572787
61503.86377572787
61503.86377572787
61503.86377572787
61503.86377572787
61503.86377572787
61503.86377572787
60472.350512130855
60472.350512130855
60472.350512130855
60472.350512130855
60472.350512130855
60472.350512130855
60472.350512130855
60472.350512130855
60472.350512130855
60472.350512130855
60472.350512130855
60472.350512130855
60472.350512130855
60472.350512130855
60472.350512130855
60472.350512130855
60472.350512130855
60472.350512130855
60472.350512130855
60472.350512130855
60472.350512130855
60472.350512130855
60472.350512130855
60472.350512130855
60472.350512130855
60472.350512130855
59774.82681643079
59774.82681643079
59774.82681643079
59774.82681643079
59774.82681643079
59774.82681643079
59774.82681643079
59774.82681643079
59774.82681643079
59774.82681643079
59774.82681643079
59774.82681643079
59774.82681643079
59774.82681643079
59774.82681643079
59774.82681643079
59774.82681643079
59774.82681643079
59774.82681643079
59774.82681643079
59774.82681643079
59774.82681643079
59774.82681643079
59774.82681643079
59774.82681643079
59774.82681643079
59774.82681643079
59774.82681643079
59774.82681643079
59774.82681643079
59774.82681643079
59774.82681643079
59774.82681643079
59774.82681643079
59774.82681643079
59774.82681643079
59774.82681643079
59774.82681643079
59774.82681643079
59774.82681643079
59774.82681643079
59774.82681643079
59774.82681643079
59774.82681643079
59774.82681643079
59774.82681643079
59774.82681643079
58925.26502361956
58925.26502361956
58925.26502361956
58925.26502361956
58925.26502361956
58925.26502361956
58925.26502361956
58925.26502361956
58925.26502361956
58925.26502361956
58925.26502361956
58925.26502361956
58925.26502361956
58925.26502361956
58925.26502361956
58925.26502361956
58925.26502361956
58925.26502361956
58925.26502361956
58925.26502361956
58925.26502361956
58925.26502361956
58925.26502361956
58925.26502361956
58925.26502361956
58925.26502361956
58925.26502361956
58925.26502361956
58925.26502361956
58925.26502361956
58925.26502361956
58925.26502361956
58925.26502361956
58925.26502361956
58925.26502361956
58925.26502361956
57567.28533596659
57567.28533596659
57567.28533596659
57567.28533596659
57567.28533596659
57567.28533596659
57567.28533596659
57567.28533596659
57567.28533596659
57567.28533596659
57567.28533596659
57567.28533596659
57567.28533596659
57567.28533596659
57567.28533596659
57567.28533596659
57567.28533596659
57567.28533596659
57567.28533596659
57567.28533596659
57567.28533596659
57567.28533596659
57567.28533596659
57567.28533596659
57567.28533596659
57567.28533596659
57567.28533596659
57567.28533596659
57567.28533596659
57567.28533596659
57567.28533596659
57567.28533596659
57567.28533596659
57567.28533596659
57567.28533596659
57567.28533596659
57567.28533596659
57567.28533596659
57567.28533596659
57567.28533596659
57567.28533596659
57567.28533596659
57567.28533596659
57567.28533596659
57567.28533596659
57567.28533596659
57567.28533596659
57567.28533596659
57567.28533596659
57567.28533596659
57567.28533596659
57567.28533596659
57567.28533596659
57567.28533596659
57567.28533596659
57567.28533596659
57567.28533596659
57567.28533596659
57567.28533596659
57567.28533596659
57567.28533596659
57567.28533596659
57567.28533596659
57567.28533596659
57567.28533596659
57567.28533596659
57447.20542197909
57447.20542197909
57447.20542197909
57447.20542197909
57447.20542197909
57447.20542197909
57447.20542197909
57447.20542197909
57447.20542197909
57447.20542197909
57447.20542197909
57447.20542197909
57447.20542197909
57447.20542197909
57447.20542197909
57447.20542197909
57447.20542197909
57447.20542197909
57447.20542197909
57447.20542197909
57447.20542197909
57447.20542197909
57447.20542197909
57447.20542197909
57447.20542197909
57447.20542197909
57447.20542197909
57447.20542197909
57447.20542197909
57447.20542197909
57447.20542197909
57447.20542197909
57447.20542197909
57447.20542197909
57447.20542197909
57447.20542197909
57447.20542197909
57447.20542197909
57447.20542197909
57447.20542197909
57447.20542197909
57447.20542197909
57447.20542197909
57447.20542197909
57447.20542197909
57447.20542197909
57447.20542197909
57269.39672766167
57269.39672766167
57269.39672766167
57269.39672766167
57269.39672766167
57269.39672766167
57269.39672766167
57269.39672766167
57269.39672766167
57269.39672766167
57269.39672766167
57269.39672766167
57269.39672766167
57269.39672766167
57269.39672766167
57269.39672766167
57269.39672766167
57269.39672766167
57269.39672766167
57269.39672766167
57269.39672766167
57245.95221969896
57245.95221969896
57245.95221969896
57245.95221969896
57245.95221969896
57245.95221969896
57245.95221969896
57245.95221969896
57245.95221969896
57245.95221969896
57245.95221969896
57245.95221969896
57245.95221969896
57245.95221969896
57245.95221969896
57245.95221969896
57245.95221969896
57245.95221969896
57245.95221969896
57245.95221969896
57245.95221969896
57245.95221969896
57245.95221969896
57245.95221969896
57232.646374492084
57232.646374492084
57232.646374492084
57232.646374492084
57232.646374492084
57232.646374492084
57232.646374492084
57232.646374492084
57232.646374492084
57232.646374492084
57232.646374492084
57232.646374492084
57232.646374492084
57232.646374492084
57232.646374492084
57232.646374492084
57232.646374492084
56260.23923235738
56260.23923235738
56260.23923235738
56260.23923235738
56260.23923235738
56260.23923235738
56260.23923235738
56260.23923235738
56260.23923235738
56260.23923235738
56260.23923235738
56260.23923235738
56260.23923235738
56260.23923235738
56260.23923235738
56260.23923235738
56260.23923235738
56260.23923235738
56260.23923235738
56260.23923235738
56260.23923235738
56260.23923235738
56260.23923235738
56260.23923235738
56260.23923235738
56260.23923235738
56260.23923235738
56260.23923235738
56260.23923235738
56260.23923235738
56260.23923235738
56260.23923235738
56260.23923235738
56260.23923235738
56260.23923235738
56260.23923235738
56260.23923235738
56260.23923235738
56260.23923235738
56260.23923235738
56260.23923235738
56260.23923235738
56260.23923235738
56260.23923235738
56260.23923235738
56260.23923235738
56260.23923235738
56260.23923235738
56260.23923235738
56260.23923235738
56260.23923235738
56260.23923235738
56260.23923235738
56260.23923235738
56260.23923235738
56260.23923235738
56260.23923235738
56260.23923235738
56260.23923235738
56260.23923235738
56260.23923235738
56260.23923235738
56260.23923235738
56260.23923235738
56260.23923235738
56260.23923235738
56260.23923235738
56260.23923235738
56260.23923235738
56260.23923235738
56260.23923235738
56260.23923235738
56260.23923235738
56260.23923235738
56260.23923235738
56260.23923235738
56260.23923235738
56260.23923235738
56260.23923235738
56260.23923235738
56260.23923235738
56260.23923235738
56260.23923235738
56260.23923235738
56260.23923235738
56260.23923235738
56260.23923235738
56260.23923235738
56260.23923235738
56260.23923235738
56260.23923235738
56260.23923235738
56260.23923235738
55902.078883612
55902.078883612
55902.078883612
55902.078883612
55902.078883612
55584.854733131106
55584.854733131106
55584.854733131106
55584.854733131106
55584.854733131106
55584.854733131106
55584.854733131106
55584.854733131106
55584.854733131106
55584.854733131106
55584.854733131106
55584.854733131106
55584.854733131106
55584.854733131106
55584.854733131106
55584.854733131106
55584.854733131106
55584.854733131106
55584.854733131106
55584.854733131106
55584.854733131106
55584.854733131106
55584.854733131106
55584.854733131106
55010.77654803649
55010.77654803649
55010.77654803649
55010.77654803649
55010.77654803649
55010.77654803649
55010.77654803649
55010.77654803649
55010.77654803649
55010.77654803649
55010.77654803649
55010.77654803649
55010.77654803649
55010.77654803649
54686.42944912211
54686.42944912211
54686.42944912211
54686.42944912211
54686.42944912211
54686.42944912211
54686.42944912211
54686.42944912211
54686.42944912211
54686.42944912211
54686.42944912211
54686.42944912211
54686.42944912211
54686.42944912211
54686.42944912211
54686.42944912211
54686.42944912211
54686.42944912211
54686.42944912211
54686.42944912211
54686.42944912211
54686.42944912211
54686.42944912211
54686.42944912211
54686.42944912211
54686.42944912211
54686.42944912211
54686.42944912211
54686.42944912211
54686.42944912211
54686.42944912211
54686.42944912211
54686.42944912211
54686.42944912211
54686.42944912211
54686.42944912211
54686.42944912211
54686.42944912211
54686.42944912211
54686.42944912211
54686.42944912211
54686.42944912211
54686.42944912211
54686.42944912211
54686.42944912211
54686.42944912211
54686.42944912211
54686.42944912211
54686.42944912211
54686.42944912211
54686.42944912211
54686.42944912211
54686.42944912211
54686.42944912211
54686.42944912211
54686.42944912211
54686.42944912211
54686.42944912211
54686.42944912211
54686.42944912211
54686.42944912211
54686.42944912211
54686.42944912211
54686.42944912211
54686.42944912211
54686.42944912211
54686.42944912211
54686.42944912211
54686.42944912211
54686.42944912211
54686.42944912211
54686.42944912211
54686.42944912211
54686.42944912211
54686.42944912211
54686.42944912211
54387.43198112166
54387.43198112166
54387.43198112166
54387.43198112166
54387.43198112166
54387.43198112166
54387.43198112166
54387.43198112166
54387.43198112166
54387.43198112166
54387.43198112166
54387.43198112166
54387.43198112166
54387.43198112166
54387.43198112166
54387.43198112166
54387.43198112166
54387.43198112166
54387.43198112166
54387.43198112166
54387.43198112166
54387.43198112166
54387.43198112166
54387.43198112166
54387.43198112166
54387.43198112166
54247.559940320294
54247.559940320294
54247.559940320294
54247.559940320294
54247.559940320294
54247.559940320294
54247.559940320294
Time: 43.89689064025879 seconds 
Best solution: 54247.559940320294 [28, 29, 22, 7, 25, 18, 43, 74, 84, 64, 71, 68, 79, 85, 15, 104, 19, 5, 4, 14, 34, 38, 35, 61, 54, 65, 58, 44, 103, 33, 27, 13, 26, 8, 16, 24, 17, 10, 1, 3, 2, 37, 97, 81, 82, 51, 11, 78, 47, 66, 94, 98, 20, 60, 95, 9, 102, 53, 23, 90, 87, 31, 45, 89, 88, 21, 36, 6, 12, 93, 86, 83, 57, 52, 56, 42, 41, 50, 59, 69, 73, 63, 91, 75, 72, 48, 40, 76, 70, 62, 46, 96, 100, 99, 101, 92, 77, 80, 67, 105, 55, 49, 30, 39, 32]
Avg solution: 65311.445639029414