Alg:1, Run: 1, file: C:\Users\gabri\Documents\AN 3 SEM 2\AI\Lab\Lab3\\lin105.tsp, population number: 10000, generations: 1000 
96075.439404343
96075.439404343
96075.439404343
96075.439404343
96075.439404343
96075.439404343
96075.439404343
96075.439404343
94349.02052781495
92196.00944854527
92196.00944854527
90521.12447293793
90521.12447293793
90521.12447293793
90521.12447293793
89678.53608738544
89117.05812436492
87535.96877168008
87535.96877168008
87271.40240133954
87271.40240133954
87271.40240133954
87271.40240133954
87022.21072695105
85796.31368707528
84767.34348306751
84767.34348306751
84479.71881385836
83758.89608387646
82316.84282033914
82316.84282033914
82316.84282033914
80226.52664965339
80226.52664965339
80226.52664965339
80226.52664965339
80226.52664965339
80226.52664965339
80226.52664965339
78650.4957968926
78650.4957968926
78650.4957968926
76751.07089468793
76751.07089468793
76751.07089468793
76751.07089468793
76751.07089468793
76751.07089468793
76751.07089468793
76751.07089468793
74708.31145708218
74708.31145708218
74708.31145708218
74708.31145708218
74075.17330625534
74075.17330625534
74075.17330625534
74075.17330625534
74075.17330625534
74075.17330625534
74075.17330625534
74013.33060852061
74013.33060852061
73312.57926781321
73312.57926781321
73312.57926781321
73312.57926781321
73312.57926781321
73312.57926781321
73312.57926781321
73312.57926781321
73312.57926781321
69253.81630009186
69253.81630009186
69253.81630009186
69253.81630009186
69253.81630009186
69253.81630009186
69253.81630009186
69253.81630009186
69253.81630009186
69253.81630009186
69253.81630009186
69253.81630009186
69253.81630009186
69023.44575804447
69023.44575804447
69023.44575804447
69023.44575804447
69023.44575804447
69023.44575804447
69023.44575804447
69023.44575804447
69023.44575804447
69023.44575804447
69023.44575804447
69023.44575804447
68008.38156142569
68008.38156142569
68008.38156142569
68008.38156142569
68008.38156142569
68008.38156142569
67418.28740043135
67102.28873573424
66813.53802003723
66813.53802003723
66813.53802003723
66403.03735190474
63923.014119200125
63923.014119200125
63923.014119200125
63923.014119200125
63923.014119200125
63923.014119200125
63923.014119200125
63923.014119200125
63923.014119200125
63923.014119200125
63923.014119200125
63923.014119200125
63923.014119200125
63923.014119200125
63923.014119200125
63923.014119200125
63923.014119200125
63923.014119200125
63644.83262655108
63644.83262655108
63644.83262655108
63644.83262655108
63644.83262655108
63644.83262655108
63644.83262655108
63644.83262655108
63644.83262655108
63644.83262655108
63644.83262655108
63644.83262655108
63644.83262655108
62470.36034979025
62470.36034979025
62470.36034979025
62470.36034979025
62470.36034979025
62470.36034979025
62285.19987929117
62285.19987929117
62285.19987929117
62285.19987929117
62285.19987929117
60943.414264328276
60869.17425438822
60869.17425438822
60869.17425438822
60869.17425438822
60869.17425438822
60869.17425438822
59901.151824470246
59901.151824470246
59901.151824470246
59901.151824470246
59901.151824470246
59901.151824470246
59901.151824470246
59901.151824470246
59901.151824470246
59901.151824470246
59901.151824470246
58903.54584010744
58455.3717358842
58455.3717358842
58455.3717358842
58455.3717358842
57449.04739456755
57449.04739456755
57449.04739456755
57449.04739456755
57449.04739456755
57449.04739456755
57449.04739456755
57449.04739456755
57449.04739456755
57449.04739456755
57449.04739456755
57449.04739456755
57449.04739456755
57449.04739456755
57449.04739456755
57449.04739456755
57449.04739456755
57449.04739456755
57449.04739456755
57449.04739456755
57449.04739456755
57449.04739456755
57191.487073916185
57191.487073916185
57191.487073916185
57191.487073916185
57191.487073916185
57191.487073916185
57191.487073916185
57191.487073916185
57191.487073916185
57191.487073916185
55309.023002255315
55309.023002255315
55309.023002255315
55309.023002255315
55309.023002255315
55309.023002255315
55309.023002255315
55309.023002255315
55309.023002255315
55309.023002255315
55309.023002255315
55309.023002255315
55309.023002255315
55309.023002255315
55309.023002255315
55309.023002255315
54500.97126285189
53433.77690046141
53433.77690046141
53433.77690046141
53060.77697594721
53060.77697594721
53060.77697594721
53060.77697594721
53060.77697594721
53060.77697594721
53060.77697594721
53060.77697594721
53060.77697594721
53060.77697594721
53060.77697594721
53060.77697594721
53060.77697594721
53060.77697594721
53060.77697594721
53060.77697594721
53060.77697594721
53060.77697594721
53060.77697594721
52890.499651142556
52890.499651142556
52890.499651142556
52890.499651142556
52890.499651142556
52803.97674712815
52613.962577590544
52613.962577590544
52613.962577590544
52613.962577590544
50659.558613851186
50659.558613851186
50659.558613851186
50659.558613851186
50659.558613851186
50659.558613851186
50659.558613851186
50659.558613851186
50659.558613851186
50659.558613851186
50659.558613851186
50659.558613851186
50659.558613851186
50659.558613851186
50659.558613851186
50659.558613851186
50659.558613851186
49730.07597004847
49730.07597004847
49730.07597004847
49730.07597004847
49730.07597004847
49730.07597004847
49730.07597004847
49730.07597004847
49730.07597004847
49730.07597004847
49730.07597004847
49730.07597004847
49730.07597004847
49730.07597004847
49083.60414881544
49083.60414881544
49083.60414881544
49083.60414881544
49083.60414881544
49083.60414881544
49083.60414881544
49083.60414881544
49083.60414881544
49083.60414881544
49083.60414881544
47773.05921337565
47773.05921337565
47773.05921337565
47773.05921337565
47773.05921337565
47773.05921337565
47773.05921337565
47773.05921337565
47773.05921337565
47773.05921337565
47773.05921337565
47773.05921337565
47773.05921337565
47773.05921337565
47773.05921337565
47773.05921337565
47773.05921337565
47773.05921337565
47773.05921337565
47773.05921337565
47773.05921337565
47773.05921337565
47773.05921337565
47773.05921337565
47773.05921337565
47773.05921337565
47773.05921337565
47773.05921337565
47773.05921337565
46153.3772850874
46153.3772850874
46153.3772850874
46153.3772850874
46153.3772850874
46153.3772850874
46153.3772850874
46153.3772850874
46153.3772850874
46153.3772850874
46153.3772850874
46153.3772850874
46153.3772850874
46153.3772850874
46153.3772850874
46153.3772850874
46153.3772850874
42499.10191135858
42499.10191135858
42499.10191135858
42499.10191135858
42499.10191135858
42499.10191135858
42499.10191135858
42499.10191135858
42499.10191135858
42499.10191135858
42499.10191135858
42499.10191135858
42499.10191135858
42499.10191135858
42499.10191135858
42499.10191135858
42499.10191135858
42499.10191135858
42499.10191135858
42499.10191135858
42499.10191135858
42499.10191135858
42499.10191135858
42499.10191135858
42499.10191135858
42499.10191135858
42499.10191135858
42499.10191135858
42499.10191135858
42499.10191135858
42499.10191135858
42499.10191135858
42499.10191135858
42499.10191135858
42499.10191135858
42499.10191135858
42499.10191135858
42499.10191135858
42499.10191135858
42499.10191135858
42499.10191135858
42499.10191135858
42499.10191135858
42499.10191135858
42499.10191135858
42499.10191135858
42499.10191135858
42499.10191135858
42499.10191135858
42499.10191135858
42499.10191135858
42499.10191135858
42499.10191135858
42499.10191135858
42205.56116519239
42205.56116519239
42205.56116519239
42205.56116519239
42205.56116519239
42205.56116519239
42205.56116519239
42205.56116519239
42205.56116519239
42205.56116519239
42205.56116519239
42205.56116519239
42205.56116519239
42205.56116519239
42205.56116519239
42205.56116519239
42205.56116519239
42205.56116519239
42205.56116519239
42205.56116519239
42205.56116519239
42205.56116519239
42205.56116519239
42205.56116519239
42205.56116519239
42205.56116519239
42205.56116519239
42205.56116519239
42205.56116519239
41202.47830459602
41202.47830459602
41202.47830459602
41202.47830459602
41202.47830459602
41202.47830459602
41202.47830459602
41202.47830459602
41202.47830459602
41202.47830459602
41202.47830459602
41202.47830459602
41202.47830459602
41202.47830459602
41202.47830459602
41202.47830459602
41202.47830459602
41202.47830459602
41202.47830459602
41202.47830459602
41202.47830459602
41202.47830459602
41202.47830459602
41202.47830459602
41202.47830459602
41202.47830459602
41202.47830459602
41184.69272567766
41184.69272567766
41184.69272567766
41184.69272567766
41184.69272567766
40060.011831154115
40060.011831154115
40060.011831154115
40060.011831154115
40060.011831154115
40060.011831154115
40060.011831154115
40060.011831154115
38772.33039167627
38772.33039167627
38772.33039167627
38772.33039167627
38772.33039167627
38772.33039167627
38772.33039167627
38772.33039167627
38772.33039167627
38772.33039167627
38221.649822649546
38221.649822649546
38221.649822649546
38221.649822649546
38221.649822649546
38204.555237822344
38204.555237822344
38204.555237822344
38204.555237822344
38204.555237822344
38204.555237822344
38204.555237822344
38204.555237822344
38204.555237822344
38204.555237822344
38204.555237822344
38204.555237822344
38204.555237822344
38204.555237822344
38204.555237822344
38204.555237822344
38204.555237822344
38204.555237822344
38204.555237822344
38204.555237822344
38204.555237822344
38204.555237822344
35720.17212986801
35720.17212986801
35720.17212986801
35720.17212986801
35720.17212986801
35720.17212986801
35720.17212986801
35720.17212986801
35720.17212986801
35720.17212986801
35720.17212986801
35720.17212986801
35720.17212986801
35720.17212986801
35720.17212986801
35720.17212986801
35720.17212986801
35720.17212986801
35720.17212986801
35720.17212986801
35720.17212986801
35720.17212986801
35720.17212986801
35720.17212986801
35720.17212986801
35720.17212986801
35720.17212986801
35720.17212986801
35720.17212986801
35720.17212986801
35720.17212986801
35720.17212986801
35720.17212986801
35720.17212986801
35720.17212986801
35720.17212986801
35720.17212986801
35720.17212986801
35720.17212986801
35720.17212986801
35720.17212986801
35720.17212986801
35720.17212986801
35720.17212986801
35720.17212986801
35720.17212986801
35720.17212986801
35720.17212986801
35720.17212986801
35720.17212986801
34667.05727691424
34667.05727691424
34667.05727691424
34667.05727691424
34667.05727691424
34667.05727691424
34667.05727691424
34667.05727691424
34667.05727691424
34667.05727691424
34667.05727691424
34667.05727691424
34667.05727691424
34667.05727691424
34667.05727691424
34667.05727691424
34667.05727691424
34667.05727691424
34667.05727691424
34667.05727691424
34667.05727691424
34667.05727691424
34667.05727691424
34667.05727691424
34667.05727691424
34667.05727691424
34667.05727691424
34667.05727691424
34667.05727691424
34667.05727691424
34667.05727691424
34667.05727691424
34667.05727691424
34667.05727691424
34667.05727691424
34667.05727691424
34667.05727691424
34667.05727691424
34667.05727691424
34561.247561503515
34561.247561503515
34561.247561503515
34561.247561503515
34561.247561503515
34561.247561503515
34561.247561503515
34561.247561503515
34561.247561503515
34561.247561503515
34561.247561503515
34561.247561503515
34561.247561503515
34561.247561503515
34561.247561503515
34561.247561503515
34447.319394707396
34447.319394707396
34447.319394707396
34447.319394707396
34447.319394707396
34447.319394707396
34447.319394707396
34268.409093688526
34268.409093688526
34268.409093688526
34268.409093688526
34264.72495724298
33699.65500267755
33699.65500267755
33699.65500267755
33699.65500267755
33699.65500267755
33699.65500267755
33699.65500267755
33699.65500267755
33699.65500267755
33699.65500267755
33699.65500267755
33699.65500267755
33699.65500267755
33699.65500267755
33699.65500267755
33502.25104916867
33502.25104916867
33502.25104916867
33502.25104916867
33502.25104916867
33502.25104916867
33502.25104916867
33493.084327303615
33493.084327303615
33493.084327303615
33493.084327303615
33493.084327303615
33493.084327303615
33493.084327303615
33493.084327303615
33089.425786215565
33089.425786215565
33089.425786215565
33089.425786215565
33089.425786215565
33089.425786215565
33089.425786215565
33089.425786215565
33089.425786215565
33089.425786215565
33089.425786215565
31673.970722713362
31673.970722713362
31673.970722713362
31673.970722713362
31673.970722713362
31673.970722713362
31673.970722713362
31673.970722713362
31673.970722713362
31673.970722713362
31673.970722713362
31673.970722713362
31673.970722713362
31673.970722713362
31673.970722713362
31673.970722713362
31673.970722713362
31673.970722713362
31673.970722713362
31673.970722713362
31673.970722713362
31673.970722713362
31673.970722713362
31673.970722713362
31673.970722713362
31673.970722713362
31673.970722713362
31673.970722713362
31673.970722713362
31673.970722713362
31673.970722713362
31673.970722713362
31673.970722713362
31673.970722713362
31673.970722713362
31673.970722713362
31673.970722713362
31673.970722713362
31673.970722713362
31673.970722713362
31673.970722713362
31673.970722713362
31673.970722713362
31673.970722713362
31673.970722713362
31673.970722713362
31673.970722713362
31673.970722713362
31673.970722713362
31673.970722713362
31673.970722713362
31673.970722713362
31673.970722713362
31673.970722713362
31673.970722713362
31673.970722713362
31673.970722713362
31673.970722713362
31673.970722713362
31673.970722713362
31673.970722713362
31673.970722713362
31673.970722713362
31673.970722713362
31673.970722713362
31673.970722713362
31673.970722713362
31673.970722713362
31673.970722713362
31673.970722713362
30753.85175258053
30753.85175258053
30753.85175258053
30753.85175258053
30753.85175258053
30753.85175258053
30753.85175258053
30753.85175258053
30753.85175258053
30753.85175258053
30753.85175258053
30753.85175258053
30753.85175258053
30753.85175258053
30753.85175258053
30753.85175258053
30753.85175258053
30587.919496272305
30587.919496272305
30587.919496272305
30587.919496272305
30587.919496272305
29088.16288114248
29088.16288114248
29088.16288114248
29088.16288114248
29088.16288114248
29088.16288114248
29088.16288114248
29088.16288114248
29088.16288114248
29088.16288114248
29088.16288114248
29088.16288114248
29088.16288114248
29088.16288114248
29088.16288114248
29088.16288114248
29088.16288114248
29088.16288114248
29088.16288114248
29088.16288114248
29088.16288114248
29088.16288114248
29088.16288114248
29088.16288114248
29088.16288114248
29088.16288114248
29088.16288114248
29088.16288114248
29088.16288114248
29088.16288114248
29088.16288114248
29088.16288114248
29088.16288114248
29088.16288114248
29088.16288114248
29088.16288114248
29088.16288114248
29088.16288114248
29088.16288114248
29088.16288114248
29088.16288114248
29088.16288114248
29088.16288114248
29088.16288114248
29088.16288114248
29088.16288114248
29088.16288114248
29088.16288114248
29088.16288114248
29088.16288114248
29088.16288114248
29088.16288114248
29088.16288114248
29088.16288114248
29088.16288114248
29088.16288114248
29088.16288114248
29088.16288114248
29088.16288114248
29088.16288114248
29088.16288114248
29088.16288114248
29088.16288114248
29088.16288114248
29088.16288114248
29088.16288114248
29088.16288114248
29088.16288114248
29017.725279258015
29017.725279258015
29017.725279258015
29017.725279258015
29017.725279258015
29017.725279258015
28008.034730327327
28008.034730327327
28008.034730327327
28008.034730327327
28008.034730327327
28008.034730327327
28008.034730327327
28008.034730327327
28008.034730327327
28008.034730327327
28008.034730327327
28008.034730327327
28008.034730327327
28008.034730327327
28008.034730327327
28008.034730327327
28008.034730327327
28008.034730327327
28008.034730327327
28008.034730327327
28008.034730327327
28008.034730327327
28008.034730327327
28008.034730327327
28008.034730327327
28008.034730327327
28008.034730327327
28008.034730327327
28008.034730327327
28008.034730327327
28008.034730327327
28008.034730327327
28008.034730327327
28008.034730327327
28008.034730327327
28008.034730327327
28008.034730327327
28008.034730327327
28008.034730327327
28008.034730327327
27542.13873811839
27542.13873811839
27542.13873811839
27542.13873811839
27542.13873811839
27542.13873811839
27542.13873811839
27542.13873811839
27542.13873811839
27542.13873811839
27542.13873811839
27542.13873811839
27542.13873811839
27542.13873811839
27542.13873811839
27542.13873811839
27542.13873811839
27542.13873811839
27542.13873811839
27542.13873811839
27542.13873811839
27542.13873811839
27542.13873811839
27542.13873811839
27542.13873811839
27542.13873811839
27542.13873811839
27542.13873811839
27542.13873811839
27542.13873811839
27542.13873811839
27542.13873811839
27542.13873811839
27542.13873811839
27542.13873811839
27542.13873811839
27542.13873811839
27542.13873811839
27542.13873811839
27542.13873811839
27542.13873811839
27542.13873811839
27542.13873811839
27542.13873811839
27542.13873811839
27542.13873811839
27542.13873811839
27542.13873811839
27542.13873811839
27542.13873811839
26636.119378316707
26636.119378316707
26636.119378316707
26636.119378316707
26636.119378316707
26636.119378316707
26636.119378316707
26636.119378316707
26636.119378316707
26636.119378316707
26636.119378316707
26636.119378316707
26636.119378316707
26636.119378316707
26636.119378316707
26636.119378316707
26636.119378316707
26636.119378316707
26636.119378316707
26636.119378316707
26636.119378316707
26636.119378316707
26636.119378316707
26636.119378316707
26636.119378316707
26636.119378316707
26636.119378316707
26636.119378316707
26636.119378316707
26636.119378316707
26636.119378316707
26636.119378316707
26636.119378316707
26636.119378316707
26636.119378316707
26636.119378316707
26636.119378316707
26636.119378316707
26636.119378316707
26636.119378316707
26636.119378316707
26636.119378316707
26636.119378316707
26636.119378316707
26636.119378316707
26636.119378316707
26636.119378316707
26636.119378316707
26636.119378316707
26636.119378316707
26636.119378316707
26636.119378316707
26636.119378316707
26636.119378316707
26636.119378316707
26636.119378316707
26636.119378316707
26636.119378316707
26636.119378316707
26636.119378316707
26636.119378316707
26555.275686785997
26555.275686785997
26555.275686785997
26555.275686785997
26555.275686785997
26555.275686785997
26555.275686785997
26555.275686785997
26555.275686785997
26555.275686785997
26555.275686785997
26555.275686785997
26555.275686785997
26555.275686785997
26555.275686785997
26555.275686785997
26555.275686785997
26555.275686785997
26555.275686785997
26000.61928337455
26000.61928337455
26000.61928337455
Time: 654.2693331241608 seconds 
Best solution: 26000.61928337455 [96, 84, 82, 85, 69, 73, 78, 79, 71, 76, 81, 80, 63, 40, 47, 105, 62, 61, 66, 65, 60, 42, 41, 51, 46, 58, 54, 44, 43, 104, 53, 37, 36, 20, 23, 24, 28, 33, 32, 30, 31, 29, 27, 16, 19, 26, 8, 3, 7, 6, 1, 2, 10, 15, 11, 103, 21, 22, 12, 18, 25, 17, 9, 5, 4, 13, 14, 35, 34, 39, 38, 52, 57, 55, 49, 56, 50, 48, 45, 59, 64, 67, 68, 83, 72, 77, 75, 90, 74, 88, 87, 95, 100, 94, 99, 98, 89, 70, 86, 93, 91, 92, 102, 101, 97]
Avg solution: 43027.83902799834