Alg:1, Run: 3, file: C:\Users\gabri\Documents\AN 3 SEM 2\AI\Lab\Lab3\\lin105.tsp, population number: 10000, generations: 1000 
98721.18966685049
98721.18966685049
95551.2221416128
95551.2221416128
95551.2221416128
95551.2221416128
95551.2221416128
95551.2221416128
95232.76959980903
93846.39799893876
93846.39799893876
93846.39799893876
91541.22911296292
91541.22911296292
91541.22911296292
90195.24889038915
90195.24889038915
87937.96779566034
87937.96779566034
87790.26947244504
87790.26947244504
86647.37636046782
84944.3738188743
84944.3738188743
83966.77815714202
83966.77815714202
82762.20378169137
82762.20378169137
82762.20378169137
82762.20378169137
82762.20378169137
82762.20378169137
82762.20378169137
82762.20378169137
82762.20378169137
82762.20378169137
81650.99019993108
81650.99019993108
81650.99019993108
80827.68008885966
79950.59896116026
79950.59896116026
79230.27040671094
78803.68592999138
78803.68592999138
78803.68592999138
78803.68592999138
78435.7342010335
78435.7342010335
75928.08163074889
75928.08163074889
75928.08163074889
75928.08163074889
75928.08163074889
75928.08163074889
75928.08163074889
75928.08163074889
75928.08163074889
74590.17732960191
74590.17732960191
74590.17732960191
74590.17732960191
74590.17732960191
74590.17732960191
74590.17732960191
74535.29026251336
73522.91957497796
73522.91957497796
73522.91957497796
73522.91957497796
73522.91957497796
71654.62815883876
71654.62815883876
71654.62815883876
71654.62815883876
71654.62815883876
71654.62815883876
71654.62815883876
70723.50953001897
70723.50953001897
69152.87677657136
69152.87677657136
69152.87677657136
69152.87677657136
66186.15218636711
66186.15218636711
66186.15218636711
66186.15218636711
66186.15218636711
66186.15218636711
66186.15218636711
66186.15218636711
66186.15218636711
66186.15218636711
66186.15218636711
66186.15218636711
66186.15218636711
66186.15218636711
66186.15218636711
66186.15218636711
66186.15218636711
66186.15218636711
66186.15218636711
66186.15218636711
65688.11015534702
65688.11015534702
65688.11015534702
61760.37666784591
61760.37666784591
61760.37666784591
61760.37666784591
61760.37666784591
61760.37666784591
61760.37666784591
61760.37666784591
61760.37666784591
61760.37666784591
61760.37666784591
61760.37666784591
61760.37666784591
61760.37666784591
61760.37666784591
61760.37666784591
61760.37666784591
61760.37666784591
61760.37666784591
61760.37666784591
61760.37666784591
61760.37666784591
61760.37666784591
61760.37666784591
61760.37666784591
61760.37666784591
61760.37666784591
61760.37666784591
61760.37666784591
61760.37666784591
61760.37666784591
61760.37666784591
60214.67282066209
60214.67282066209
60214.67282066209
60214.67282066209
60214.67282066209
60214.67282066209
60214.67282066209
60214.67282066209
60214.67282066209
58849.54089943626
58849.54089943626
58849.54089943626
58849.54089943626
58849.54089943626
58849.54089943626
58849.54089943626
58849.54089943626
58291.6890678886
58291.6890678886
58291.6890678886
58291.6890678886
58291.6890678886
58291.6890678886
58291.6890678886
58291.6890678886
58291.6890678886
57292.0540273959
57292.0540273959
57292.0540273959
57292.0540273959
57292.0540273959
57292.0540273959
57292.0540273959
57292.0540273959
57292.0540273959
57292.0540273959
57292.0540273959
55716.39474195916
55716.39474195916
55716.39474195916
55716.39474195916
55716.39474195916
55716.39474195916
55716.39474195916
54767.573306560975
54767.573306560975
54767.573306560975
54767.573306560975
54767.573306560975
54767.573306560975
54713.50397066912
54713.50397066912
54713.50397066912
54713.50397066912
54713.50397066912
54713.50397066912
54713.50397066912
54713.50397066912
54713.50397066912
53203.96503943832
53203.96503943832
53203.96503943832
53203.96503943832
53203.96503943832
52708.525226838676
52708.525226838676
52708.525226838676
52708.525226838676
52708.525226838676
52708.525226838676
52622.52563503289
52622.52563503289
52622.52563503289
52622.52563503289
52622.52563503289
52522.98839776836
51578.82088219048
51578.82088219048
51578.82088219048
51578.82088219048
51578.82088219048
51358.280443136726
51358.280443136726
51358.280443136726
51358.280443136726
51358.280443136726
51358.280443136726
51358.280443136726
51358.280443136726
51358.280443136726
51002.105149570925
51002.105149570925
51002.105149570925
51002.105149570925
51002.105149570925
51002.105149570925
50660.72766278736
50660.72766278736
50660.72766278736
50660.72766278736
50007.13986838038
49933.18079246865
49933.18079246865
49933.18079246865
49933.18079246865
49933.18079246865
49933.18079246865
49933.18079246865
49804.642916671735
49804.642916671735
49804.642916671735
49804.642916671735
48956.802895806664
48956.802895806664
48956.802895806664
48022.753408921104
48022.753408921104
48022.753408921104
48022.753408921104
48022.753408921104
48022.753408921104
48022.753408921104
48022.753408921104
48022.753408921104
48022.753408921104
48022.753408921104
48022.753408921104
48022.753408921104
48022.753408921104
48022.753408921104
47304.95904012107
47304.95904012107
47304.95904012107
47304.95904012107
47304.95904012107
47304.95904012107
47304.95904012107
47304.95904012107
47304.95904012107
47304.95904012107
47304.95904012107
47104.30848666955
47104.30848666955
47019.588962968715
47010.8278071318
47010.8278071318
47010.8278071318
47010.8278071318
47010.8278071318
46570.244548402
46570.244548402
46570.244548402
46570.244548402
46570.244548402
46570.244548402
46570.244548402
46570.244548402
45879.389057746776
45879.389057746776
45879.389057746776
45879.389057746776
45879.389057746776
44809.88883741925
44809.88883741925
44637.02761561558
44504.983496418485
44504.983496418485
44504.983496418485
44504.983496418485
44504.983496418485
44504.983496418485
44504.983496418485
44504.983496418485
44504.983496418485
44504.983496418485
44504.983496418485
44504.983496418485
43561.39289193749
43561.39289193749
43561.39289193749
43561.39289193749
43561.39289193749
43561.39289193749
43561.39289193749
43561.39289193749
43561.39289193749
43561.39289193749
43561.39289193749
43106.852737181194
43106.852737181194
43106.852737181194
43106.852737181194
43106.852737181194
43106.852737181194
43106.852737181194
43106.852737181194
43106.852737181194
43106.852737181194
43106.852737181194
42292.7330548509
42292.7330548509
42292.7330548509
42292.7330548509
42292.7330548509
42292.7330548509
40462.84742456029
40462.84742456029
40462.84742456029
40462.84742456029
40462.84742456029
40462.84742456029
40462.84742456029
40462.84742456029
40462.84742456029
40462.84742456029
40462.84742456029
40462.84742456029
40462.84742456029
40462.84742456029
40462.84742456029
40462.84742456029
40462.84742456029
40462.84742456029
40462.84742456029
40462.84742456029
40462.84742456029
40462.84742456029
40462.84742456029
40462.84742456029
40462.84742456029
40462.84742456029
40462.84742456029
40462.84742456029
40401.23816738203
40401.23816738203
40401.23816738203
40401.23816738203
40401.23816738203
40401.23816738203
40401.23816738203
40401.23816738203
40401.23816738203
40401.23816738203
40401.23816738203
40401.23816738203
40401.23816738203
40401.23816738203
40401.23816738203
40401.23816738203
40401.23816738203
40401.23816738203
40384.380842329
40384.380842329
40384.380842329
40384.380842329
40384.380842329
40384.380842329
40384.380842329
40384.380842329
40384.380842329
39588.69331139211
39588.69331139211
39588.69331139211
39588.69331139211
39588.69331139211
39588.69331139211
39588.69331139211
39588.69331139211
39588.69331139211
39588.69331139211
39588.69331139211
39588.69331139211
38835.832411316864
38835.832411316864
38835.832411316864
38835.832411316864
38835.832411316864
38835.832411316864
38835.832411316864
38835.832411316864
37509.683900523574
37509.683900523574
37509.683900523574
37509.683900523574
37509.683900523574
37509.683900523574
37509.683900523574
37509.683900523574
37509.683900523574
37509.683900523574
37509.683900523574
37509.683900523574
37509.683900523574
37509.683900523574
37509.683900523574
37509.683900523574
37488.02441265467
37488.02441265467
37488.02441265467
37488.02441265467
37488.02441265467
37488.02441265467
37488.02441265467
37488.02441265467
37488.02441265467
37488.02441265467
37488.02441265467
37488.02441265467
37488.02441265467
36320.43119988984
36320.43119988984
36320.43119988984
36320.43119988984
36320.43119988984
36320.43119988984
36320.43119988984
36170.98745627955
36170.98745627955
36170.98745627955
36170.98745627955
36087.20967556672
36087.20967556672
36087.20967556672
36087.20967556672
36087.20967556672
36087.20967556672
36087.20967556672
36087.20967556672
36087.20967556672
36087.20967556672
36087.20967556672
36087.20967556672
36087.20967556672
36087.20967556672
36087.20967556672
36087.20967556672
36087.20967556672
36087.20967556672
36087.20967556672
36087.20967556672
36087.20967556672
36087.20967556672
36087.20967556672
36087.20967556672
36087.20967556672
36087.20967556672
36087.20967556672
36087.20967556672
36087.20967556672
36087.20967556672
36087.20967556672
36087.20967556672
35768.023503537355
35768.023503537355
35768.023503537355
35768.023503537355
35768.023503537355
34890.61517679595
34890.61517679595
34890.61517679595
34890.61517679595
34890.61517679595
34890.61517679595
34890.61517679595
34890.61517679595
34890.61517679595
34890.61517679595
34890.61517679595
34890.61517679595
34890.61517679595
34890.61517679595
34890.61517679595
34890.61517679595
34890.61517679595
34890.61517679595
34890.61517679595
34890.61517679595
34890.61517679595
34890.61517679595
34890.61517679595
34890.61517679595
34890.61517679595
34890.61517679595
34890.61517679595
34890.61517679595
34890.61517679595
34890.61517679595
34890.61517679595
34890.61517679595
34890.61517679595
34890.61517679595
34890.61517679595
34890.61517679595
34890.61517679595
34329.058064360506
34329.058064360506
34329.058064360506
34329.058064360506
34329.058064360506
34329.058064360506
34329.058064360506
34329.058064360506
34329.058064360506
34329.058064360506
34329.058064360506
34329.058064360506
34329.058064360506
34329.058064360506
34329.058064360506
34329.058064360506
34329.058064360506
34329.058064360506
34329.058064360506
34329.058064360506
34329.058064360506
34329.058064360506
34329.058064360506
34278.15911077522
34278.15911077522
34278.15911077522
34278.15911077522
34278.15911077522
34278.15911077522
34278.15911077522
34278.15911077522
34278.15911077522
34187.740140317044
33428.52843753883
33428.52843753883
33428.52843753883
33428.52843753883
33428.52843753883
33428.52843753883
32694.406846097085
32694.406846097085
32694.406846097085
32694.406846097085
32694.406846097085
32694.406846097085
32694.406846097085
32694.406846097085
32694.406846097085
32694.406846097085
32694.406846097085
32694.406846097085
32694.406846097085
32694.406846097085
32694.406846097085
32694.406846097085
32694.406846097085
32694.406846097085
32694.406846097085
32694.406846097085
32694.406846097085
32694.406846097085
32694.406846097085
32694.406846097085
32694.406846097085
32694.406846097085
32694.406846097085
32694.406846097085
32694.406846097085
32694.406846097085
32694.406846097085
32694.406846097085
32694.406846097085
32694.406846097085
32694.406846097085
32694.406846097085
32694.406846097085
32694.406846097085
32694.406846097085
32694.406846097085
32694.406846097085
32694.406846097085
32694.406846097085
32694.406846097085
32694.406846097085
32694.406846097085
32694.406846097085
31792.258757900327
31792.258757900327
31792.258757900327
31792.258757900327
31792.258757900327
31792.258757900327
31792.258757900327
31792.258757900327
31792.258757900327
31792.258757900327
31792.258757900327
31792.258757900327
31792.258757900327
31792.258757900327
31792.258757900327
31792.258757900327
31792.258757900327
31792.258757900327
31792.258757900327
31792.258757900327
31792.258757900327
31792.258757900327
31792.258757900327
31792.258757900327
31792.258757900327
31792.258757900327
31792.258757900327
31792.258757900327
31792.258757900327
31792.258757900327
31792.258757900327
31792.258757900327
31792.258757900327
31792.258757900327
31792.258757900327
31792.258757900327
31792.258757900327
31792.258757900327
31792.258757900327
31792.258757900327
31792.258757900327
31792.258757900327
31792.258757900327
31792.258757900327
31792.258757900327
31792.258757900327
31792.258757900327
31792.258757900327
31312.295645878337
31312.295645878337
31312.295645878337
31312.295645878337
31312.295645878337
31312.295645878337
31312.295645878337
30713.31635098409
30713.31635098409
30713.31635098409
30713.31635098409
30713.31635098409
30713.31635098409
30713.31635098409
30713.31635098409
30713.31635098409
30713.31635098409
30713.31635098409
30713.31635098409
30713.31635098409
30713.31635098409
30713.31635098409
30713.31635098409
30713.31635098409
30713.31635098409
30713.31635098409
30713.31635098409
30713.31635098409
30713.31635098409
30713.31635098409
30713.31635098409
30713.31635098409
30713.31635098409
30713.31635098409
30713.31635098409
30713.31635098409
30713.31635098409
30713.31635098409
30713.31635098409
30713.31635098409
30713.31635098409
30713.31635098409
30713.31635098409
30713.31635098409
30713.31635098409
30713.31635098409
30713.31635098409
30713.31635098409
30713.31635098409
30713.31635098409
30713.31635098409
30713.31635098409
30713.31635098409
30713.31635098409
30713.31635098409
30713.31635098409
30713.31635098409
30713.31635098409
30713.31635098409
30713.31635098409
30713.31635098409
30658.485508144753
30658.485508144753
30658.485508144753
30658.485508144753
30658.485508144753
30658.485508144753
30658.485508144753
30658.485508144753
30633.972874721796
30633.972874721796
30633.972874721796
30633.972874721796
30633.972874721796
30633.972874721796
30633.972874721796
30633.972874721796
30633.972874721796
29788.683447514686
29788.683447514686
29788.683447514686
29788.683447514686
29788.683447514686
29674.395811633443
29257.504131167098
29257.504131167098
29257.504131167098
29257.504131167098
29257.504131167098
29257.504131167098
29257.504131167098
29257.504131167098
29257.504131167098
29257.504131167098
29257.504131167098
29257.504131167098
29257.504131167098
29257.504131167098
29257.504131167098
29257.504131167098
29257.504131167098
29257.504131167098
29257.504131167098
29257.504131167098
29257.504131167098
29257.504131167098
29257.504131167098
29257.504131167098
29257.504131167098
29257.504131167098
29257.504131167098
29257.504131167098
29257.504131167098
29257.504131167098
29257.504131167098
29257.504131167098
29257.504131167098
29257.504131167098
29257.504131167098
29257.504131167098
29257.504131167098
29257.504131167098
29257.504131167098
29257.504131167098
29257.504131167098
29257.504131167098
29257.504131167098
29257.504131167098
29257.504131167098
29257.504131167098
29257.504131167098
29257.504131167098
29257.504131167098
29257.504131167098
29257.504131167098
29257.504131167098
29257.504131167098
29257.504131167098
29257.504131167098
29257.504131167098
29257.504131167098
29257.504131167098
29257.504131167098
29257.504131167098
29257.504131167098
29257.504131167098
29257.504131167098
29257.504131167098
29257.504131167098
29257.504131167098
29257.504131167098
29257.504131167098
29257.504131167098
29257.504131167098
29257.504131167098
29257.504131167098
29257.504131167098
29257.504131167098
29257.504131167098
29257.504131167098
29257.504131167098
29257.504131167098
29257.504131167098
29257.504131167098
29257.504131167098
29257.504131167098
29257.504131167098
29257.504131167098
29257.504131167098
29257.504131167098
29257.504131167098
29257.504131167098
29257.504131167098
29257.504131167098
28935.340400569454
28935.340400569454
28935.340400569454
28935.340400569454
28935.340400569454
28935.340400569454
28935.340400569454
28935.340400569454
28935.340400569454
28935.340400569454
28927.758096595302
28927.758096595302
28927.758096595302
28927.758096595302
28927.758096595302
28927.758096595302
28927.758096595302
28927.758096595302
28927.758096595302
28927.758096595302
28927.758096595302
28927.758096595302
28927.758096595302
28927.758096595302
28927.758096595302
28927.758096595302
28927.758096595302
28927.758096595302
28927.758096595302
28927.758096595302
28364.763844231242
28364.763844231242
28364.763844231242
28364.763844231242
28364.763844231242
28364.763844231242
28364.763844231242
28364.763844231242
28364.763844231242
28364.763844231242
28364.763844231242
28364.763844231242
28364.763844231242
28364.763844231242
28364.763844231242
28364.763844231242
28364.763844231242
28364.763844231242
28364.763844231242
28364.763844231242
28364.763844231242
28364.763844231242
28364.763844231242
28364.763844231242
28364.763844231242
28364.763844231242
28364.763844231242
28364.763844231242
28364.763844231242
28364.763844231242
28364.763844231242
28364.763844231242
28364.763844231242
28364.763844231242
28364.763844231242
28364.763844231242
28364.763844231242
28364.763844231242
28364.763844231242
28364.763844231242
28364.763844231242
28364.763844231242
28364.763844231242
28364.763844231242
28364.763844231242
28364.763844231242
28364.763844231242
28364.763844231242
28364.763844231242
28364.763844231242
28364.763844231242
28364.763844231242
28364.763844231242
28364.763844231242
28364.763844231242
28364.763844231242
28364.763844231242
28364.763844231242
28364.763844231242
28364.763844231242
28364.763844231242
28364.763844231242
28364.763844231242
28364.763844231242
28015.39644618547
28015.39644618547
28015.39644618547
28015.39644618547
28015.39644618547
28015.39644618547
28015.39644618547
28015.39644618547
28015.39644618547
28015.39644618547
28015.39644618547
28015.39644618547
28015.39644618547
28015.39644618547
28015.39644618547
28015.39644618547
28015.39644618547
28015.39644618547
28015.39644618547
28015.39644618547
28015.39644618547
28015.39644618547
28015.39644618547
28015.39644618547
28015.39644618547
28015.39644618547
28015.39644618547
28015.39644618547
28015.39644618547
28015.39644618547
28015.39644618547
28015.39644618547
27924.029165264652
27924.029165264652
27924.029165264652
27924.029165264652
27924.029165264652
27924.029165264652
27924.029165264652
27924.029165264652
27924.029165264652
27924.029165264652
27924.029165264652
27924.029165264652
27924.029165264652
27924.029165264652
27924.029165264652
27543.00172098811
27543.00172098811
27543.00172098811
27543.00172098811
27543.00172098811
27543.00172098811
27543.00172098811
27543.00172098811
27543.00172098811
27543.00172098811
27543.00172098811
27543.00172098811
27543.00172098811
27543.00172098811
27543.00172098811
27543.00172098811
27543.00172098811
27543.00172098811
Time: 657.7997305393219 seconds 
Best solution: 27543.00172098811 [81, 69, 74, 75, 76, 80, 72, 64, 86, 93, 98, 99, 94, 100, 95, 87, 88, 90, 89, 92, 91, 96, 101, 102, 97, 85, 68, 71, 78, 82, 79, 77, 67, 83, 84, 42, 53, 104, 50, 55, 59, 47, 48, 40, 29, 31, 32, 33, 28, 23, 20, 16, 24, 27, 14, 13, 4, 5, 35, 39, 38, 34, 12, 6, 2, 1, 19, 7, 10, 11, 15, 3, 30, 103, 22, 21, 9, 8, 18, 17, 25, 26, 54, 58, 105, 45, 49, 56, 41, 37, 36, 44, 51, 46, 43, 57, 60, 61, 66, 65, 63, 52, 62, 73, 70]
Avg solution: 41873.5055130417