Alg:1, Run: 5, file: C:\Users\gabri\Documents\AN 3 SEM 2\AI\Lab\Lab3\\lin105.tsp, population number: 10000, generations: 1000 
103625.41854051744
102289.32409312451
101754.39509790597
100911.7158716133
100512.3764371843
98054.8172138308
95386.33580658611
95386.33580658611
94365.85968753094
93001.50021761731
89660.02732644015
89660.02732644015
89660.02732644015
89660.02732644015
89660.02732644015
89660.02732644015
89660.02732644015
89465.44103823962
89465.44103823962
85117.97274272506
85117.97274272506
85117.97274272506
85117.97274272506
85117.97274272506
84659.98974609528
84659.98974609528
84158.03772199544
84158.03772199544
84158.03772199544
82510.7446261679
82510.7446261679
82510.7446261679
82510.7446261679
82510.7446261679
82510.7446261679
82510.7446261679
79899.18505708479
78352.87923500378
78352.87923500378
78352.87923500378
78352.87923500378
78352.87923500378
78352.87923500378
78352.87923500378
78352.87923500378
78352.87923500378
77842.55349299683
76651.10832353853
76651.10832353853
76651.10832353853
76651.10832353853
72063.92537629038
72063.92537629038
72063.92537629038
72063.92537629038
72063.92537629038
72063.92537629038
72063.92537629038
72063.92537629038
72063.92537629038
72063.92537629038
72063.92537629038
72024.3142836859
72024.3142836859
72024.3142836859
72024.3142836859
72024.3142836859
72024.3142836859
72024.3142836859
72024.3142836859
72024.3142836859
72024.3142836859
70732.20639936435
70732.20639936435
70732.20639936435
70607.66605073502
70607.66605073502
70607.66605073502
70607.66605073502
68649.79846404155
68649.79846404155
68649.79846404155
68569.71566945635
68430.89964551298
68430.89964551298
68430.89964551298
68430.89964551298
68430.89964551298
68430.89964551298
68430.89964551298
68430.89964551298
68430.89964551298
68430.89964551298
68430.89964551298
68107.9772322415
64773.58022808902
64773.58022808902
64773.58022808902
64773.58022808902
62984.06402462184
62984.06402462184
62984.06402462184
62984.06402462184
62984.06402462184
62984.06402462184
62984.06402462184
62984.06402462184
62984.06402462184
62984.06402462184
62984.06402462184
62984.06402462184
62984.06402462184
62984.06402462184
62984.06402462184
62984.06402462184
62984.06402462184
62984.06402462184
62984.06402462184
62984.06402462184
62984.06402462184
61290.12836755276
61290.12836755276
61290.12836755276
61290.12836755276
61290.12836755276
61290.12836755276
61290.12836755276
61290.12836755276
61290.12836755276
61290.12836755276
60616.20968907745
60315.49041824598
60315.49041824598
60315.49041824598
60258.68678418647
60258.68678418647
60258.68678418647
60258.68678418647
60258.68678418647
60258.68678418647
60258.68678418647
60258.68678418647
60258.68678418647
60258.68678418647
60258.68678418647
60258.68678418647
60258.68678418647
60258.68678418647
60258.68678418647
59417.75699010155
59417.75699010155
59417.75699010155
59417.75699010155
59417.75699010155
59417.75699010155
59417.75699010155
59417.75699010155
59417.75699010155
59417.75699010155
59417.75699010155
59417.75699010155
59417.75699010155
59417.75699010155
59266.29359821258
59266.29359821258
59266.29359821258
59266.29359821258
57847.13249458946
57847.13249458946
57847.13249458946
57847.13249458946
57847.13249458946
57642.08631821222
57642.08631821222
57642.08631821222
57642.08631821222
56636.82591899201
56636.82591899201
56636.82591899201
56636.82591899201
56636.82591899201
56636.82591899201
56636.82591899201
56636.82591899201
56636.82591899201
56636.82591899201
56636.82591899201
56636.82591899201
56636.82591899201
56636.82591899201
56453.98773058606
56453.98773058606
56453.98773058606
56453.98773058606
56453.98773058606
56453.98773058606
56453.98773058606
55942.539675087224
54763.840970737656
54763.840970737656
54196.03490979661
54196.03490979661
54196.03490979661
54196.03490979661
54196.03490979661
54196.03490979661
54196.03490979661
54196.03490979661
54196.03490979661
54196.03490979661
53627.79632396835
53627.79632396835
53627.79632396835
53627.79632396835
53627.79632396835
53627.79632396835
53627.79632396835
53627.79632396835
53627.79632396835
53627.79632396835
53627.79632396835
53000.441055949625
53000.441055949625
53000.441055949625
53000.441055949625
53000.441055949625
52456.61011200187
52456.61011200187
52456.61011200187
52456.61011200187
52456.61011200187
52456.61011200187
48987.59012856602
48987.59012856602
48987.59012856602
48987.59012856602
48987.59012856602
48987.59012856602
48987.59012856602
48987.59012856602
48987.59012856602
48987.59012856602
48987.59012856602
48987.59012856602
48987.59012856602
48987.59012856602
48987.59012856602
48987.59012856602
48987.59012856602
48075.37892204581
48075.37892204581
48075.37892204581
48075.37892204581
48075.37892204581
48075.37892204581
48075.37892204581
48075.37892204581
48075.37892204581
48075.37892204581
48075.37892204581
48075.37892204581
48075.37892204581
48075.37892204581
48075.37892204581
48075.37892204581
47665.34942343107
47665.34942343107
47665.34942343107
47665.34942343107
47665.34942343107
47665.34942343107
47665.34942343107
47665.34942343107
47665.34942343107
47665.34942343107
47665.34942343107
47665.34942343107
47665.34942343107
47665.34942343107
47665.34942343107
47665.34942343107
47665.34942343107
47665.34942343107
47665.34942343107
47665.34942343107
47665.34942343107
47665.34942343107
47665.34942343107
47632.70715833257
47632.70715833257
47632.70715833257
47632.70715833257
47632.70715833257
47632.70715833257
47632.70715833257
47632.70715833257
47047.36771931575
46841.56913843654
46841.56913843654
46841.56913843654
46841.56913843654
46841.56913843654
46841.56913843654
46841.56913843654
46841.56913843654
46841.56913843654
46780.20981378191
46767.448456974336
46767.448456974336
46767.448456974336
46767.448456974336
46767.448456974336
46433.716319822684
46433.716319822684
43900.54105455704
43900.54105455704
43900.54105455704
43900.54105455704
43900.54105455704
43900.54105455704
43900.54105455704
43900.54105455704
43900.54105455704
43900.54105455704
43900.54105455704
43900.54105455704
43900.54105455704
43900.54105455704
43900.54105455704
43900.54105455704
43900.54105455704
43900.54105455704
43900.54105455704
43900.54105455704
43900.54105455704
43900.54105455704
43900.54105455704
43900.54105455704
43900.54105455704
43624.39907862274
43624.39907862274
43624.39907862274
43624.39907862274
43624.39907862274
43624.39907862274
43624.39907862274
43624.39907862274
43624.39907862274
43624.39907862274
43624.39907862274
43624.39907862274
43624.39907862274
43624.39907862274
43624.39907862274
43624.39907862274
43624.39907862274
43624.39907862274
43624.39907862274
43624.39907862274
43624.39907862274
43624.39907862274
41823.938775573806
41823.938775573806
41823.938775573806
41823.938775573806
41823.938775573806
41823.938775573806
41823.938775573806
41823.938775573806
41823.938775573806
41823.938775573806
41823.938775573806
41823.938775573806
41823.938775573806
41823.938775573806
41823.938775573806
41823.938775573806
41823.938775573806
41823.938775573806
41823.938775573806
41823.938775573806
41823.938775573806
41823.938775573806
41823.938775573806
41823.938775573806
41823.938775573806
41823.938775573806
41823.938775573806
41823.938775573806
40088.51032854449
40088.51032854449
40088.51032854449
40088.51032854449
40088.51032854449
40088.51032854449
40088.51032854449
40088.51032854449
40088.51032854449
40088.51032854449
40088.51032854449
40088.51032854449
40088.51032854449
40088.51032854449
40088.51032854449
40088.51032854449
40088.51032854449
40088.51032854449
40088.51032854449
40088.51032854449
40088.51032854449
40088.51032854449
39859.21495366186
39859.21495366186
39859.21495366186
39859.21495366186
39859.21495366186
39859.21495366186
39859.21495366186
39859.21495366186
39859.21495366186
39859.21495366186
39475.10561887226
39475.10561887226
39475.10561887226
39475.10561887226
39475.10561887226
39475.10561887226
39475.10561887226
39475.10561887226
39475.10561887226
39475.10561887226
39475.10561887226
39475.10561887226
39475.10561887226
39475.10561887226
39475.10561887226
39475.10561887226
39475.10561887226
39163.711577283546
39163.711577283546
39163.711577283546
38906.06701240992
38000.997406542556
38000.997406542556
38000.997406542556
38000.997406542556
38000.997406542556
38000.997406542556
38000.997406542556
38000.997406542556
38000.997406542556
38000.997406542556
38000.997406542556
38000.997406542556
38000.997406542556
38000.997406542556
38000.997406542556
38000.997406542556
38000.997406542556
38000.997406542556
37987.74310658264
37987.74310658264
37987.74310658264
37987.74310658264
37987.74310658264
37987.74310658264
37987.74310658264
37987.74310658264
37987.74310658264
37987.74310658264
37469.30787453361
37469.30787453361
37469.30787453361
37469.30787453361
37469.30787453361
37469.30787453361
37469.30787453361
37469.30787453361
37469.30787453361
37469.30787453361
37469.30787453361
37469.30787453361
37469.30787453361
37469.30787453361
37469.30787453361
37469.30787453361
37469.30787453361
37469.30787453361
37469.30787453361
37469.30787453361
36967.35039160069
36967.35039160069
36967.35039160069
36967.35039160069
36967.35039160069
36967.35039160069
36967.35039160069
36967.35039160069
36967.35039160069
36967.35039160069
36967.35039160069
35867.57014764832
35867.57014764832
35867.57014764832
35867.57014764832
35867.57014764832
35867.57014764832
35867.57014764832
35867.57014764832
35867.57014764832
35867.57014764832
35867.57014764832
35867.57014764832
35867.57014764832
35867.57014764832
35867.57014764832
35867.57014764832
35867.57014764832
35867.57014764832
35867.57014764832
35867.57014764832
35867.57014764832
35867.57014764832
35867.57014764832
35867.57014764832
35867.57014764832
35867.57014764832
35867.57014764832
35867.57014764832
35867.57014764832
35867.57014764832
35867.57014764832
35867.57014764832
35867.57014764832
35867.57014764832
35867.57014764832
35867.57014764832
35867.57014764832
35867.57014764832
35867.57014764832
35867.57014764832
35386.71863239905
34755.838116619896
34755.838116619896
34755.838116619896
34755.838116619896
34755.838116619896
34755.838116619896
34755.838116619896
34755.838116619896
34755.838116619896
34755.838116619896
34755.838116619896
34755.838116619896
34755.838116619896
34755.838116619896
34755.838116619896
34755.838116619896
33771.26485206586
33771.26485206586
33771.26485206586
33771.26485206586
33771.26485206586
33771.26485206586
33771.26485206586
33771.26485206586
33771.26485206586
33771.26485206586
33771.26485206586
33771.26485206586
33771.26485206586
33771.26485206586
33771.26485206586
33771.26485206586
33771.26485206586
33771.26485206586
33771.26485206586
33771.26485206586
33771.26485206586
33771.26485206586
33771.26485206586
33771.26485206586
33771.26485206586
33771.26485206586
33771.26485206586
33771.26485206586
33771.26485206586
33771.26485206586
33771.26485206586
33771.26485206586
33771.26485206586
33771.26485206586
33771.26485206586
33771.26485206586
33771.26485206586
33771.26485206586
33771.26485206586
33771.26485206586
33771.26485206586
33771.26485206586
33771.26485206586
33771.26485206586
33771.26485206586
33771.26485206586
33771.26485206586
33771.26485206586
33771.26485206586
33771.26485206586
33771.26485206586
33771.26485206586
33771.26485206586
33771.26485206586
33771.26485206586
33771.26485206586
33771.26485206586
33771.26485206586
33336.441032685165
33336.441032685165
33336.441032685165
33336.441032685165
33336.441032685165
33336.441032685165
33336.441032685165
33336.441032685165
33336.441032685165
33336.441032685165
33336.441032685165
33336.441032685165
33336.441032685165
33336.441032685165
32997.003421642556
32997.003421642556
32997.003421642556
32589.422372527508
32589.422372527508
32589.422372527508
32589.422372527508
32589.422372527508
32589.422372527508
32589.422372527508
32589.422372527508
32589.422372527508
32589.422372527508
32589.422372527508
32589.422372527508
32589.422372527508
32589.422372527508
32589.422372527508
32589.422372527508
32589.422372527508
32589.422372527508
32589.422372527508
32549.237407920406
32549.237407920406
32549.237407920406
32549.237407920406
32549.237407920406
32549.237407920406
32261.364557715242
32261.364557715242
31578.569887832604
31578.569887832604
31578.569887832604
31578.569887832604
31578.569887832604
31578.569887832604
31578.569887832604
31578.569887832604
31578.569887832604
31578.569887832604
31578.569887832604
31578.569887832604
31578.569887832604
31578.569887832604
31578.569887832604
31578.569887832604
31578.569887832604
31578.569887832604
31578.569887832604
31578.569887832604
31578.569887832604
31578.569887832604
31578.569887832604
31578.569887832604
31578.569887832604
31578.569887832604
31578.569887832604
31578.569887832604
31578.569887832604
31578.569887832604
30755.012195313837
30755.012195313837
30755.012195313837
30755.012195313837
30755.012195313837
30755.012195313837
30755.012195313837
30755.012195313837
30755.012195313837
30755.012195313837
30755.012195313837
30755.012195313837
30755.012195313837
30755.012195313837
30755.012195313837
30755.012195313837
30755.012195313837
30755.012195313837
30755.012195313837
30755.012195313837
30755.012195313837
30755.012195313837
30755.012195313837
30755.012195313837
30755.012195313837
30755.012195313837
30755.012195313837
30755.012195313837
30755.012195313837
30755.012195313837
30755.012195313837
30755.012195313837
30755.012195313837
30755.012195313837
30755.012195313837
30755.012195313837
30755.012195313837
30755.012195313837
30755.012195313837
30755.012195313837
30755.012195313837
30755.012195313837
30755.012195313837
30755.012195313837
30755.012195313837
30755.012195313837
30755.012195313837
30755.012195313837
30755.012195313837
30755.012195313837
30755.012195313837
30755.012195313837
30755.012195313837
30755.012195313837
30755.012195313837
30755.012195313837
30755.012195313837
30755.012195313837
30755.012195313837
30755.012195313837
30755.012195313837
30755.012195313837
30755.012195313837
30755.012195313837
30755.012195313837
30529.881321266934
30529.881321266934
30529.881321266934
30529.881321266934
30529.881321266934
30529.881321266934
30529.881321266934
30529.881321266934
30529.881321266934
30529.881321266934
30529.881321266934
30529.881321266934
30529.881321266934
30529.881321266934
30529.881321266934
30529.881321266934
30529.881321266934
30529.881321266934
30529.881321266934
30529.881321266934
30529.881321266934
30529.881321266934
30519.27225931087
30519.27225931087
30519.27225931087
30519.27225931087
30519.27225931087
30519.27225931087
30370.88272560008
30370.88272560008
30370.88272560008
30370.88272560008
30370.88272560008
30370.88272560008
30370.88272560008
30370.88272560008
30370.88272560008
30309.9809663065
30309.9809663065
30309.9809663065
30309.9809663065
29829.764588342176
29829.764588342176
29829.764588342176
29512.192802567304
29512.192802567304
29512.192802567304
29512.192802567304
29512.192802567304
29512.192802567304
29512.192802567304
29512.192802567304
29512.192802567304
29512.192802567304
29512.192802567304
29512.192802567304
29512.192802567304
29512.192802567304
29512.192802567304
29512.192802567304
29512.192802567304
29512.192802567304
28439.836893457446
28439.836893457446
28439.836893457446
28439.836893457446
28439.836893457446
28439.836893457446
28439.836893457446
28439.836893457446
28439.836893457446
28439.836893457446
28439.836893457446
28439.836893457446
28439.836893457446
28439.836893457446
28439.836893457446
28439.836893457446
28439.836893457446
28439.836893457446
28439.836893457446
28439.836893457446
28439.836893457446
28439.836893457446
28439.836893457446
28439.836893457446
28439.836893457446
28439.836893457446
28439.836893457446
28439.836893457446
28439.836893457446
28439.836893457446
28439.836893457446
28439.836893457446
28439.836893457446
28439.836893457446
28439.836893457446
28439.836893457446
28439.836893457446
28439.836893457446
28439.836893457446
28439.836893457446
28439.836893457446
28439.836893457446
28439.836893457446
28439.836893457446
28439.836893457446
28439.836893457446
28212.83807199112
28212.83807199112
28212.83807199112
28212.83807199112
28212.83807199112
28212.83807199112
28212.83807199112
28212.83807199112
28212.83807199112
28212.83807199112
28212.83807199112
28212.83807199112
28212.83807199112
28212.83807199112
28212.83807199112
28212.83807199112
28212.83807199112
28212.83807199112
28212.83807199112
28212.83807199112
28212.83807199112
28212.83807199112
28212.83807199112
28212.83807199112
28212.83807199112
28212.83807199112
27560.669657258946
27560.669657258946
27560.669657258946
27560.669657258946
27560.669657258946
27560.669657258946
27560.669657258946
27560.669657258946
27560.669657258946
27560.669657258946
27560.669657258946
27560.669657258946
27560.669657258946
27560.669657258946
27560.669657258946
27560.669657258946
27560.669657258946
27560.669657258946
27560.669657258946
27560.669657258946
27560.669657258946
27560.669657258946
27560.669657258946
27560.669657258946
27560.669657258946
27560.669657258946
27560.669657258946
27560.669657258946
27560.669657258946
27560.669657258946
27560.669657258946
27560.669657258946
27560.669657258946
27560.669657258946
27560.669657258946
27560.669657258946
27560.669657258946
27560.669657258946
27560.669657258946
27560.669657258946
27560.669657258946
27560.669657258946
27560.669657258946
27560.669657258946
27560.669657258946
27560.669657258946
27560.669657258946
27560.669657258946
27560.669657258946
27560.669657258946
27560.669657258946
27560.669657258946
27560.669657258946
27560.669657258946
27560.669657258946
27560.669657258946
27560.669657258946
27560.669657258946
27560.669657258946
27560.669657258946
27560.669657258946
27560.669657258946
27560.669657258946
27560.669657258946
27560.669657258946
27560.669657258946
27560.669657258946
27560.669657258946
27560.669657258946
27560.669657258946
27560.669657258946
27560.669657258946
27560.669657258946
27560.669657258946
27560.669657258946
27560.669657258946
27560.669657258946
27560.669657258946
27560.669657258946
27560.669657258946
27560.669657258946
27560.669657258946
27560.669657258946
27560.669657258946
27560.669657258946
27560.669657258946
27560.669657258946
27560.669657258946
27560.669657258946
27560.669657258946
27222.430765596495
27222.430765596495
27222.430765596495
27222.430765596495
27222.430765596495
27222.430765596495
27222.430765596495
27222.430765596495
27222.430765596495
27222.430765596495
27222.430765596495
27222.430765596495
27222.430765596495
27222.430765596495
27222.430765596495
27222.430765596495
27222.430765596495
27222.430765596495
27222.430765596495
27222.430765596495
27222.430765596495
Time: 652.1850881576538 seconds 
Best solution: 27222.430765596495 [94, 88, 87, 65, 61, 60, 66, 63, 64, 62, 70, 80, 67, 71, 73, 49, 48, 53, 57, 42, 44, 41, 43, 38, 39, 34, 35, 13, 5, 4, 14, 37, 36, 19, 103, 16, 28, 26, 12, 22, 15, 20, 29, 21, 11, 10, 7, 6, 2, 1, 3, 8, 9, 23, 30, 31, 25, 27, 24, 18, 17, 33, 32, 52, 46, 51, 47, 105, 40, 104, 45, 56, 59, 58, 54, 50, 55, 72, 68, 84, 77, 90, 74, 76, 82, 83, 78, 85, 91, 96, 97, 92, 102, 101, 89, 81, 69, 75, 79, 86, 93, 99, 98, 95, 100]
Avg solution: 42301.001712260324