Alg:1, Run: 4, file: C:\Users\gabri\Documents\AN 3 SEM 2\AI\Lab\Lab3\\lin105.tsp, population number: 10000, generations: 1000 
102555.32049783225
100341.76591932123
99938.36216333085
99938.36216333085
97595.83589021562
97230.3466085682
96306.80844549603
96306.80844549603
94119.61607005812
93303.64522832823
93303.64522832823
93303.64522832823
90042.86100296864
90042.86100296864
90020.96682763413
88022.20545254885
88022.20545254885
87843.50564143618
87843.50564143618
87843.50564143618
86512.40727246582
86512.40727246582
86512.40727246582
86512.40727246582
86512.40727246582
84974.1519374685
84974.1519374685
84974.1519374685
84191.5373660439
84191.5373660439
84191.5373660439
84191.5373660439
78223.34761260462
78223.34761260462
78223.34761260462
78223.34761260462
78223.34761260462
78223.34761260462
78223.34761260462
78223.34761260462
78223.34761260462
78223.34761260462
78223.34761260462
78223.34761260462
78223.34761260462
78157.72227374012
77853.65384793408
77853.65384793408
77853.65384793408
77853.65384793408
77853.65384793408
76851.46888463794
75171.30125248732
75171.30125248732
75171.30125248732
75171.30125248732
75171.30125248732
75171.30125248732
75171.30125248732
74175.03267001509
73365.65215548848
72682.71956011468
72682.71956011468
72682.71956011468
72682.71956011468
72487.84941654021
72487.84941654021
72487.84941654021
72487.84941654021
72293.02439764391
72293.02439764391
72293.02439764391
72246.22948971424
71663.51369318497
71663.51369318497
71663.51369318497
68654.75988805329
68654.75988805329
68654.75988805329
68654.75988805329
68654.75988805329
68654.75988805329
68654.75988805329
68654.75988805329
68654.75988805329
68654.75988805329
67287.53085953718
67287.53085953718
67287.53085953718
67287.53085953718
67287.53085953718
67287.53085953718
67287.53085953718
67287.53085953718
67287.53085953718
67287.53085953718
67287.53085953718
66955.01040360943
66955.01040360943
66026.4533958126
66026.4533958126
66026.4533958126
66026.4533958126
66026.4533958126
66026.4533958126
66026.4533958126
66026.4533958126
66026.4533958126
66026.4533958126
66026.4533958126
66002.81172886364
64993.62331048523
64863.1404655703
64863.1404655703
61465.50828967096
61465.50828967096
61465.50828967096
61465.50828967096
61465.50828967096
61465.50828967096
61465.50828967096
61465.50828967096
61465.50828967096
61465.50828967096
61465.50828967096
61465.50828967096
61465.50828967096
61465.50828967096
61465.50828967096
59331.82740778283
59331.82740778283
59331.82740778283
59331.82740778283
59331.82740778283
59331.82740778283
59331.82740778283
59331.82740778283
59331.82740778283
59331.82740778283
59280.25629148076
59280.25629148076
59280.25629148076
59280.25629148076
59280.25629148076
59280.25629148076
59280.25629148076
59280.25629148076
59280.25629148076
59280.25629148076
59280.25629148076
59280.25629148076
59280.25629148076
59280.25629148076
59280.25629148076
59280.25629148076
59280.25629148076
59280.25629148076
59274.7559161949
59274.7559161949
58241.8816345429
58241.8816345429
58241.8816345429
55891.04147027742
55891.04147027742
55891.04147027742
55891.04147027742
55891.04147027742
55891.04147027742
55891.04147027742
55891.04147027742
55891.04147027742
55891.04147027742
55891.04147027742
55891.04147027742
55891.04147027742
55891.04147027742
55891.04147027742
55891.04147027742
55891.04147027742
55891.04147027742
55891.04147027742
55789.41179847908
55789.41179847908
55789.41179847908
55789.41179847908
55789.41179847908
55789.41179847908
55789.41179847908
55789.41179847908
55789.41179847908
55789.41179847908
54457.491154599884
54457.491154599884
54457.491154599884
54457.491154599884
54457.491154599884
54457.491154599884
54457.491154599884
54457.491154599884
54457.491154599884
54457.491154599884
54457.491154599884
54457.491154599884
54457.491154599884
54457.491154599884
54457.491154599884
54457.491154599884
54457.491154599884
54457.491154599884
54457.491154599884
54174.118958300154
54174.118958300154
54174.118958300154
54174.118958300154
54174.118958300154
54174.118958300154
53642.09398653921
53642.09398653921
53642.09398653921
53642.09398653921
53312.88016880758
53312.88016880758
53297.72112300192
53297.72112300192
53297.72112300192
53297.72112300192
53297.72112300192
53297.72112300192
53297.72112300192
51827.20679029053
51827.20679029053
51273.84522591009
51273.84522591009
51273.84522591009
51273.84522591009
51273.84522591009
51273.84522591009
51273.84522591009
51273.84522591009
51164.73169663301
51164.73169663301
51164.73169663301
51164.73169663301
51164.73169663301
50000.03564210261
50000.03564210261
50000.03564210261
50000.03564210261
50000.03564210261
50000.03564210261
50000.03564210261
50000.03564210261
50000.03564210261
49520.085340869286
49520.085340869286
49520.085340869286
49520.085340869286
49520.085340869286
49520.085340869286
49520.085340869286
49520.085340869286
49520.085340869286
49520.085340869286
49520.085340869286
49520.085340869286
49520.085340869286
48925.83421707896
48925.83421707896
48925.83421707896
48925.83421707896
48925.83421707896
48638.28479255654
48638.28479255654
48638.28479255654
48638.28479255654
48638.28479255654
48638.28479255654
48638.28479255654
48638.28479255654
48638.28479255654
48638.28479255654
48638.28479255654
48638.28479255654
47979.56832443442
47979.56832443442
47979.56832443442
47979.56832443442
47979.56832443442
47979.56832443442
47979.56832443442
47979.56832443442
47979.56832443442
47979.56832443442
47979.56832443442
47979.56832443442
47979.56832443442
47979.56832443442
47659.88816887592
47659.88816887592
47659.88816887592
47659.88816887592
47659.88816887592
47659.88816887592
47188.94858464973
47188.94858464973
47188.94858464973
47188.94858464973
47188.94858464973
47188.94858464973
47188.94858464973
47188.94858464973
46470.52521617661
46470.52521617661
46470.52521617661
46470.52521617661
46470.52521617661
46470.52521617661
46470.52521617661
46470.52521617661
46470.52521617661
46470.52521617661
46470.52521617661
46470.52521617661
46470.52521617661
46470.52521617661
46470.52521617661
46470.52521617661
45929.79494073642
45929.79494073642
45929.79494073642
45929.79494073642
45929.79494073642
45929.79494073642
45929.79494073642
45929.79494073642
45929.79494073642
45929.79494073642
44953.95063031417
44953.95063031417
44953.95063031417
44953.95063031417
44953.95063031417
44953.95063031417
44953.95063031417
44953.95063031417
44953.95063031417
44322.83769476215
44322.83769476215
44322.83769476215
44094.086700347216
44094.086700347216
44094.086700347216
44094.086700347216
44094.086700347216
44094.086700347216
41913.90516557149
41913.90516557149
41913.90516557149
41913.90516557149
41913.90516557149
41913.90516557149
41913.90516557149
41913.90516557149
41913.90516557149
41913.90516557149
41913.90516557149
41913.90516557149
41913.90516557149
41913.90516557149
41913.90516557149
41913.90516557149
41913.90516557149
41913.90516557149
41913.90516557149
41913.90516557149
41913.90516557149
41913.90516557149
41913.90516557149
41913.90516557149
41913.90516557149
41913.90516557149
41077.81597099463
41077.81597099463
41077.81597099463
41077.81597099463
41077.81597099463
41077.81597099463
41077.81597099463
41077.81597099463
41077.81597099463
41077.81597099463
41077.81597099463
41077.81597099463
41077.81597099463
41077.81597099463
41077.81597099463
41077.81597099463
41077.81597099463
41077.81597099463
41077.81597099463
41077.81597099463
41077.81597099463
41077.81597099463
41077.81597099463
41077.81597099463
41077.81597099463
41077.81597099463
41077.81597099463
40878.88872574893
40878.88872574893
40878.88872574893
40878.88872574893
40878.88872574893
40878.88872574893
40878.88872574893
39481.52749281043
39481.52749281043
39481.52749281043
39481.52749281043
39481.52749281043
39481.52749281043
39481.52749281043
39481.52749281043
39481.52749281043
39481.52749281043
39481.52749281043
39481.52749281043
39481.52749281043
39481.52749281043
39481.52749281043
39481.52749281043
39481.52749281043
39481.52749281043
39481.52749281043
39481.52749281043
39042.82221468494
39042.82221468494
39042.82221468494
39042.82221468494
39042.82221468494
39042.82221468494
39042.82221468494
39042.82221468494
39042.82221468494
39042.82221468494
39042.82221468494
39042.82221468494
39042.82221468494
39042.82221468494
39042.82221468494
39042.82221468494
39042.82221468494
38549.47209173311
38549.47209173311
38549.47209173311
38549.47209173311
38549.47209173311
38549.47209173311
38549.47209173311
38549.47209173311
38549.47209173311
38549.47209173311
38549.47209173311
38549.47209173311
38549.47209173311
38549.47209173311
38549.47209173311
38549.47209173311
38323.24434300023
38323.24434300023
38323.24434300023
38323.24434300023
38323.24434300023
37943.348013155344
37943.348013155344
37943.348013155344
37943.348013155344
37943.348013155344
37943.348013155344
37943.348013155344
37943.348013155344
37943.348013155344
37943.348013155344
37943.348013155344
37943.348013155344
37943.348013155344
37943.348013155344
37943.348013155344
37943.348013155344
37943.348013155344
37943.348013155344
35756.644130890076
35756.644130890076
35756.644130890076
35756.644130890076
35756.644130890076
35756.644130890076
35756.644130890076
35756.644130890076
35756.644130890076
35756.644130890076
35756.644130890076
35756.644130890076
35756.644130890076
35756.644130890076
35756.644130890076
35756.644130890076
35756.644130890076
35756.644130890076
35756.644130890076
35756.644130890076
35756.644130890076
35756.644130890076
35756.644130890076
35756.644130890076
35756.644130890076
35756.644130890076
35756.644130890076
35756.644130890076
35756.644130890076
35756.644130890076
35756.644130890076
35000.64564617101
35000.64564617101
35000.64564617101
35000.64564617101
35000.64564617101
35000.64564617101
35000.64564617101
35000.64564617101
35000.64564617101
35000.64564617101
35000.64564617101
35000.64564617101
35000.64564617101
35000.64564617101
35000.64564617101
35000.64564617101
35000.64564617101
35000.64564617101
35000.64564617101
35000.64564617101
35000.64564617101
35000.64564617101
35000.64564617101
35000.64564617101
35000.64564617101
35000.64564617101
35000.64564617101
35000.64564617101
35000.64564617101
35000.64564617101
35000.64564617101
35000.64564617101
35000.64564617101
35000.64564617101
35000.64564617101
35000.64564617101
35000.64564617101
35000.64564617101
35000.64564617101
35000.64564617101
35000.64564617101
35000.64564617101
35000.64564617101
35000.64564617101
35000.64564617101
35000.64564617101
35000.64564617101
35000.64564617101
35000.64564617101
35000.64564617101
35000.64564617101
35000.64564617101
35000.64564617101
35000.64564617101
35000.64564617101
35000.64564617101
35000.64564617101
35000.64564617101
35000.64564617101
35000.64564617101
35000.64564617101
35000.64564617101
34587.03130134828
34587.03130134828
34587.03130134828
34587.03130134828
34587.03130134828
34587.03130134828
34587.03130134828
34587.03130134828
34587.03130134828
34587.03130134828
34587.03130134828
34587.03130134828
34587.03130134828
34587.03130134828
34587.03130134828
34587.03130134828
34587.03130134828
34587.03130134828
34587.03130134828
34587.03130134828
34587.03130134828
34587.03130134828
34587.03130134828
34587.03130134828
34405.24277437441
34405.24277437441
34405.24277437441
34405.24277437441
34296.81586469326
34296.81586469326
34296.81586469326
34296.81586469326
34296.81586469326
34296.81586469326
34296.81586469326
34296.81586469326
34296.81586469326
33852.96357157821
33852.96357157821
33852.96357157821
33852.96357157821
33852.96357157821
33852.96357157821
33852.96357157821
33852.96357157821
33852.96357157821
33852.96357157821
33852.96357157821
33852.96357157821
33852.96357157821
33852.96357157821
33852.96357157821
33852.96357157821
33852.96357157821
33852.96357157821
33852.96357157821
33852.96357157821
33852.96357157821
33852.96357157821
33852.96357157821
33852.96357157821
33852.96357157821
33852.96357157821
33852.96357157821
33838.49538840692
33838.49538840692
33838.49538840692
33682.19102031915
33682.19102031915
33682.19102031915
33682.19102031915
33682.19102031915
33682.19102031915
33682.19102031915
33682.19102031915
33682.19102031915
33682.19102031915
33682.19102031915
33682.19102031915
33682.19102031915
33682.19102031915
33682.19102031915
33682.19102031915
32736.478407345407
32736.478407345407
32736.478407345407
32736.478407345407
32736.478407345407
32736.478407345407
32736.478407345407
32736.478407345407
32736.478407345407
32736.478407345407
32736.478407345407
32736.478407345407
32736.478407345407
32736.478407345407
32736.478407345407
32736.478407345407
32498.08615125358
31398.997864118053
31398.997864118053
31398.997864118053
31398.997864118053
31398.997864118053
31398.997864118053
31398.997864118053
31398.997864118053
31398.997864118053
31398.997864118053
31389.766109555138
31389.766109555138
31389.766109555138
31389.766109555138
31389.766109555138
31389.766109555138
31389.766109555138
31389.766109555138
31389.766109555138
31389.766109555138
31389.766109555138
31389.766109555138
31389.766109555138
31389.766109555138
31389.766109555138
31389.766109555138
31389.766109555138
31389.766109555138
31389.766109555138
31389.766109555138
31389.766109555138
31389.766109555138
31389.766109555138
31389.766109555138
31389.766109555138
31389.766109555138
31389.766109555138
31389.766109555138
31389.766109555138
31389.766109555138
31389.766109555138
31389.766109555138
31389.766109555138
31389.766109555138
31389.766109555138
31389.766109555138
31389.766109555138
31389.766109555138
31389.766109555138
31389.766109555138
31389.766109555138
31389.766109555138
31389.766109555138
31389.766109555138
31389.766109555138
31389.766109555138
31389.766109555138
31389.766109555138
31389.766109555138
31389.766109555138
31389.766109555138
31389.766109555138
31389.766109555138
31193.34476001751
31193.34476001751
31193.34476001751
31193.34476001751
31193.34476001751
31193.34476001751
31193.34476001751
31193.34476001751
31193.34476001751
31193.34476001751
31193.34476001751
31193.34476001751
31193.34476001751
31193.34476001751
31193.34476001751
31193.34476001751
31193.34476001751
31193.34476001751
31193.34476001751
31193.34476001751
31064.419582578816
31064.419582578816
30836.321663968036
30836.321663968036
30836.321663968036
30836.321663968036
30505.779620850008
30505.779620850008
30505.779620850008
30505.779620850008
30505.779620850008
30505.779620850008
30505.779620850008
30505.779620850008
30505.779620850008
30505.779620850008
30505.779620850008
30505.779620850008
30505.779620850008
30505.779620850008
30505.779620850008
30399.295562922107
30399.295562922107
30399.295562922107
30399.295562922107
30399.295562922107
30399.295562922107
30399.295562922107
30399.295562922107
30399.295562922107
30399.295562922107
30399.295562922107
30399.295562922107
30399.295562922107
30399.295562922107
30399.295562922107
30399.295562922107
30399.295562922107
30399.295562922107
30399.295562922107
30399.295562922107
30399.295562922107
30399.295562922107
30399.295562922107
30399.295562922107
30399.295562922107
30399.295562922107
29865.788223020925
29865.788223020925
29865.788223020925
29865.788223020925
29865.788223020925
29865.788223020925
29865.788223020925
29865.788223020925
29865.788223020925
29865.788223020925
29865.788223020925
29865.788223020925
29865.788223020925
29865.788223020925
29865.788223020925
29865.788223020925
29865.788223020925
29865.788223020925
29865.788223020925
29865.788223020925
29865.788223020925
29865.788223020925
29865.788223020925
29865.788223020925
29865.788223020925
29865.788223020925
29865.788223020925
29865.788223020925
29865.788223020925
29865.788223020925
29865.788223020925
29865.788223020925
29865.788223020925
29865.788223020925
29865.788223020925
29865.788223020925
29865.788223020925
29865.788223020925
29865.788223020925
29865.788223020925
29865.788223020925
29865.788223020925
29865.788223020925
29865.788223020925
29865.788223020925
29865.788223020925
29764.571161908447
29764.571161908447
29764.571161908447
29764.571161908447
29764.571161908447
29764.571161908447
29248.816266408907
29248.816266408907
29248.816266408907
29248.816266408907
29248.816266408907
29248.816266408907
29248.816266408907
29248.816266408907
29248.816266408907
29248.816266408907
29248.816266408907
29248.816266408907
29248.816266408907
29248.816266408907
28150.097684758344
28150.097684758344
28150.097684758344
28150.097684758344
28150.097684758344
28150.097684758344
28150.097684758344
28150.097684758344
28150.097684758344
28150.097684758344
28150.097684758344
28150.097684758344
28150.097684758344
28150.097684758344
28150.097684758344
28150.097684758344
28150.097684758344
28150.097684758344
28150.097684758344
28150.097684758344
28150.097684758344
28150.097684758344
28150.097684758344
28150.097684758344
28150.097684758344
28150.097684758344
28150.097684758344
28150.097684758344
28150.097684758344
27299.83366035246
27299.83366035246
27299.83366035246
27299.83366035246
27299.83366035246
27299.83366035246
27299.83366035246
27299.83366035246
27299.83366035246
27299.83366035246
27299.83366035246
27299.83366035246
27299.83366035246
27299.83366035246
27299.83366035246
27299.83366035246
27299.83366035246
27299.83366035246
27299.83366035246
27299.83366035246
27299.83366035246
27299.83366035246
27299.83366035246
27299.83366035246
27299.83366035246
27299.83366035246
27299.83366035246
27299.83366035246
27299.83366035246
27299.83366035246
27299.83366035246
27299.83366035246
27299.83366035246
27299.83366035246
27299.83366035246
27299.83366035246
27299.83366035246
27299.83366035246
27299.83366035246
27299.83366035246
27299.83366035246
27299.83366035246
27299.83366035246
27299.83366035246
27299.83366035246
27299.83366035246
27299.83366035246
27299.83366035246
27299.83366035246
27299.83366035246
27299.83366035246
27299.83366035246
27299.83366035246
27299.83366035246
27299.83366035246
27299.83366035246
27299.83366035246
27299.83366035246
27299.83366035246
27299.83366035246
27299.83366035246
27299.83366035246
27299.83366035246
27299.83366035246
27299.83366035246
27299.83366035246
27299.83366035246
27299.83366035246
27299.83366035246
27299.83366035246
27299.83366035246
27299.83366035246
27299.83366035246
27299.83366035246
27299.83366035246
27299.83366035246
27299.83366035246
27299.83366035246
27299.83366035246
27299.83366035246
27299.83366035246
27299.83366035246
27299.83366035246
27299.83366035246
27299.83366035246
27299.83366035246
27299.83366035246
27299.83366035246
27299.83366035246
27299.83366035246
27299.83366035246
Time: 652.8973577022552 seconds 
Best solution: 27299.83366035246 [46, 49, 45, 105, 47, 42, 40, 51, 36, 37, 39, 38, 34, 35, 19, 21, 29, 6, 3, 15, 1, 2, 11, 10, 7, 32, 22, 33, 27, 28, 31, 30, 12, 24, 20, 23, 103, 8, 18, 25, 26, 9, 14, 13, 4, 5, 17, 16, 104, 41, 44, 43, 57, 54, 59, 74, 69, 75, 76, 73, 70, 86, 64, 67, 71, 68, 79, 83, 85, 77, 80, 81, 72, 78, 82, 84, 89, 90, 91, 92, 96, 101, 102, 97, 93, 98, 99, 88, 87, 94, 100, 95, 66, 65, 61, 60, 48, 50, 52, 53, 58, 63, 62, 55, 56]
Avg solution: 42739.710455853376