Alg:1, Run: 2, file: C:\Users\gabri\Documents\AN 3 SEM 2\AI\Lab\Lab3\\lin105.tsp, population number: 10000, generations: 1000 
100299.79849118201
100299.79849118201
100136.27428365909
99058.81273848453
97603.83298787706
97603.83298787706
96335.52766314676
95696.18846402704
93472.22882289311
93472.22882289311
93472.22882289311
93472.22882289311
90302.3764354609
90302.3764354609
90302.3764354609
90302.3764354609
89822.9011258016
89822.9011258016
87811.80481356927
86851.22263479873
86851.22263479873
86851.22263479873
85922.30808817701
85922.30808817701
85658.85604095548
82351.6826236666
82351.6826236666
82351.6826236666
82351.6826236666
78555.49671685831
78555.49671685831
78555.49671685831
78555.49671685831
78555.49671685831
78555.49671685831
78555.49671685831
78555.49671685831
78555.49671685831
78555.49671685831
78555.49671685831
74669.08903135458
73938.67388436676
73938.67388436676
73938.67388436676
73938.67388436676
73938.67388436676
73938.67388436676
73938.67388436676
73938.67388436676
73938.67388436676
73938.67388436676
73938.67388436676
73938.67388436676
73938.67388436676
73938.67388436676
73938.67388436676
73938.67388436676
73938.67388436676
73938.67388436676
73778.28952967038
73778.28952967038
73778.28952967038
73778.28952967038
73778.28952967038
73778.28952967038
73778.28952967038
73778.28952967038
73778.28952967038
72130.2042114817
72130.2042114817
72130.2042114817
72130.2042114817
72130.2042114817
72130.2042114817
72130.2042114817
72130.2042114817
72130.2042114817
72130.2042114817
71790.88117690675
71730.60972241018
71730.60972241018
71408.3961177791
71408.3961177791
71408.3961177791
71408.3961177791
71408.3961177791
71408.3961177791
69837.35320606832
68858.57087090921
67348.19058134186
67348.19058134186
67348.19058134186
67348.19058134186
67348.19058134186
67348.19058134186
67348.19058134186
67348.19058134186
65623.65735096343
65623.65735096343
65623.65735096343
65623.65735096343
65623.65735096343
65623.65735096343
65623.65735096343
65623.65735096343
65369.76356343112
65369.76356343112
65369.76356343112
65369.76356343112
65369.76356343112
65369.76356343112
65369.76356343112
65369.76356343112
65369.76356343112
65369.76356343112
65369.76356343112
65369.76356343112
65369.76356343112
65369.76356343112
65369.76356343112
64788.458695591755
62617.35193949668
62617.35193949668
62617.35193949668
62617.35193949668
62617.35193949668
62617.35193949668
62617.35193949668
62225.33337142489
62225.33337142489
62225.33337142489
62225.33337142489
62225.33337142489
62225.33337142489
62225.33337142489
62225.33337142489
62225.33337142489
62225.33337142489
62149.05738203673
62149.05738203673
62149.05738203673
62149.05738203673
61497.27834297753
61497.27834297753
61497.27834297753
61497.27834297753
61497.27834297753
61497.27834297753
61091.609615357396
61091.609615357396
60674.22206823977
60416.86886098596
60416.86886098596
60416.86886098596
60416.86886098596
60416.86886098596
58524.97990089629
58524.97990089629
58524.97990089629
58524.97990089629
58524.97990089629
58524.97990089629
58524.97990089629
58524.97990089629
56101.35630067043
56101.35630067043
56101.35630067043
56101.35630067043
56101.35630067043
56101.35630067043
56101.35630067043
56101.35630067043
56101.35630067043
56101.35630067043
56101.35630067043
56101.35630067043
56101.35630067043
56101.35630067043
56101.35630067043
56101.35630067043
56101.35630067043
56101.35630067043
56101.35630067043
56101.35630067043
56101.35630067043
56101.35630067043
56101.35630067043
56101.35630067043
56101.35630067043
56101.35630067043
56101.35630067043
56101.35630067043
56101.35630067043
56101.35630067043
56101.35630067043
55448.632657960436
55448.632657960436
55448.632657960436
55448.632657960436
54604.4976244063
54515.383400487524
54515.383400487524
54515.383400487524
54515.383400487524
54515.383400487524
54515.383400487524
54515.383400487524
53183.46805879281
53183.46805879281
53183.46805879281
53183.46805879281
53183.46805879281
53183.46805879281
53183.46805879281
53183.46805879281
53183.46805879281
53183.46805879281
53183.46805879281
53183.46805879281
53183.46805879281
53183.46805879281
53183.46805879281
53183.46805879281
53183.46805879281
50171.7246538609
50171.7246538609
50171.7246538609
50171.7246538609
50171.7246538609
50171.7246538609
50171.7246538609
50171.7246538609
50171.7246538609
50171.7246538609
50171.7246538609
48693.00220232562
48693.00220232562
48693.00220232562
48693.00220232562
48693.00220232562
48693.00220232562
48693.00220232562
48693.00220232562
48693.00220232562
48693.00220232562
48693.00220232562
48693.00220232562
48693.00220232562
48693.00220232562
48693.00220232562
48693.00220232562
48693.00220232562
48693.00220232562
48693.00220232562
48693.00220232562
48693.00220232562
48693.00220232562
48693.00220232562
48693.00220232562
48693.00220232562
48693.00220232562
48693.00220232562
48693.00220232562
48693.00220232562
48693.00220232562
48693.00220232562
48693.00220232562
48693.00220232562
48693.00220232562
48693.00220232562
48693.00220232562
48693.00220232562
48693.00220232562
48693.00220232562
48693.00220232562
48693.00220232562
48693.00220232562
48693.00220232562
48390.173247265375
48390.173247265375
48390.173247265375
48390.173247265375
48390.173247265375
48390.173247265375
48304.083654247195
48304.083654247195
48304.083654247195
48304.083654247195
48304.083654247195
48304.083654247195
48248.659012575656
46819.01893614082
46819.01893614082
46819.01893614082
46819.01893614082
46819.01893614082
46819.01893614082
46819.01893614082
46819.01893614082
46760.512460932274
46760.512460932274
46760.512460932274
46760.512460932274
46760.512460932274
46760.512460932274
46760.512460932274
46378.56596422988
46378.56596422988
46378.56596422988
46378.56596422988
46378.56596422988
46266.44201850741
45886.14821785861
45886.14821785861
45886.14821785861
45775.97516885784
45775.97516885784
45357.72333409042
45357.72333409042
45357.72333409042
45127.241436722325
45127.241436722325
45127.241436722325
45127.241436722325
45127.241436722325
45127.241436722325
45127.241436722325
45127.241436722325
45127.241436722325
42918.801196831686
42918.801196831686
42918.801196831686
42918.801196831686
42918.801196831686
42918.801196831686
42918.801196831686
42918.801196831686
42918.801196831686
42918.801196831686
42918.801196831686
42918.801196831686
42918.801196831686
42918.801196831686
42918.801196831686
42918.801196831686
42918.801196831686
42918.801196831686
42918.801196831686
42918.801196831686
42918.801196831686
42918.801196831686
42918.801196831686
42918.801196831686
42918.801196831686
42627.037986781346
42627.037986781346
42627.037986781346
42627.037986781346
41407.14183920283
41407.14183920283
41407.14183920283
41407.14183920283
41407.14183920283
41407.14183920283
41407.14183920283
41407.14183920283
41407.14183920283
41407.14183920283
41407.14183920283
41407.14183920283
41407.14183920283
41407.14183920283
41407.14183920283
41407.14183920283
38690.5644521175
38690.5644521175
38690.5644521175
38690.5644521175
38690.5644521175
38690.5644521175
38690.5644521175
38690.5644521175
38690.5644521175
38690.5644521175
38690.5644521175
38690.5644521175
38690.5644521175
38690.5644521175
38690.5644521175
38690.5644521175
38690.5644521175
38690.5644521175
38690.5644521175
38690.5644521175
38690.5644521175
38690.5644521175
38690.5644521175
38690.5644521175
38690.5644521175
38690.5644521175
38690.5644521175
38690.5644521175
38690.5644521175
38690.5644521175
38690.5644521175
38690.5644521175
38690.5644521175
38690.5644521175
38690.5644521175
38690.5644521175
38690.5644521175
38690.5644521175
38690.5644521175
38690.5644521175
38690.5644521175
38690.5644521175
38690.5644521175
38690.5644521175
38690.5644521175
38690.5644521175
38690.5644521175
38690.5644521175
38690.5644521175
38690.5644521175
38690.5644521175
38375.5272875763
37407.89624627389
37407.89624627389
37407.89624627389
37407.89624627389
37407.89624627389
37407.89624627389
37407.89624627389
37407.89624627389
37407.89624627389
37407.89624627389
37407.89624627389
37407.89624627389
37407.89624627389
37407.89624627389
37407.89624627389
37407.89624627389
37407.89624627389
37407.89624627389
37407.89624627389
37407.89624627389
37407.89624627389
37407.89624627389
37407.89624627389
37407.89624627389
37407.89624627389
37407.89624627389
37407.89624627389
37407.89624627389
37407.89624627389
37407.89624627389
37407.89624627389
37407.89624627389
37407.89624627389
37407.89624627389
37407.89624627389
37407.89624627389
37407.89624627389
37407.89624627389
37407.89624627389
36518.74662878342
36518.74662878342
36518.74662878342
36518.74662878342
36518.74662878342
36518.74662878342
36518.74662878342
36518.74662878342
36518.74662878342
36518.74662878342
36518.74662878342
36518.74662878342
36518.74662878342
36518.74662878342
36518.74662878342
36518.74662878342
36518.74662878342
36518.74662878342
36518.74662878342
36518.74662878342
36518.74662878342
36518.74662878342
36518.74662878342
36518.74662878342
36518.74662878342
36518.74662878342
36518.74662878342
36518.74662878342
36518.74662878342
36518.74662878342
36518.74662878342
36518.74662878342
36518.74662878342
36518.74662878342
36518.74662878342
36518.74662878342
36518.74662878342
36518.74662878342
36518.74662878342
36518.74662878342
36518.74662878342
36518.74662878342
36518.74662878342
36518.74662878342
36518.74662878342
36518.74662878342
36518.74662878342
36518.74662878342
36440.04434930456
36440.04434930456
36440.04434930456
36440.04434930456
36440.04434930456
36440.04434930456
36440.04434930456
36440.04434930456
36440.04434930456
36440.04434930456
36440.04434930456
36440.04434930456
36054.358359654165
36054.358359654165
36054.358359654165
36054.358359654165
36054.358359654165
35416.99659820673
35416.99659820673
35309.33031148297
35309.33031148297
35309.33031148297
35309.33031148297
35309.33031148297
35309.33031148297
35309.33031148297
35309.33031148297
35309.33031148297
35309.33031148297
35309.33031148297
35309.33031148297
35309.33031148297
34864.49169114985
34864.49169114985
34864.49169114985
34864.49169114985
34864.49169114985
34864.49169114985
34864.49169114985
34864.49169114985
34864.49169114985
34864.49169114985
34864.49169114985
34864.49169114985
34864.49169114985
34864.49169114985
34864.49169114985
34864.49169114985
34864.49169114985
34864.49169114985
34864.49169114985
34864.49169114985
34864.49169114985
34864.49169114985
34864.49169114985
34864.49169114985
34864.49169114985
34864.49169114985
34864.49169114985
34864.49169114985
34864.49169114985
34582.10125823506
34582.10125823506
34582.10125823506
34582.10125823506
34582.10125823506
34582.10125823506
34582.10125823506
34582.10125823506
34582.10125823506
34582.10125823506
34582.10125823506
34582.10125823506
34582.10125823506
34582.10125823506
33232.2867613666
33232.2867613666
33232.2867613666
33232.2867613666
33232.2867613666
33232.2867613666
33232.2867613666
33232.2867613666
33232.2867613666
33232.2867613666
33232.2867613666
33232.2867613666
33232.2867613666
33232.2867613666
33232.2867613666
33232.2867613666
33232.2867613666
33232.2867613666
33232.2867613666
33232.2867613666
33232.2867613666
33232.2867613666
33232.2867613666
33232.2867613666
33232.2867613666
33232.2867613666
33232.2867613666
33232.2867613666
33232.2867613666
33232.2867613666
33232.2867613666
33232.2867613666
33232.2867613666
33232.2867613666
33232.2867613666
33232.2867613666
32319.825059290044
32319.825059290044
32319.825059290044
32319.825059290044
32319.825059290044
32319.825059290044
32319.825059290044
32319.825059290044
32319.299679771153
32319.299679771153
32319.299679771153
32319.299679771153
32319.299679771153
32319.299679771153
32319.299679771153
32319.299679771153
32319.299679771153
32319.299679771153
32319.299679771153
32319.299679771153
32319.299679771153
32319.299679771153
32319.299679771153
32319.299679771153
32319.299679771153
32319.299679771153
32319.299679771153
32319.299679771153
32319.299679771153
32319.299679771153
32319.299679771153
32319.299679771153
32319.299679771153
32319.299679771153
32319.299679771153
32319.299679771153
32319.299679771153
32319.299679771153
32319.299679771153
32319.299679771153
31430.188057728206
31430.188057728206
31430.188057728206
31430.188057728206
31430.188057728206
31430.188057728206
31430.188057728206
31430.188057728206
31430.188057728206
31430.188057728206
31430.188057728206
31430.188057728206
31430.188057728206
31430.188057728206
31430.188057728206
31430.188057728206
31430.188057728206
31430.188057728206
31430.188057728206
31430.188057728206
31430.188057728206
31430.188057728206
31430.188057728206
31430.188057728206
31430.188057728206
31430.188057728206
31430.188057728206
31430.188057728206
31430.188057728206
31430.188057728206
30581.249891686664
30581.249891686664
30581.249891686664
30581.249891686664
30581.249891686664
30581.249891686664
30581.249891686664
30581.249891686664
30581.249891686664
30581.249891686664
30581.249891686664
30581.249891686664
30581.249891686664
30581.249891686664
30581.249891686664
30581.249891686664
30581.249891686664
30581.249891686664
30581.249891686664
30581.249891686664
30581.249891686664
30581.249891686664
30581.249891686664
30581.249891686664
30581.249891686664
30581.249891686664
30581.249891686664
30581.249891686664
30581.249891686664
30581.249891686664
30581.249891686664
30581.249891686664
30581.249891686664
30581.249891686664
30581.249891686664
30581.249891686664
30581.249891686664
30581.249891686664
30581.249891686664
30581.249891686664
30581.249891686664
30581.249891686664
30581.249891686664
30581.249891686664
30581.249891686664
30581.249891686664
30581.249891686664
30581.249891686664
30581.249891686664
30581.249891686664
30581.249891686664
30581.249891686664
30581.249891686664
30581.249891686664
30581.249891686664
30581.249891686664
30581.249891686664
30581.249891686664
30581.249891686664
30581.249891686664
30581.249891686664
30581.249891686664
30291.9391576552
30291.9391576552
30291.9391576552
30291.9391576552
30291.9391576552
30291.9391576552
30291.9391576552
30291.9391576552
30291.9391576552
30291.9391576552
30291.9391576552
30291.9391576552
30291.9391576552
30291.9391576552
30291.9391576552
29901.76826687709
29901.76826687709
29901.76826687709
29901.76826687709
29901.76826687709
29901.76826687709
29901.76826687709
29901.76826687709
29901.76826687709
29901.76826687709
29901.76826687709
29069.004080742572
29069.004080742572
29069.004080742572
29069.004080742572
29069.004080742572
29069.004080742572
29069.004080742572
29069.004080742572
29069.004080742572
29069.004080742572
29069.004080742572
29069.004080742572
29069.004080742572
29069.004080742572
29069.004080742572
29069.004080742572
29069.004080742572
29069.004080742572
29069.004080742572
29069.004080742572
29069.004080742572
29069.004080742572
29069.004080742572
29069.004080742572
29069.004080742572
29069.004080742572
29069.004080742572
29069.004080742572
29069.004080742572
29069.004080742572
29069.004080742572
29069.004080742572
29069.004080742572
29069.004080742572
29069.004080742572
29069.004080742572
29069.004080742572
29069.004080742572
29069.004080742572
29069.004080742572
29069.004080742572
29069.004080742572
29069.004080742572
29069.004080742572
29069.004080742572
29069.004080742572
28627.827764147114
28627.827764147114
28627.827764147114
28627.827764147114
28627.827764147114
28627.827764147114
28627.827764147114
28627.827764147114
28627.827764147114
28627.827764147114
28627.827764147114
28627.827764147114
28627.827764147114
28627.827764147114
28627.827764147114
28627.827764147114
28627.827764147114
28627.827764147114
28627.827764147114
28627.827764147114
28627.827764147114
28627.827764147114
28627.827764147114
28627.827764147114
28627.827764147114
28627.827764147114
28627.827764147114
28627.827764147114
28627.827764147114
28627.827764147114
28627.827764147114
28627.827764147114
28627.827764147114
28627.827764147114
28627.827764147114
28627.827764147114
28627.827764147114
28627.827764147114
28627.827764147114
28627.827764147114
28627.827764147114
28627.827764147114
28627.827764147114
28627.827764147114
28627.827764147114
28627.827764147114
28627.827764147114
28627.827764147114
28627.827764147114
28627.827764147114
28627.827764147114
28333.24245005584
28333.24245005584
28333.24245005584
28333.24245005584
27875.535390211113
27875.535390211113
27875.535390211113
27875.535390211113
27875.535390211113
27875.535390211113
27875.535390211113
27377.583306099143
27377.583306099143
27377.583306099143
27377.583306099143
27377.583306099143
27377.583306099143
27377.583306099143
27377.583306099143
27377.583306099143
27377.583306099143
27377.583306099143
27377.583306099143
27377.583306099143
27377.583306099143
27377.583306099143
27377.583306099143
27377.583306099143
27377.583306099143
27377.583306099143
27377.583306099143
27377.583306099143
27377.583306099143
27377.583306099143
27377.583306099143
27377.583306099143
27377.583306099143
27377.583306099143
27377.583306099143
27377.583306099143
27377.583306099143
27377.583306099143
27377.583306099143
27377.583306099143
27377.583306099143
27377.583306099143
27377.583306099143
27377.583306099143
27377.583306099143
27377.583306099143
27377.583306099143
27377.583306099143
27377.583306099143
27377.583306099143
27377.583306099143
27377.583306099143
27377.583306099143
27377.583306099143
27377.583306099143
27377.583306099143
27377.583306099143
27377.583306099143
27377.583306099143
27377.583306099143
27377.583306099143
27377.583306099143
27377.583306099143
27377.583306099143
27377.583306099143
27377.583306099143
27377.583306099143
27377.583306099143
27252.988582240574
27252.988582240574
27252.988582240574
27252.988582240574
27156.951085776156
27156.951085776156
27156.951085776156
27156.951085776156
27156.951085776156
27156.951085776156
27156.951085776156
27156.951085776156
27156.951085776156
27156.951085776156
26280.00120536501
26280.00120536501
26280.00120536501
26280.00120536501
26280.00120536501
26280.00120536501
26280.00120536501
26280.00120536501
26280.00120536501
26092.316575754478
26092.316575754478
26092.316575754478
26092.316575754478
26092.316575754478
26092.316575754478
26092.316575754478
26092.316575754478
26092.316575754478
26092.316575754478
26092.316575754478
26092.316575754478
26092.316575754478
26092.316575754478
26092.316575754478
26092.316575754478
26092.316575754478
26092.316575754478
26092.316575754478
26092.316575754478
26092.316575754478
26092.316575754478
25779.287234153613
25779.287234153613
25779.287234153613
25733.79330654113
Time: 654.3604786396027 seconds 
Best solution: 25733.79330654113 [51, 55, 59, 47, 44, 54, 56, 46, 52, 48, 45, 50, 40, 49, 105, 64, 62, 63, 69, 74, 70, 80, 75, 81, 73, 86, 79, 72, 84, 67, 68, 76, 77, 85, 83, 90, 99, 98, 93, 102, 91, 96, 101, 97, 92, 82, 71, 78, 89, 100, 95, 94, 87, 88, 66, 65, 60, 61, 57, 38, 39, 35, 34, 13, 5, 4, 14, 33, 29, 28, 22, 21, 10, 2, 6, 7, 11, 9, 8, 17, 23, 19, 27, 24, 18, 25, 26, 16, 3, 12, 20, 1, 103, 31, 32, 30, 15, 36, 37, 104, 42, 53, 58, 43, 41]
Avg solution: 42094.96827428612