Alg:1, Run: 7, file: C:\Users\gabri\Documents\AN 3 SEM 2\AI\Lab\Lab3\\lin105.tsp, population number: 10000, generations: 1000 
98257.67962218192
98257.67962218192
98257.67962218192
98257.67962218192
96006.7055670161
96006.7055670161
96006.7055670161
96006.7055670161
95895.00828564748
93498.80108866598
93498.80108866598
93498.80108866598
93498.80108866598
92933.86017154438
91108.02805772157
89067.24364905883
88526.24160074836
88526.24160074836
88526.24160074836
88526.24160074836
88190.74022589475
87054.77149276907
87054.77149276907
85653.5827753375
85653.5827753375
85653.5827753375
85653.5827753375
85653.5827753375
85653.5827753375
83907.55344872695
83907.55344872695
83907.55344872695
83907.55344872695
83907.55344872695
82169.01791879986
81884.32461443295
81360.84634502014
81360.84634502014
81360.84634502014
81360.84634502014
81222.7431809044
81101.60909694553
80408.90639447847
80408.90639447847
77966.00898932078
77966.00898932078
77966.00898932078
76513.555404279
76513.555404279
76513.555404279
76513.555404279
76513.555404279
76513.555404279
76513.555404279
75934.90461772724
74777.02067360506
74777.02067360506
74777.02067360506
74777.02067360506
74777.02067360506
74777.02067360506
74777.02067360506
74777.02067360506
74742.1208407514
74532.58150265041
74532.58150265041
74532.58150265041
72092.13548886076
72092.13548886076
72092.13548886076
72092.13548886076
72092.13548886076
72092.13548886076
72092.13548886076
68274.86765527552
68274.86765527552
68274.86765527552
68274.86765527552
68274.86765527552
68274.86765527552
68274.86765527552
68274.86765527552
68274.86765527552
68274.86765527552
68274.86765527552
68274.86765527552
68274.86765527552
68274.86765527552
68213.29525167425
68213.29525167425
68213.29525167425
68213.29525167425
67630.74009975205
67536.20745145422
67536.20745145422
67536.20745145422
67536.20745145422
67536.20745145422
64402.79747067875
64402.79747067875
64402.79747067875
64402.79747067875
64402.79747067875
64402.79747067875
64402.79747067875
64402.79747067875
64402.79747067875
64402.79747067875
64402.79747067875
64402.79747067875
63932.68377615768
63932.68377615768
63932.68377615768
63932.68377615768
63932.68377615768
60866.2054675767
60866.2054675767
60866.2054675767
60866.2054675767
60866.2054675767
60866.2054675767
60866.2054675767
60866.2054675767
60866.2054675767
60866.2054675767
60866.2054675767
60866.2054675767
60866.2054675767
60866.2054675767
60866.2054675767
60866.2054675767
60866.2054675767
60866.2054675767
60866.2054675767
60866.2054675767
60866.2054675767
60866.2054675767
60866.2054675767
60866.2054675767
60866.2054675767
60866.2054675767
60866.2054675767
60866.2054675767
60866.2054675767
60866.2054675767
58574.32933206769
58574.32933206769
58574.32933206769
58574.32933206769
58574.32933206769
58574.32933206769
58574.32933206769
58574.32933206769
58574.32933206769
58574.32933206769
58574.32933206769
58574.32933206769
58574.32933206769
58574.32933206769
58574.32933206769
58574.32933206769
58574.32933206769
58055.62486582773
57761.60228074128
57761.60228074128
57761.60228074128
57761.60228074128
57761.60228074128
57093.12190934728
57001.622558550975
57001.622558550975
56220.277450830166
56220.277450830166
56220.277450830166
56220.277450830166
56220.277450830166
56220.277450830166
56220.277450830166
56220.277450830166
56220.277450830166
56104.639179834216
56104.639179834216
56104.639179834216
56104.639179834216
56104.639179834216
56104.639179834216
56104.639179834216
55262.92722863059
55262.92722863059
55262.92722863059
55262.92722863059
55262.92722863059
55262.92722863059
55262.92722863059
55262.92722863059
55262.92722863059
55262.92722863059
55262.92722863059
55081.538456627546
55081.538456627546
55081.538456627546
54180.91645579156
54180.91645579156
54180.91645579156
54180.91645579156
51783.88507019485
51783.88507019485
51783.88507019485
51783.88507019485
51783.88507019485
51783.88507019485
51783.88507019485
51783.88507019485
51783.88507019485
51783.88507019485
51783.88507019485
51783.88507019485
51783.88507019485
51783.88507019485
51783.88507019485
51783.88507019485
51783.88507019485
51783.88507019485
51783.88507019485
51783.88507019485
51783.88507019485
51783.88507019485
51783.88507019485
51783.88507019485
51783.88507019485
51783.88507019485
51783.88507019485
51783.88507019485
51783.88507019485
51783.88507019485
51783.88507019485
51783.88507019485
51783.88507019485
51783.88507019485
51783.88507019485
51783.88507019485
51783.88507019485
51783.88507019485
51783.88507019485
51783.88507019485
51783.88507019485
51783.88507019485
51783.88507019485
51178.63567112997
51178.63567112997
51178.63567112997
51178.63567112997
51178.63567112997
51178.63567112997
51178.63567112997
51178.63567112997
49566.77630917752
49566.77630917752
49566.77630917752
49566.77630917752
49566.77630917752
48729.243178375116
48729.243178375116
48729.243178375116
48729.243178375116
48729.243178375116
48729.243178375116
48567.19080810749
48567.19080810749
48567.19080810749
48567.19080810749
48567.19080810749
48567.19080810749
48567.19080810749
48567.19080810749
48567.19080810749
48567.19080810749
48567.19080810749
48567.19080810749
48567.19080810749
48567.19080810749
48567.19080810749
48567.19080810749
47740.76781231875
47740.76781231875
47740.76781231875
47740.76781231875
47740.76781231875
47740.76781231875
47740.76781231875
47740.76781231875
46494.37615068337
46494.37615068337
46494.37615068337
46494.37615068337
46494.37615068337
46494.37615068337
46494.37615068337
46494.37615068337
46494.37615068337
46494.37615068337
46494.37615068337
46494.37615068337
46494.37615068337
46494.37615068337
46494.37615068337
46494.37615068337
46494.37615068337
46494.37615068337
46494.37615068337
46494.37615068337
45759.822945916436
45759.822945916436
45759.822945916436
45759.822945916436
45759.822945916436
45759.822945916436
45759.822945916436
45759.822945916436
45759.822945916436
45759.822945916436
45759.822945916436
45759.822945916436
45759.822945916436
45759.822945916436
45759.822945916436
45759.822945916436
45759.822945916436
45759.822945916436
45759.822945916436
44318.378334647314
44318.378334647314
44318.378334647314
44318.378334647314
44318.378334647314
44318.378334647314
44318.378334647314
44318.378334647314
44318.378334647314
44318.378334647314
44318.378334647314
44318.378334647314
44318.378334647314
42524.30621678639
42524.30621678639
42524.30621678639
42524.30621678639
42524.30621678639
42524.30621678639
42524.30621678639
42524.30621678639
42524.30621678639
42524.30621678639
42524.30621678639
42524.30621678639
42524.30621678639
42524.30621678639
42524.30621678639
42524.30621678639
42524.30621678639
42524.30621678639
42524.30621678639
42524.30621678639
42524.30621678639
42524.30621678639
42524.30621678639
42524.30621678639
42524.30621678639
42524.30621678639
42524.30621678639
42524.30621678639
42524.30621678639
42524.30621678639
42524.30621678639
42524.30621678639
42524.30621678639
42524.30621678639
42524.30621678639
42524.30621678639
42524.30621678639
42524.30621678639
42524.30621678639
42524.30621678639
42524.30621678639
42524.30621678639
42524.30621678639
42524.30621678639
42164.21033149807
42164.21033149807
42164.21033149807
42164.21033149807
42164.21033149807
42164.21033149807
42164.21033149807
42164.21033149807
42164.21033149807
42164.21033149807
42164.21033149807
42164.21033149807
42164.21033149807
42164.21033149807
41501.00161814334
41501.00161814334
40872.663602852066
40872.663602852066
40872.663602852066
40872.663602852066
40872.663602852066
40872.663602852066
40872.663602852066
40872.663602852066
40872.663602852066
40872.663602852066
40872.663602852066
40872.663602852066
40872.663602852066
40872.663602852066
40872.663602852066
40872.663602852066
40872.663602852066
40045.81084277196
40045.81084277196
40045.81084277196
40045.81084277196
40045.81084277196
38022.86639063399
38022.86639063399
38022.86639063399
38022.86639063399
38022.86639063399
38022.86639063399
38022.86639063399
38022.86639063399
38022.86639063399
38022.86639063399
38022.86639063399
38022.86639063399
38022.86639063399
38022.86639063399
38022.86639063399
38022.86639063399
38022.86639063399
38022.86639063399
38022.86639063399
38022.86639063399
38022.86639063399
38022.86639063399
38022.86639063399
38022.86639063399
38022.86639063399
38022.86639063399
38022.86639063399
38022.86639063399
38022.86639063399
38022.86639063399
38022.86639063399
38022.86639063399
38022.86639063399
38022.86639063399
38022.86639063399
38022.86639063399
38022.86639063399
38022.86639063399
37471.70840162809
37471.70840162809
37471.70840162809
37471.70840162809
37471.70840162809
37471.70840162809
37471.70840162809
37471.70840162809
37471.70840162809
37471.70840162809
37471.70840162809
37471.70840162809
37471.70840162809
37471.70840162809
37471.70840162809
37471.70840162809
37471.70840162809
37471.70840162809
37471.70840162809
37471.70840162809
37471.70840162809
37471.70840162809
37471.70840162809
37471.70840162809
37471.70840162809
37471.70840162809
37471.70840162809
37471.70840162809
37471.70840162809
37471.70840162809
37471.70840162809
37471.70840162809
37471.70840162809
37471.70840162809
37471.70840162809
37471.70840162809
35873.07797447939
35873.07797447939
35873.07797447939
35873.07797447939
35873.07797447939
35873.07797447939
35873.07797447939
35873.07797447939
35873.07797447939
35873.07797447939
35873.07797447939
35873.07797447939
35873.07797447939
35873.07797447939
35873.07797447939
35873.07797447939
35873.07797447939
35873.07797447939
35873.07797447939
35873.07797447939
35873.07797447939
35873.07797447939
35873.07797447939
35873.07797447939
35873.07797447939
35873.07797447939
35873.07797447939
35873.07797447939
35873.07797447939
35873.07797447939
35873.07797447939
35873.07797447939
35873.07797447939
35873.07797447939
35873.07797447939
35873.07797447939
35873.07797447939
35873.07797447939
35873.07797447939
35873.07797447939
35873.07797447939
35873.07797447939
35873.07797447939
35873.07797447939
35873.07797447939
35654.522812512616
35654.522812512616
35654.522812512616
35654.522812512616
35654.522812512616
35654.522812512616
35654.522812512616
35654.522812512616
35654.522812512616
35654.522812512616
35654.522812512616
35654.522812512616
35654.522812512616
35654.522812512616
35654.522812512616
35654.522812512616
35654.522812512616
35654.522812512616
35654.522812512616
34637.95157087186
34637.95157087186
34637.95157087186
34637.95157087186
34637.95157087186
34637.95157087186
34637.95157087186
34637.95157087186
34637.95157087186
34637.95157087186
34637.95157087186
34637.95157087186
34637.95157087186
34637.95157087186
34637.95157087186
34637.95157087186
34637.95157087186
34637.95157087186
34637.95157087186
34637.95157087186
34637.95157087186
34637.95157087186
34637.95157087186
34637.95157087186
34637.95157087186
34637.95157087186
34562.463893356165
34562.463893356165
34562.463893356165
34562.463893356165
34464.005915709175
34464.005915709175
34464.005915709175
34464.005915709175
34464.005915709175
33713.038954166346
33713.038954166346
33713.038954166346
33713.038954166346
33713.038954166346
33713.038954166346
33713.038954166346
33713.038954166346
33713.038954166346
33713.038954166346
33713.038954166346
33713.038954166346
33713.038954166346
33713.038954166346
33713.038954166346
33713.038954166346
33713.038954166346
33713.038954166346
33713.038954166346
33713.038954166346
33713.038954166346
33713.038954166346
33713.038954166346
33713.038954166346
33713.038954166346
33713.038954166346
33713.038954166346
33713.038954166346
33713.038954166346
33713.038954166346
33713.038954166346
33511.124466635636
33511.124466635636
33511.124466635636
33511.124466635636
33511.124466635636
33511.124466635636
33511.124466635636
33511.124466635636
33511.124466635636
33511.124466635636
33511.124466635636
33511.124466635636
33511.124466635636
33511.124466635636
33511.124466635636
33511.124466635636
33511.124466635636
33511.124466635636
33511.124466635636
33511.124466635636
33511.124466635636
33511.124466635636
33511.124466635636
33511.124466635636
33511.124466635636
33511.124466635636
33511.124466635636
33511.124466635636
33511.124466635636
33511.124466635636
33511.124466635636
33511.124466635636
33511.124466635636
33511.124466635636
33511.124466635636
33511.124466635636
33511.124466635636
32870.087767614714
32870.087767614714
32870.087767614714
32870.087767614714
32870.087767614714
32870.087767614714
32870.087767614714
32870.087767614714
32870.087767614714
32870.087767614714
32870.087767614714
32870.087767614714
32870.087767614714
32870.087767614714
32870.087767614714
32870.087767614714
32870.087767614714
32870.087767614714
32870.087767614714
32870.087767614714
32870.087767614714
32870.087767614714
32870.087767614714
32870.087767614714
32870.087767614714
32870.087767614714
32870.087767614714
32870.087767614714
32870.087767614714
32870.087767614714
32870.087767614714
31759.640408879706
31759.640408879706
31759.640408879706
31759.640408879706
31759.640408879706
31759.640408879706
31759.640408879706
31759.640408879706
31759.640408879706
31759.640408879706
31759.640408879706
31759.640408879706
31759.640408879706
31759.640408879706
31759.640408879706
31759.640408879706
31759.640408879706
31759.640408879706
31759.640408879706
31759.640408879706
31759.640408879706
31759.640408879706
31759.640408879706
31759.640408879706
31759.640408879706
31759.640408879706
31759.640408879706
31759.640408879706
31759.640408879706
31759.640408879706
31759.640408879706
31512.055042699893
31512.055042699893
31512.055042699893
31512.055042699893
31512.055042699893
31512.055042699893
31512.055042699893
31230.770833292656
31230.770833292656
31230.770833292656
31230.770833292656
31230.770833292656
31230.770833292656
31230.770833292656
31230.770833292656
31230.770833292656
31230.770833292656
31230.770833292656
31230.770833292656
31230.770833292656
31230.770833292656
31230.770833292656
31230.770833292656
31230.770833292656
31230.770833292656
31230.770833292656
31230.770833292656
31230.770833292656
31230.770833292656
31230.770833292656
31230.770833292656
31230.770833292656
31230.770833292656
31230.770833292656
31230.770833292656
31230.770833292656
31230.770833292656
31230.770833292656
31230.770833292656
31230.770833292656
31230.770833292656
31230.770833292656
31230.770833292656
31125.405953718808
31125.405953718808
30328.360729946864
30328.360729946864
30328.360729946864
30328.360729946864
30328.360729946864
30328.360729946864
30328.360729946864
30328.360729946864
30328.360729946864
30328.360729946864
30328.360729946864
30328.360729946864
30328.360729946864
30328.360729946864
30328.360729946864
30328.360729946864
30328.360729946864
30328.360729946864
30328.360729946864
30328.360729946864
30328.360729946864
30328.360729946864
30328.360729946864
30328.360729946864
30328.360729946864
30328.360729946864
30328.360729946864
30328.360729946864
30328.360729946864
30328.360729946864
30328.360729946864
30328.360729946864
30328.360729946864
30328.360729946864
30328.360729946864
30328.360729946864
30328.360729946864
30328.360729946864
30328.360729946864
30328.360729946864
30328.360729946864
30328.360729946864
30328.360729946864
30328.360729946864
30328.360729946864
29767.399038670457
29767.399038670457
29767.399038670457
29767.399038670457
29767.399038670457
29767.399038670457
29767.399038670457
29767.399038670457
29744.284264837872
29744.284264837872
29744.284264837872
29744.284264837872
29744.284264837872
29744.284264837872
29744.284264837872
29744.284264837872
29744.284264837872
29744.284264837872
29744.284264837872
29744.284264837872
29744.284264837872
29744.284264837872
29744.284264837872
29744.284264837872
29744.284264837872
29744.284264837872
29744.284264837872
29744.284264837872
29744.284264837872
29744.284264837872
29744.284264837872
29744.284264837872
29744.284264837872
29744.284264837872
29744.284264837872
29564.126601109474
29564.126601109474
29564.126601109474
29564.126601109474
28754.982685431474
28754.982685431474
28754.982685431474
28754.982685431474
28754.982685431474
28754.982685431474
28754.982685431474
28754.982685431474
28754.982685431474
28754.982685431474
28754.982685431474
28754.982685431474
28754.982685431474
28754.982685431474
28754.982685431474
28754.982685431474
28754.982685431474
28754.982685431474
28754.982685431474
28754.982685431474
28754.982685431474
28754.982685431474
28754.982685431474
28754.982685431474
28754.982685431474
28754.982685431474
28754.982685431474
28754.982685431474
28754.982685431474
28754.982685431474
28754.982685431474
28754.982685431474
28754.982685431474
28754.982685431474
28754.982685431474
28754.982685431474
28754.982685431474
28754.982685431474
28754.982685431474
28754.982685431474
28754.982685431474
28754.982685431474
28754.982685431474
28754.982685431474
28754.982685431474
28754.982685431474
28001.045920421075
28001.045920421075
28001.045920421075
28001.045920421075
27942.088931765924
27942.088931765924
27942.088931765924
27942.088931765924
27942.088931765924
27501.635490104913
27501.635490104913
27501.635490104913
27501.635490104913
27501.635490104913
27501.635490104913
27501.635490104913
27501.635490104913
27501.635490104913
27501.635490104913
27501.635490104913
27501.635490104913
27501.635490104913
27501.635490104913
27501.635490104913
27501.635490104913
27501.635490104913
27501.635490104913
27501.635490104913
27501.635490104913
27501.635490104913
27501.635490104913
27501.635490104913
27501.635490104913
27501.635490104913
27501.635490104913
27501.635490104913
27501.635490104913
27501.635490104913
27501.635490104913
27501.635490104913
27501.635490104913
27501.635490104913
27501.635490104913
27501.635490104913
27501.635490104913
27501.635490104913
27501.635490104913
27501.635490104913
27501.635490104913
27501.635490104913
27501.635490104913
27501.635490104913
27501.635490104913
27501.635490104913
27501.635490104913
27501.635490104913
27501.635490104913
27501.635490104913
27501.635490104913
27501.635490104913
27501.635490104913
27501.635490104913
27501.635490104913
27501.635490104913
27501.635490104913
27501.635490104913
27501.635490104913
27501.635490104913
27501.635490104913
27501.635490104913
27501.635490104913
27501.635490104913
27501.635490104913
27501.635490104913
27501.635490104913
27501.635490104913
27501.635490104913
27501.635490104913
27501.635490104913
27501.635490104913
27501.635490104913
27501.635490104913
27501.635490104913
27501.635490104913
27501.635490104913
27501.635490104913
27501.635490104913
27501.635490104913
27501.635490104913
27501.635490104913
27501.635490104913
27501.635490104913
27501.635490104913
27501.635490104913
27409.415969899204
27409.415969899204
27409.415969899204
Time: 654.3023583889008 seconds 
Best solution: 27409.415969899204 [20, 28, 10, 3, 1, 2, 7, 6, 15, 22, 43, 42, 52, 53, 51, 105, 57, 44, 46, 49, 45, 40, 39, 38, 37, 35, 34, 13, 14, 5, 4, 8, 9, 36, 58, 63, 74, 69, 70, 62, 75, 81, 80, 73, 67, 68, 78, 71, 72, 84, 82, 85, 91, 97, 102, 96, 101, 92, 93, 76, 83, 77, 79, 87, 88, 60, 61, 65, 66, 94, 95, 100, 98, 99, 89, 90, 86, 64, 59, 56, 48, 50, 55, 54, 47, 41, 104, 25, 17, 18, 19, 12, 32, 27, 24, 16, 33, 30, 29, 23, 103, 21, 26, 11, 31]
Avg solution: 42745.21944630516