Alg:1, Run: 0, file: C:\Users\gabri\Documents\AN 3 SEM 2\AI\Lab\Lab3\\lin105.tsp, population number: 10000, generations: 1000 
100743.53208455582
100743.53208455582
98392.02329956368
96770.09604003187
96770.09604003187
96770.09604003187
96770.09604003187
95532.33141178451
94841.05651077157
94841.05651077157
94841.05651077157
93725.63866730854
92185.8071613272
90909.19402991037
89269.12922728964
89269.12922728964
89269.12922728964
89269.12922728964
89061.80065481122
89061.80065481122
89061.80065481122
88036.03251098684
87098.38592157321
85596.8627703134
84871.05734045371
84871.05734045371
84178.9845137814
84178.9845137814
80484.06906114926
80484.06906114926
80484.06906114926
80484.06906114926
80484.06906114926
80484.06906114926
80484.06906114926
80484.06906114926
79159.81296075312
79159.81296075312
79159.81296075312
79159.81296075312
79159.81296075312
79159.81296075312
79159.81296075312
79159.81296075312
77993.77416254458
77993.77416254458
77993.77416254458
77993.77416254458
77993.77416254458
77993.77416254458
77993.77416254458
75488.0765135087
75488.0765135087
75488.0765135087
75488.0765135087
75395.04665533063
74421.64321206509
74421.64321206509
72840.4547705852
72840.4547705852
72840.4547705852
72840.4547705852
72840.4547705852
72840.4547705852
72840.4547705852
72840.4547705852
72840.4547705852
72840.4547705852
72518.32655287278
72518.32655287278
72518.32655287278
72135.68617443752
71465.41354366149
71465.41354366149
71465.41354366149
71465.41354366149
71465.41354366149
71465.41354366149
71465.41354366149
71465.41354366149
70602.9267801715
70602.9267801715
70602.9267801715
70602.9267801715
70602.9267801715
70421.11153786675
70421.11153786675
70243.70264655982
69276.93109473337
69276.93109473337
69276.93109473337
67697.84721393714
67697.84721393714
67697.84721393714
67697.84721393714
64150.27826410761
64150.27826410761
64150.27826410761
64150.27826410761
64150.27826410761
64150.27826410761
64150.27826410761
64150.27826410761
64150.27826410761
64150.27826410761
64150.27826410761
64150.27826410761
62452.07319352859
62452.07319352859
62452.07319352859
62452.07319352859
62452.07319352859
62452.07319352859
62452.07319352859
62452.07319352859
62452.07319352859
62452.07319352859
62452.07319352859
62452.07319352859
62452.07319352859
62452.07319352859
62452.07319352859
62452.07319352859
62452.07319352859
62452.07319352859
62452.07319352859
62452.07319352859
62452.07319352859
62452.07319352859
62452.07319352859
62452.07319352859
62082.583246681905
62082.583246681905
60761.09410184325
60761.09410184325
60761.09410184325
60761.09410184325
60761.09410184325
60761.09410184325
60761.09410184325
60761.09410184325
60761.09410184325
60761.09410184325
60761.09410184325
60761.09410184325
60761.09410184325
57962.28920457734
57962.28920457734
55930.56167220434
55930.56167220434
55930.56167220434
55930.56167220434
55600.47438125406
55600.47438125406
55600.47438125406
55600.47438125406
55600.47438125406
55600.47438125406
55600.47438125406
55600.47438125406
55600.47438125406
55600.47438125406
55600.47438125406
55600.47438125406
55600.47438125406
55600.47438125406
55600.47438125406
55600.47438125406
55600.47438125406
55600.47438125406
55600.47438125406
55600.47438125406
55600.47438125406
55600.47438125406
55600.47438125406
55600.47438125406
55600.47438125406
55600.47438125406
55600.47438125406
55600.47438125406
55600.47438125406
55600.47438125406
55600.47438125406
55600.47438125406
55600.47438125406
55600.47438125406
54940.82328052515
54940.82328052515
54940.82328052515
54940.82328052515
54940.82328052515
54940.82328052515
54940.82328052515
54940.82328052515
54555.35498482128
54555.35498482128
54555.35498482128
54555.35498482128
54555.35498482128
54555.35498482128
54555.35498482128
54555.35498482128
54555.35498482128
54549.54365845867
54549.54365845867
54549.54365845867
54549.54365845867
52748.81878223653
52748.81878223653
52748.81878223653
52748.81878223653
52312.20358908898
52312.20358908898
52312.20358908898
52312.20358908898
52312.20358908898
52312.20358908898
52312.20358908898
52312.20358908898
52312.20358908898
52312.20358908898
52312.20358908898
52312.20358908898
52312.20358908898
52312.20358908898
52312.20358908898
52312.20358908898
52312.20358908898
52312.20358908898
52312.20358908898
52312.20358908898
51602.874190969356
51602.874190969356
51602.874190969356
51602.874190969356
51602.874190969356
51602.874190969356
50135.64009206145
50135.64009206145
50135.64009206145
50135.64009206145
50135.64009206145
50135.64009206145
50135.64009206145
50135.64009206145
50135.64009206145
50135.64009206145
50135.64009206145
50135.64009206145
50135.64009206145
50135.64009206145
50135.64009206145
50135.64009206145
50135.64009206145
50135.64009206145
50135.64009206145
50135.64009206145
47942.31756314741
47942.31756314741
47942.31756314741
47942.31756314741
47942.31756314741
47942.31756314741
47942.31756314741
47942.31756314741
47648.78946022453
47648.78946022453
47648.78946022453
47648.78946022453
47465.98473133178
47465.98473133178
47465.98473133178
47465.98473133178
47465.98473133178
47465.98473133178
47465.98473133178
47465.98473133178
47465.98473133178
47465.98473133178
46789.75399851385
46789.75399851385
46789.75399851385
46789.75399851385
46789.75399851385
46789.75399851385
46205.27024468164
46205.27024468164
46205.27024468164
46205.27024468164
46205.27024468164
46205.27024468164
46205.27024468164
46205.27024468164
44406.10525144217
44406.10525144217
44406.10525144217
44406.10525144217
44406.10525144217
44406.10525144217
44406.10525144217
44406.10525144217
44406.10525144217
44406.10525144217
44406.10525144217
44406.10525144217
44406.10525144217
44406.10525144217
44406.10525144217
44406.10525144217
44406.10525144217
44406.10525144217
44406.10525144217
44406.10525144217
44406.10525144217
44406.10525144217
44406.10525144217
44406.10525144217
44406.10525144217
44406.10525144217
44406.10525144217
43016.35287526415
43016.35287526415
43016.35287526415
43016.35287526415
43016.35287526415
43016.35287526415
43016.35287526415
43016.35287526415
43016.35287526415
43016.35287526415
43016.35287526415
43016.35287526415
43016.35287526415
43016.35287526415
43016.35287526415
43016.35287526415
43016.35287526415
43016.35287526415
43016.35287526415
43016.35287526415
43016.35287526415
43016.35287526415
43016.35287526415
43016.35287526415
43016.35287526415
42515.77116077612
42515.77116077612
42515.77116077612
42515.77116077612
42515.77116077612
42515.77116077612
42515.77116077612
42515.77116077612
42515.77116077612
42515.77116077612
42515.77116077612
42515.77116077612
42515.77116077612
42515.77116077612
42515.77116077612
42515.77116077612
42513.09692850048
42513.09692850048
42513.09692850048
42513.09692850048
42513.09692850048
42513.09692850048
42513.09692850048
42427.72633698495
42427.72633698495
42427.72633698495
42427.72633698495
42427.72633698495
42427.72633698495
42427.72633698495
42427.72633698495
42420.37474887912
42420.37474887912
42420.37474887912
40399.235585743045
40399.235585743045
40399.235585743045
40399.235585743045
40399.235585743045
40399.235585743045
40399.235585743045
40399.235585743045
40399.235585743045
40399.235585743045
40399.235585743045
40399.235585743045
40399.235585743045
40399.235585743045
39631.52520733347
39631.52520733347
39631.52520733347
39631.52520733347
39631.52520733347
39631.52520733347
39631.52520733347
39631.52520733347
39631.52520733347
39631.52520733347
39631.52520733347
39631.52520733347
39631.52520733347
39631.52520733347
39631.52520733347
39631.52520733347
39631.52520733347
39631.52520733347
39631.52520733347
39631.52520733347
39631.52520733347
39611.4018861903
39061.163013005535
39061.163013005535
39061.163013005535
39061.163013005535
39061.163013005535
39061.163013005535
39061.163013005535
39061.163013005535
39061.163013005535
38458.273681576364
38458.273681576364
38458.273681576364
38458.273681576364
38458.273681576364
38458.273681576364
38458.273681576364
38458.273681576364
38458.273681576364
38458.273681576364
38429.32132375321
38429.32132375321
38429.32132375321
38429.32132375321
38429.32132375321
38429.32132375321
38429.32132375321
37724.46237491175
37576.0817094363
37576.0817094363
37576.0817094363
37576.0817094363
37576.0817094363
37576.0817094363
37576.0817094363
37576.0817094363
37576.0817094363
37576.0817094363
37576.0817094363
37576.0817094363
37576.0817094363
37576.0817094363
37576.0817094363
37576.0817094363
37576.0817094363
37576.0817094363
37576.0817094363
37467.100089394975
37467.100089394975
37415.529043653616
37415.529043653616
36242.04923520728
36242.04923520728
36242.04923520728
36242.04923520728
36242.04923520728
36242.04923520728
36242.04923520728
36242.04923520728
36242.04923520728
35224.02832155427
35224.02832155427
35224.02832155427
35224.02832155427
35224.02832155427
35224.02832155427
35224.02832155427
35224.02832155427
35224.02832155427
35224.02832155427
35224.02832155427
35224.02832155427
35224.02832155427
35224.02832155427
35224.02832155427
35224.02832155427
35224.02832155427
35224.02832155427
35224.02832155427
35224.02832155427
35224.02832155427
35224.02832155427
35224.02832155427
35224.02832155427
35224.02832155427
35224.02832155427
35224.02832155427
35224.02832155427
35224.02832155427
35224.02832155427
35224.02832155427
35224.02832155427
35224.02832155427
35224.02832155427
34539.28069780256
34539.28069780256
34539.28069780256
34539.28069780256
34539.28069780256
34539.28069780256
34539.28069780256
34539.28069780256
34539.28069780256
34539.28069780256
34539.28069780256
34539.28069780256
34539.28069780256
34539.28069780256
34539.28069780256
33701.943486041986
33701.943486041986
33701.943486041986
33701.943486041986
33701.943486041986
33701.943486041986
33701.943486041986
33701.943486041986
33701.943486041986
33701.943486041986
33701.943486041986
33701.943486041986
33701.943486041986
33701.943486041986
33701.943486041986
33701.943486041986
33701.943486041986
33701.943486041986
33701.943486041986
33701.943486041986
33701.943486041986
33701.943486041986
33701.943486041986
33701.943486041986
33701.943486041986
33701.943486041986
33701.943486041986
33701.943486041986
33701.943486041986
33701.943486041986
33701.943486041986
33627.13542430536
33627.13542430536
33627.13542430536
33627.13542430536
33627.13542430536
33627.13542430536
33627.13542430536
33627.13542430536
33627.13542430536
33627.13542430536
33627.13542430536
33627.13542430536
33531.287316047266
33531.287316047266
33531.287316047266
33531.287316047266
33531.287316047266
33531.287316047266
33531.287316047266
33531.287316047266
33531.287316047266
33531.287316047266
33531.287316047266
33531.287316047266
33531.287316047266
33531.287316047266
33531.287316047266
33531.287316047266
33531.287316047266
33531.287316047266
33531.287316047266
33531.287316047266
33531.287316047266
33531.287316047266
33531.287316047266
33531.287316047266
33531.287316047266
33531.287316047266
32843.31050876565
32843.31050876565
32843.31050876565
32843.31050876565
32843.31050876565
32843.31050876565
32843.31050876565
32843.31050876565
32843.31050876565
32843.31050876565
32843.31050876565
32843.31050876565
32843.31050876565
32843.31050876565
32651.805163493384
32651.805163493384
32651.805163493384
32651.805163493384
32651.805163493384
32651.805163493384
32651.805163493384
32651.805163493384
32651.805163493384
32651.805163493384
32651.805163493384
32651.805163493384
32651.805163493384
32651.805163493384
32588.047988080885
32588.047988080885
32588.047988080885
32588.047988080885
32588.047988080885
32572.04924471819
32572.04924471819
32572.04924471819
32572.04924471819
32572.04924471819
32572.04924471819
32429.459561246313
32429.459561246313
32429.459561246313
31697.08532367409
31697.08532367409
31697.08532367409
31697.08532367409
31697.08532367409
31697.08532367409
31697.08532367409
31697.08532367409
31697.08532367409
31697.08532367409
31697.08532367409
31697.08532367409
31697.08532367409
31697.08532367409
31697.08532367409
31697.08532367409
31697.08532367409
31697.08532367409
31697.08532367409
31697.08532367409
31697.08532367409
31697.08532367409
31697.08532367409
31697.08532367409
31664.061214614074
31664.061214614074
31664.061214614074
31664.061214614074
31664.061214614074
31664.061214614074
31664.061214614074
31664.061214614074
31664.061214614074
31664.061214614074
31664.061214614074
31664.061214614074
31664.061214614074
31664.061214614074
31664.061214614074
31664.061214614074
31664.061214614074
31402.435665406254
31402.435665406254
31402.435665406254
31402.435665406254
31402.435665406254
31402.435665406254
31402.435665406254
31402.435665406254
31402.435665406254
31402.435665406254
31402.435665406254
31402.435665406254
31402.435665406254
31402.435665406254
31402.435665406254
31143.307113192546
31143.307113192546
31143.307113192546
31143.307113192546
31143.307113192546
31143.307113192546
31143.307113192546
31143.307113192546
31143.307113192546
31143.307113192546
31143.307113192546
31143.307113192546
31143.307113192546
31143.307113192546
31143.307113192546
31143.307113192546
31143.307113192546
31125.84657228361
31125.84657228361
31125.84657228361
31125.84657228361
31125.84657228361
31125.84657228361
31125.84657228361
31125.84657228361
31125.84657228361
31125.84657228361
31125.84657228361
30998.123737492642
30998.123737492642
30998.123737492642
30998.123737492642
30998.123737492642
30998.123737492642
30998.123737492642
30998.123737492642
30998.123737492642
30998.123737492642
30998.123737492642
30998.123737492642
30998.123737492642
30998.123737492642
30998.123737492642
30937.456472845293
30511.61714243465
30511.61714243465
30511.61714243465
30511.61714243465
30388.33723538711
30388.33723538711
30388.33723538711
30388.33723538711
30388.33723538711
30388.33723538711
30019.09499695652
30019.09499695652
30019.09499695652
30019.09499695652
30019.09499695652
30019.09499695652
30019.09499695652
30019.09499695652
30019.09499695652
30019.09499695652
30019.09499695652
30019.09499695652
30019.09499695652
30019.09499695652
30019.09499695652
30019.09499695652
30019.09499695652
30019.09499695652
30019.09499695652
29490.36988351452
29490.36988351452
29490.36988351452
29490.36988351452
29490.36988351452
29490.36988351452
29490.36988351452
29490.36988351452
29490.36988351452
29490.36988351452
29490.36988351452
29490.36988351452
29490.36988351452
29490.36988351452
29490.36988351452
29490.36988351452
29490.36988351452
29490.36988351452
29490.36988351452
29490.36988351452
29490.36988351452
29490.36988351452
29490.36988351452
29490.36988351452
29490.36988351452
29490.36988351452
29490.36988351452
29490.36988351452
29490.36988351452
29490.36988351452
28847.134621850986
28847.134621850986
28847.134621850986
28847.134621850986
28847.134621850986
28847.134621850986
28847.134621850986
28847.134621850986
28847.134621850986
28847.134621850986
28847.134621850986
28847.134621850986
28847.134621850986
28847.134621850986
28847.134621850986
28847.134621850986
28847.134621850986
28847.134621850986
28847.134621850986
28847.134621850986
28847.134621850986
28847.134621850986
28847.134621850986
28847.134621850986
28847.134621850986
28847.134621850986
28847.134621850986
28847.134621850986
28847.134621850986
28847.134621850986
28147.40730635136
28147.40730635136
28147.40730635136
28147.40730635136
28147.40730635136
28147.40730635136
28147.40730635136
28147.40730635136
28147.40730635136
28147.40730635136
28147.40730635136
28147.40730635136
28147.40730635136
28147.40730635136
28147.40730635136
28147.40730635136
28147.40730635136
28147.40730635136
28147.40730635136
28147.40730635136
28147.40730635136
28147.40730635136
28147.40730635136
28147.40730635136
28147.40730635136
28147.40730635136
28147.40730635136
28147.40730635136
28147.40730635136
28147.40730635136
28147.40730635136
28147.40730635136
28147.40730635136
28147.40730635136
28147.40730635136
28147.40730635136
28147.40730635136
28147.40730635136
28147.40730635136
28147.40730635136
28147.40730635136
28147.40730635136
28147.40730635136
28147.40730635136
28147.40730635136
28147.40730635136
28147.40730635136
28147.40730635136
28147.40730635136
28147.40730635136
28147.40730635136
28147.40730635136
28147.40730635136
27597.45572201299
27597.45572201299
27597.45572201299
27597.45572201299
27597.45572201299
27597.45572201299
27597.45572201299
27597.45572201299
27597.45572201299
27597.45572201299
27597.45572201299
27597.45572201299
27597.45572201299
27586.41146394231
27586.41146394231
27586.41146394231
27586.41146394231
27586.41146394231
27586.41146394231
27586.41146394231
27586.41146394231
27586.41146394231
27586.41146394231
27586.41146394231
27586.41146394231
27586.41146394231
27586.41146394231
27586.41146394231
27586.41146394231
27586.41146394231
27586.41146394231
27586.41146394231
27586.41146394231
27586.41146394231
27586.41146394231
27586.41146394231
27586.41146394231
27255.774931479446
27255.774931479446
27255.774931479446
27255.774931479446
27255.774931479446
27255.774931479446
27255.774931479446
27255.774931479446
27255.774931479446
27255.774931479446
27255.774931479446
27255.774931479446
27255.774931479446
27255.774931479446
27255.774931479446
27255.774931479446
27255.774931479446
27255.774931479446
27255.774931479446
27255.774931479446
27255.774931479446
27255.774931479446
27255.774931479446
27255.774931479446
27255.774931479446
27220.371425654557
27220.371425654557
27103.87137615647
27103.87137615647
27103.87137615647
27103.87137615647
27103.87137615647
26908.127693345494
26908.127693345494
26908.127693345494
26908.127693345494
26908.127693345494
26908.127693345494
26908.127693345494
26908.127693345494
26908.127693345494
26688.802914695363
26688.802914695363
26688.802914695363
26688.802914695363
26688.802914695363
26688.802914695363
26688.802914695363
26688.802914695363
26688.802914695363
26688.802914695363
26688.802914695363
26688.802914695363
26688.802914695363
26688.802914695363
26688.802914695363
26204.413096207143
26204.413096207143
26204.413096207143
26204.413096207143
26204.413096207143
25562.285969241522
25562.285969241522
25562.285969241522
25562.285969241522
25562.285969241522
25562.285969241522
25562.285969241522
25562.285969241522
25562.285969241522
25562.285969241522
25562.285969241522
25562.285969241522
25562.285969241522
25562.285969241522
25562.285969241522
25562.285969241522
25562.285969241522
25562.285969241522
25562.285969241522
25562.285969241522
25562.285969241522
25562.285969241522
25562.285969241522
25562.285969241522
25562.285969241522
25562.285969241522
Time: 658.6899182796478 seconds 
Best solution: 25562.285969241522 [19, 17, 8, 9, 5, 4, 14, 13, 35, 34, 39, 38, 53, 58, 40, 55, 47, 50, 104, 31, 36, 37, 48, 44, 41, 51, 43, 45, 49, 54, 57, 64, 62, 63, 72, 67, 71, 68, 86, 76, 73, 79, 77, 69, 81, 74, 75, 80, 83, 78, 84, 82, 85, 91, 92, 96, 102, 101, 97, 93, 89, 98, 100, 95, 94, 88, 87, 99, 90, 105, 56, 59, 70, 66, 65, 60, 61, 52, 42, 46, 23, 20, 21, 15, 33, 24, 103, 28, 29, 30, 32, 22, 12, 6, 7, 10, 11, 1, 2, 3, 27, 16, 25, 26, 18]
Avg solution: 41761.32831475112