Alg:1, Run: 6, file: C:\Users\gabri\Documents\AN 3 SEM 2\AI\Lab\Lab3\\lin105.tsp, population number: 10000, generations: 1000 
98956.14980896078
98956.14980896078
97233.76676346324
97233.76676346324
97233.76676346324
96528.18347351773
94727.36906068517
94727.36906068517
93924.2926350819
93680.79105575301
92628.15970491171
92628.15970491171
92331.44215465734
92331.44215465734
90652.20302873422
90652.20302873422
88112.6197372962
88112.6197372962
88112.6197372962
88112.6197372962
86800.69214001321
86800.69214001321
84293.12915268555
84293.12915268555
84293.12915268555
84293.12915268555
84293.12915268555
84293.12915268555
84154.89442220602
84154.89442220602
84039.13877148004
81335.27163776896
80822.2474957259
80462.59905283022
80462.59905283022
80462.59905283022
80462.59905283022
80462.59905283022
80462.59905283022
76319.3438272734
76319.3438272734
76319.3438272734
76319.3438272734
76319.3438272734
76319.3438272734
76319.3438272734
76319.3438272734
76319.3438272734
76319.3438272734
76319.3438272734
76319.3438272734
76319.3438272734
76178.22502197325
76178.22502197325
76178.22502197325
76178.22502197325
76178.22502197325
76178.22502197325
75539.67273425116
74014.170365631
74014.170365631
74014.170365631
74014.170365631
74014.170365631
74014.170365631
74014.170365631
71078.17252498484
71078.17252498484
71078.17252498484
71078.17252498484
71078.17252498484
71078.17252498484
71078.17252498484
71078.17252498484
71078.17252498484
71078.17252498484
71078.17252498484
71078.17252498484
71078.17252498484
70127.75209583968
70127.75209583968
70127.75209583968
70127.75209583968
70127.75209583968
70127.75209583968
70096.89015180881
70096.89015180881
70096.89015180881
70096.89015180881
70096.89015180881
70096.89015180881
67835.25812949632
67019.16159315073
66760.91708244322
66760.91708244322
66760.91708244322
66760.91708244322
66760.91708244322
66760.91708244322
66760.91708244322
66760.91708244322
66058.08864938933
66058.08864938933
66058.08864938933
66058.08864938933
66058.08864938933
66058.08864938933
66058.08864938933
65762.94752265906
65762.94752265906
65762.94752265906
65762.94752265906
61742.40196846962
61742.40196846962
61742.40196846962
61742.40196846962
61742.40196846962
61742.40196846962
61742.40196846962
61742.40196846962
61742.40196846962
61742.40196846962
61742.40196846962
61742.40196846962
61742.40196846962
61742.40196846962
61742.40196846962
61181.40148773678
61181.40148773678
61181.40148773678
61181.40148773678
61181.40148773678
61181.40148773678
61181.40148773678
61181.40148773678
61181.40148773678
61181.40148773678
61181.40148773678
61181.40148773678
61181.40148773678
61181.40148773678
61181.40148773678
55801.350443700605
55801.350443700605
55801.350443700605
55801.350443700605
55801.350443700605
55801.350443700605
55801.350443700605
55801.350443700605
55801.350443700605
55801.350443700605
55801.350443700605
55801.350443700605
55801.350443700605
55801.350443700605
55801.350443700605
55801.350443700605
55801.350443700605
55801.350443700605
55801.350443700605
55801.350443700605
55801.350443700605
55801.350443700605
55801.350443700605
55801.350443700605
55801.350443700605
55801.350443700605
55801.350443700605
55801.350443700605
55801.350443700605
55801.350443700605
55801.350443700605
55801.350443700605
55801.350443700605
55801.350443700605
55801.350443700605
55801.350443700605
55801.350443700605
55801.350443700605
55801.350443700605
55801.350443700605
55801.350443700605
55801.350443700605
55801.350443700605
55801.350443700605
55801.350443700605
55801.350443700605
55801.350443700605
55801.350443700605
55801.350443700605
55801.350443700605
55801.350443700605
55801.350443700605
54509.00900293419
54509.00900293419
54509.00900293419
54509.00900293419
54509.00900293419
54509.00900293419
54509.00900293419
54509.00900293419
54509.00900293419
54509.00900293419
54509.00900293419
54509.00900293419
54509.00900293419
54509.00900293419
54509.00900293419
54509.00900293419
54509.00900293419
54509.00900293419
54236.16906761855
54236.16906761855
54236.16906761855
54236.16906761855
54236.16906761855
54236.16906761855
54236.16906761855
54236.16906761855
54161.27760680809
54161.27760680809
54161.27760680809
54161.27760680809
53761.26460996074
53761.26460996074
53761.26460996074
53761.26460996074
53761.26460996074
53761.26460996074
53064.08392517739
52708.54368976466
52708.54368976466
52708.54368976466
52708.54368976466
52708.54368976466
51957.048339362984
51957.048339362984
51957.048339362984
51957.048339362984
51957.048339362984
51957.048339362984
51957.048339362984
51957.048339362984
51957.048339362984
51957.048339362984
51957.048339362984
51382.56133140627
51382.56133140627
51382.56133140627
51368.477925391366
51368.477925391366
51368.477925391366
51368.477925391366
51368.477925391366
51368.477925391366
51368.477925391366
51368.477925391366
51143.51633653495
51143.51633653495
51143.51633653495
51143.51633653495
51143.51633653495
51143.51633653495
51143.51633653495
51143.51633653495
50660.78436005403
50660.78436005403
49579.69749387499
49579.69749387499
47565.518594113
47565.518594113
47565.518594113
47565.518594113
47565.518594113
47565.518594113
47565.518594113
47565.518594113
47565.518594113
47565.518594113
47565.518594113
47565.518594113
47565.518594113
47565.518594113
47565.518594113
47565.518594113
47565.518594113
47565.518594113
47565.518594113
47565.518594113
47565.518594113
47565.518594113
47565.518594113
47565.518594113
47565.518594113
47563.2136754111
47563.2136754111
47563.2136754111
47563.2136754111
47563.2136754111
47563.2136754111
47563.2136754111
47563.2136754111
47563.2136754111
47563.2136754111
47563.2136754111
47208.770533195835
47208.770533195835
47208.770533195835
47208.770533195835
47208.770533195835
47208.770533195835
44267.80588841775
44267.80588841775
44267.80588841775
44267.80588841775
44267.80588841775
44267.80588841775
44267.80588841775
44267.80588841775
44267.80588841775
44267.80588841775
44267.80588841775
44267.80588841775
44267.80588841775
44267.80588841775
44267.80588841775
44267.80588841775
44267.80588841775
44267.80588841775
44267.80588841775
44267.80588841775
44267.80588841775
44267.80588841775
44267.80588841775
44267.80588841775
44267.80588841775
44267.80588841775
44267.80588841775
44267.80588841775
44267.80588841775
44267.80588841775
44267.80588841775
44267.80588841775
44267.80588841775
44267.80588841775
44267.80588841775
44267.80588841775
44267.80588841775
44267.80588841775
44267.80588841775
44267.80588841775
44267.80588841775
44267.80588841775
44267.80588841775
44267.80588841775
44267.80588841775
44012.09143071768
43935.18868764684
43935.18868764684
43901.89586964054
43755.692742121435
43755.692742121435
43755.692742121435
42412.95131397465
42412.95131397465
42412.95131397465
42412.95131397465
42412.95131397465
41876.72990510586
41876.72990510586
41876.72990510586
41876.72990510586
41876.72990510586
41876.72990510586
41876.72990510586
41876.72990510586
41876.72990510586
41876.72990510586
41876.72990510586
41876.72990510586
41876.72990510586
41876.72990510586
41876.72990510586
41845.464203155265
41845.464203155265
41845.464203155265
41845.464203155265
41845.464203155265
41845.464203155265
41845.464203155265
41845.464203155265
41845.464203155265
41845.464203155265
41845.464203155265
41845.464203155265
41807.850476901745
41420.81866436698
41092.10767480598
41092.10767480598
41092.10767480598
41092.10767480598
41092.10767480598
41092.10767480598
39495.99915670825
39495.99915670825
39495.99915670825
39495.99915670825
39495.99915670825
39495.99915670825
39495.99915670825
39495.99915670825
39495.99915670825
39495.99915670825
39495.99915670825
39495.99915670825
39495.99915670825
39495.99915670825
39495.99915670825
39495.99915670825
39495.99915670825
39495.99915670825
39495.99915670825
39495.99915670825
39495.99915670825
39495.99915670825
39495.99915670825
39495.99915670825
39495.99915670825
39495.99915670825
39495.99915670825
39495.99915670825
39495.99915670825
39495.99915670825
38983.91432345651
38983.91432345651
38511.77647535427
38511.77647535427
38511.77647535427
38511.77647535427
38511.77647535427
38511.77647535427
38511.77647535427
38511.77647535427
38511.77647535427
38511.77647535427
38511.77647535427
38511.77647535427
38511.77647535427
38511.77647535427
38511.77647535427
38511.77647535427
38511.77647535427
38511.77647535427
37535.74136427979
37532.51188528537
37532.51188528537
37532.51188528537
37532.51188528537
37532.51188528537
37532.51188528537
37532.51188528537
37532.51188528537
37532.51188528537
37528.39383664068
37528.39383664068
37528.39383664068
37528.39383664068
37528.39383664068
37528.39383664068
37179.86085103883
37179.86085103883
37179.86085103883
37179.86085103883
37179.86085103883
37127.49519519937
37127.49519519937
37127.49519519937
37127.49519519937
36636.996792792765
36636.996792792765
36636.996792792765
36636.996792792765
36636.996792792765
36636.996792792765
36636.996792792765
36636.996792792765
36636.996792792765
35043.4876067958
35043.4876067958
35043.4876067958
35043.4876067958
35043.4876067958
35043.4876067958
35043.4876067958
35043.4876067958
35043.4876067958
35043.4876067958
35043.4876067958
35043.4876067958
35043.4876067958
35043.4876067958
35043.4876067958
35043.4876067958
35043.4876067958
35043.4876067958
35043.4876067958
35043.4876067958
35043.4876067958
35043.4876067958
35043.4876067958
35043.4876067958
35043.4876067958
35043.4876067958
35043.4876067958
35043.4876067958
35043.4876067958
35043.4876067958
35043.4876067958
35043.4876067958
35043.4876067958
35043.4876067958
35043.4876067958
35043.4876067958
35043.4876067958
35043.4876067958
35043.4876067958
35043.4876067958
35043.4876067958
35043.4876067958
35043.4876067958
35043.4876067958
35043.4876067958
35043.4876067958
35043.4876067958
35043.4876067958
35043.4876067958
35043.4876067958
35043.4876067958
35043.4876067958
35043.4876067958
35043.4876067958
35043.4876067958
34813.97941031048
34813.97941031048
34813.97941031048
34813.97941031048
34813.97941031048
34813.97941031048
34813.97941031048
34813.97941031048
34813.97941031048
34050.162921381845
34050.162921381845
34050.162921381845
34050.162921381845
34050.162921381845
34050.162921381845
34050.162921381845
34050.162921381845
34050.162921381845
34050.162921381845
34050.162921381845
34050.162921381845
33109.707106945425
33109.707106945425
33109.707106945425
33109.707106945425
33109.707106945425
33109.707106945425
33109.707106945425
33109.707106945425
33109.707106945425
33109.707106945425
33109.707106945425
33109.707106945425
33109.707106945425
33109.707106945425
33109.707106945425
33109.707106945425
33109.707106945425
33109.707106945425
33109.707106945425
33109.707106945425
33109.707106945425
33109.707106945425
33109.707106945425
33109.707106945425
33109.707106945425
33109.707106945425
33109.707106945425
33109.707106945425
33109.707106945425
33109.707106945425
33109.707106945425
33109.707106945425
33109.707106945425
33109.707106945425
33109.707106945425
33109.707106945425
33109.707106945425
33109.707106945425
33109.707106945425
32756.35695799298
32756.35695799298
32756.35695799298
32756.35695799298
32756.35695799298
32756.35695799298
32756.35695799298
32756.35695799298
32756.35695799298
32756.35695799298
32756.35695799298
32756.35695799298
32756.35695799298
32756.35695799298
32756.35695799298
32657.324590958695
32657.324590958695
32657.324590958695
32657.324590958695
30775.317865921053
30775.317865921053
30775.317865921053
30775.317865921053
30775.317865921053
30775.317865921053
30775.317865921053
30775.317865921053
30775.317865921053
30775.317865921053
30775.317865921053
30775.317865921053
30775.317865921053
30775.317865921053
30775.317865921053
30775.317865921053
30775.317865921053
30775.317865921053
30775.317865921053
30775.317865921053
30775.317865921053
30775.317865921053
30775.317865921053
30775.317865921053
30775.317865921053
30775.317865921053
30775.317865921053
30775.317865921053
30775.317865921053
30775.317865921053
30775.317865921053
30775.317865921053
30587.784507361408
30587.784507361408
30587.784507361408
30587.784507361408
30587.784507361408
30587.784507361408
30587.784507361408
30587.784507361408
30587.784507361408
30587.784507361408
30587.784507361408
30587.784507361408
29214.88325898594
29214.88325898594
29214.88325898594
29214.88325898594
29214.88325898594
29214.88325898594
29214.88325898594
29214.88325898594
29214.88325898594
29214.88325898594
29214.88325898594
29214.88325898594
29214.88325898594
29214.88325898594
29214.88325898594
29214.88325898594
29214.88325898594
29214.88325898594
29214.88325898594
29214.88325898594
29214.88325898594
29214.88325898594
29214.88325898594
29214.88325898594
29214.88325898594
29214.88325898594
29214.88325898594
29214.88325898594
29214.88325898594
29214.88325898594
29214.88325898594
29214.88325898594
29214.88325898594
29214.88325898594
29214.88325898594
29214.88325898594
29214.88325898594
29214.88325898594
29214.88325898594
29214.88325898594
29214.88325898594
29214.88325898594
29214.88325898594
29214.88325898594
29214.88325898594
28930.44432717227
28930.44432717227
28930.44432717227
28930.44432717227
28930.44432717227
28930.44432717227
28930.44432717227
28930.44432717227
28930.44432717227
28930.44432717227
28930.44432717227
28930.44432717227
28930.44432717227
28930.44432717227
28930.44432717227
28930.44432717227
28930.44432717227
28930.44432717227
28930.44432717227
28930.44432717227
28930.44432717227
28930.44432717227
28930.44432717227
28930.44432717227
28930.44432717227
28930.44432717227
28930.44432717227
28930.44432717227
28930.44432717227
28930.44432717227
28930.44432717227
28930.44432717227
28930.44432717227
28930.44432717227
28930.44432717227
28930.44432717227
28930.44432717227
28930.44432717227
28930.44432717227
28930.44432717227
28930.44432717227
28930.44432717227
28930.44432717227
28930.44432717227
28930.44432717227
28930.44432717227
28930.44432717227
28930.44432717227
28930.44432717227
28930.44432717227
28930.44432717227
28930.44432717227
28930.44432717227
28930.44432717227
28930.44432717227
28930.44432717227
28930.44432717227
28930.44432717227
28930.44432717227
28930.44432717227
28930.44432717227
28930.44432717227
28930.44432717227
28930.44432717227
28930.44432717227
28930.44432717227
28930.44432717227
28930.44432717227
28930.44432717227
28930.44432717227
28930.44432717227
28930.44432717227
28930.44432717227
28930.44432717227
28930.44432717227
28930.44432717227
28930.44432717227
28930.44432717227
28930.44432717227
28930.44432717227
28930.44432717227
28930.44432717227
28930.44432717227
28930.44432717227
28930.44432717227
28930.44432717227
28930.44432717227
28930.44432717227
28930.44432717227
28930.44432717227
28930.44432717227
28930.44432717227
28930.44432717227
28930.44432717227
28930.44432717227
28930.44432717227
28254.466679569447
28254.466679569447
28254.466679569447
28254.466679569447
28254.466679569447
28254.466679569447
28254.466679569447
28207.821936076467
28207.821936076467
28207.821936076467
28207.821936076467
28207.821936076467
28207.821936076467
28207.821936076467
28114.52560472938
28114.52560472938
28114.52560472938
28114.52560472938
27310.39510729527
27310.39510729527
27310.39510729527
27310.39510729527
27310.39510729527
27310.39510729527
27306.942842894703
27306.942842894703
27306.942842894703
27306.942842894703
27306.942842894703
27306.942842894703
27306.942842894703
27306.942842894703
27306.942842894703
27306.942842894703
27306.942842894703
27306.942842894703
27306.942842894703
27306.942842894703
27306.942842894703
27306.942842894703
27306.942842894703
27306.942842894703
27306.942842894703
27306.942842894703
27306.942842894703
27306.942842894703
27306.942842894703
27306.942842894703
27306.942842894703
27306.942842894703
27306.942842894703
27306.942842894703
27306.942842894703
27306.942842894703
27306.942842894703
27306.942842894703
27306.942842894703
27306.942842894703
27306.942842894703
27306.942842894703
27306.942842894703
27219.762668856984
27219.762668856984
27219.762668856984
27219.762668856984
27219.762668856984
27219.762668856984
27219.762668856984
27219.762668856984
27219.762668856984
27219.762668856984
27219.762668856984
27219.762668856984
27219.762668856984
27219.762668856984
27219.762668856984
27219.762668856984
27077.694534774786
27077.694534774786
27018.093762355173
27018.093762355173
27018.093762355173
27018.093762355173
26924.818375759794
26924.818375759794
26924.818375759794
26924.818375759794
26924.818375759794
26924.818375759794
26924.818375759794
26231.633735434723
26231.633735434723
26231.633735434723
26231.633735434723
26231.633735434723
26231.633735434723
26231.633735434723
26231.633735434723
26231.633735434723
26231.633735434723
26231.633735434723
26231.633735434723
26231.633735434723
26231.633735434723
26231.633735434723
26231.633735434723
26231.633735434723
26231.633735434723
26231.633735434723
26231.633735434723
26231.633735434723
26231.633735434723
26231.633735434723
26231.633735434723
26231.633735434723
26231.633735434723
26231.633735434723
26231.633735434723
26231.633735434723
26231.633735434723
26231.633735434723
26231.633735434723
26231.633735434723
26231.633735434723
26231.633735434723
26231.633735434723
26231.633735434723
26231.633735434723
26168.717018427396
26168.717018427396
26168.717018427396
26168.717018427396
26168.717018427396
26168.717018427396
26168.717018427396
26168.717018427396
26168.717018427396
26168.717018427396
26168.717018427396
26168.717018427396
26168.717018427396
26168.717018427396
26168.717018427396
26168.717018427396
26168.717018427396
26168.717018427396
26168.717018427396
26168.717018427396
26168.717018427396
26168.717018427396
26168.717018427396
26168.717018427396
26168.717018427396
26168.717018427396
26168.717018427396
26168.717018427396
26168.717018427396
26168.717018427396
26168.717018427396
26168.717018427396
26168.717018427396
26168.717018427396
26168.717018427396
25278.40274985128
25278.40274985128
25278.40274985128
25278.40274985128
25278.40274985128
25278.40274985128
25278.40274985128
25278.40274985128
25278.40274985128
25278.40274985128
25278.40274985128
25278.40274985128
25278.40274985128
25278.40274985128
25278.40274985128
25278.40274985128
25278.40274985128
25278.40274985128
25278.40274985128
25278.40274985128
25278.40274985128
25278.40274985128
25278.40274985128
25278.40274985128
25278.40274985128
25278.40274985128
25278.40274985128
25278.40274985128
25278.40274985128
25278.40274985128
Time: 653.8109641075134 seconds 
Best solution: 25278.40274985128 [9, 17, 19, 24, 29, 103, 12, 32, 31, 30, 33, 45, 46, 42, 41, 43, 40, 104, 52, 51, 48, 56, 59, 54, 105, 55, 44, 62, 63, 73, 69, 75, 81, 80, 76, 74, 71, 67, 64, 77, 89, 90, 70, 72, 79, 68, 84, 85, 86, 78, 82, 83, 91, 102, 101, 97, 96, 92, 93, 98, 99, 94, 100, 95, 88, 87, 65, 66, 60, 61, 50, 57, 58, 53, 49, 47, 36, 18, 25, 27, 23, 37, 38, 39, 35, 34, 13, 14, 5, 4, 26, 16, 20, 22, 21, 28, 15, 3, 10, 11, 1, 6, 2, 7, 8]
Avg solution: 41741.94339074233