Alg:2, Run: 4, file: C:\Users\gabri\Documents\AN 3 SEM 2\AI\Lab\Lab3\\lin105.tsp, population number: 1000, generations: 2500 
101164.98446723839
101164.98446723839
101164.98446723839
101164.98446723839
101164.98446723839
101164.98446723839
101164.98446723839
99083.30866869702
99083.30866869702
97618.36026701878
95795.71579414775
95795.71579414775
95795.71579414775
95795.71579414775
95795.71579414775
95795.71579414775
95795.71579414775
95795.71579414775
95795.71579414775
95795.71579414775
95795.71579414775
95795.71579414775
95795.71579414775
95795.71579414775
95795.71579414775
94263.67067392214
92429.40583491711
92429.40583491711
92429.40583491711
92429.40583491711
92429.40583491711
92429.40583491711
92429.40583491711
92429.40583491711
92429.40583491711
92429.40583491711
92429.40583491711
92352.43029741473
90046.25607777003
90046.25607777003
90046.25607777003
90046.25607777003
90046.25607777003
90046.25607777003
90046.25607777003
90046.25607777003
90046.25607777003
90046.25607777003
90045.87068448166
90045.87068448166
90045.87068448166
90045.87068448166
88364.36188361837
88364.36188361837
88364.36188361837
86834.74529740633
86834.74529740633
86834.74529740633
85083.85785151494
84286.25892910427
84286.25892910427
84286.25892910427
84286.25892910427
84286.25892910427
84286.25892910427
84286.25892910427
84286.25892910427
84286.25892910427
84286.25892910427
84286.25892910427
84286.25892910427
84286.25892910427
84286.25892910427
84286.25892910427
84286.25892910427
83541.40822569214
83541.40822569214
83541.40822569214
83541.40822569214
83541.40822569214
83541.40822569214
83541.40822569214
83541.40822569214
83541.40822569214
83541.40822569214
83541.40822569214
83541.40822569214
83541.40822569214
83541.40822569214
83541.40822569214
83541.40822569214
82368.70908357861
82368.70908357861
82368.70908357861
82368.70908357861
82368.70908357861
80462.66745931143
80230.93119887871
80230.93119887871
80230.93119887871
80230.93119887871
80230.93119887871
80230.93119887871
79989.53121878312
79989.53121878312
79989.53121878312
79989.53121878312
79989.53121878312
79989.53121878312
79989.53121878312
79989.53121878312
79989.53121878312
79989.53121878312
79989.53121878312
79247.67172198583
79247.67172198583
79247.67172198583
79247.67172198583
79247.67172198583
79247.67172198583
79247.67172198583
79247.67172198583
79247.67172198583
79247.67172198583
79080.13838812591
79080.13838812591
79080.13838812591
79080.13838812591
78908.16018280953
78908.16018280953
78908.16018280953
78908.16018280953
78908.16018280953
78159.89966658036
78159.89966658036
78159.89966658036
78159.89966658036
78159.89966658036
78159.89966658036
78159.89966658036
78159.89966658036
78159.89966658036
78159.89966658036
78159.89966658036
78159.89966658036
78159.89966658036
78159.89966658036
78159.89966658036
78159.89966658036
77846.26197861295
77846.26197861295
77846.26197861295
77846.26197861295
77078.00994471551
77078.00994471551
77078.00994471551
77078.00994471551
77078.00994471551
77078.00994471551
77078.00994471551
76800.44191362248
76800.44191362248
74847.95113084115
74847.95113084115
74847.95113084115
74847.95113084115
74847.95113084115
74847.95113084115
74847.95113084115
74847.95113084115
74847.95113084115
74847.95113084115
74631.88953060332
74631.88953060332
74631.88953060332
72951.5769389846
72951.5769389846
72951.5769389846
72951.5769389846
72951.5769389846
72951.5769389846
72951.5769389846
72951.5769389846
72951.5769389846
72951.5769389846
72951.5769389846
72951.5769389846
72951.5769389846
72951.5769389846
72951.5769389846
72951.5769389846
72951.5769389846
72951.5769389846
72951.5769389846
72951.5769389846
72951.5769389846
72951.5769389846
72951.5769389846
72951.5769389846
72951.5769389846
72951.5769389846
72951.5769389846
72951.5769389846
72951.5769389846
72951.5769389846
72951.5769389846
72951.5769389846
72951.5769389846
72951.5769389846
72951.5769389846
72951.5769389846
72951.5769389846
71952.86093833663
71952.86093833663
71952.86093833663
71952.86093833663
71952.86093833663
71952.86093833663
71952.86093833663
71952.86093833663
71952.86093833663
71952.86093833663
71952.86093833663
71027.11779736311
71027.11779736311
71027.11779736311
71027.11779736311
70811.0680882586
70811.0680882586
70811.0680882586
70811.0680882586
70579.41456836883
70579.41456836883
70579.41456836883
70579.41456836883
70579.41456836883
69205.10068692302
69205.10068692302
69205.10068692302
69205.10068692302
69205.10068692302
69205.10068692302
66552.91818664104
66552.91818664104
66552.91818664104
66552.91818664104
66552.91818664104
66552.91818664104
66552.91818664104
66552.91818664104
66552.91818664104
66552.91818664104
66552.91818664104
66552.91818664104
66552.91818664104
66552.91818664104
66552.91818664104
66552.91818664104
66552.91818664104
66552.91818664104
66552.91818664104
66552.91818664104
66552.91818664104
66552.91818664104
66552.91818664104
66552.91818664104
66552.91818664104
66552.91818664104
66552.91818664104
66552.91818664104
66552.91818664104
66552.91818664104
66552.91818664104
65763.57922844676
65763.57922844676
65763.57922844676
65727.6526053029
65727.6526053029
65727.6526053029
64909.446937501234
64909.446937501234
64909.446937501234
64909.446937501234
64909.446937501234
64909.446937501234
64909.446937501234
64909.446937501234
64909.446937501234
64909.446937501234
64909.446937501234
64909.446937501234
64909.446937501234
64909.446937501234
64909.446937501234
64909.446937501234
64909.446937501234
64909.446937501234
64909.446937501234
64909.446937501234
64834.88417357115
64834.88417357115
64834.88417357115
64834.88417357115
64834.88417357115
64834.88417357115
64834.88417357115
64834.88417357115
64834.88417357115
64834.88417357115
64834.88417357115
64834.88417357115
64834.88417357115
64834.88417357115
64834.88417357115
64834.88417357115
64834.88417357115
64834.88417357115
64834.88417357115
64834.88417357115
64834.88417357115
64834.88417357115
64834.88417357115
64834.88417357115
64834.88417357115
64834.88417357115
64834.88417357115
64834.88417357115
61586.39227112217
61586.39227112217
61586.39227112217
61586.39227112217
61586.39227112217
61586.39227112217
61586.39227112217
61586.39227112217
61586.39227112217
61586.39227112217
60382.37406384934
60382.37406384934
60382.37406384934
60382.37406384934
60382.37406384934
60382.37406384934
60382.37406384934
60382.37406384934
60382.37406384934
60382.37406384934
60382.37406384934
60382.37406384934
60382.37406384934
60382.37406384934
60382.37406384934
60382.37406384934
60382.37406384934
60382.37406384934
60382.37406384934
60382.37406384934
60382.37406384934
60382.37406384934
60382.37406384934
60382.37406384934
60382.37406384934
60382.37406384934
60382.37406384934
60382.37406384934
60382.37406384934
60382.37406384934
60382.37406384934
60382.37406384934
60382.37406384934
60382.37406384934
60382.37406384934
60382.37406384934
60382.37406384934
60382.37406384934
60382.37406384934
60382.37406384934
60382.37406384934
60382.37406384934
60382.37406384934
60382.37406384934
60382.37406384934
60382.37406384934
60382.37406384934
60382.37406384934
60382.37406384934
60382.37406384934
60382.37406384934
60382.37406384934
58333.336042724775
58333.336042724775
58333.336042724775
58333.336042724775
58333.336042724775
58333.336042724775
58333.336042724775
58333.336042724775
58333.336042724775
58333.336042724775
58333.336042724775
58333.336042724775
58333.336042724775
58333.336042724775
58333.336042724775
58333.336042724775
58333.336042724775
58333.336042724775
58333.336042724775
58333.336042724775
58333.336042724775
58333.336042724775
58333.336042724775
58333.336042724775
58333.336042724775
58333.336042724775
58333.336042724775
58333.336042724775
58333.336042724775
58333.336042724775
58333.336042724775
58333.336042724775
58333.336042724775
58333.336042724775
58333.336042724775
58333.336042724775
58333.336042724775
58333.336042724775
58333.336042724775
58333.336042724775
58139.63275270725
58139.63275270725
58139.63275270725
58139.63275270725
58139.63275270725
58139.63275270725
58139.63275270725
58139.63275270725
58139.63275270725
58139.63275270725
58139.63275270725
58139.63275270725
58139.63275270725
58139.63275270725
58139.63275270725
57615.260451184215
57615.260451184215
57615.260451184215
57615.260451184215
57586.332351615
57586.332351615
57586.332351615
57586.332351615
57586.332351615
57586.332351615
57586.332351615
57586.332351615
57586.332351615
57586.332351615
57168.11009818989
57168.11009818989
57168.11009818989
57168.11009818989
57168.11009818989
57168.11009818989
57168.11009818989
57168.11009818989
57168.11009818989
57168.11009818989
57168.11009818989
57168.11009818989
57168.11009818989
57168.11009818989
57168.11009818989
57168.11009818989
57168.11009818989
57168.11009818989
57168.11009818989
57168.11009818989
56988.94649121954
56988.94649121954
56988.94649121954
56988.94649121954
56988.94649121954
56988.94649121954
56988.94649121954
56742.10571811142
56742.10571811142
56742.10571811142
56742.10571811142
56563.606694623784
56563.606694623784
56563.606694623784
56205.40200490354
56205.40200490354
56205.40200490354
56205.40200490354
56205.40200490354
56205.40200490354
56205.40200490354
56205.40200490354
56205.40200490354
56205.40200490354
56183.05482552837
56183.05482552837
56183.05482552837
56183.05482552837
51255.19470687386
51255.19470687386
51255.19470687386
51255.19470687386
51255.19470687386
51255.19470687386
51255.19470687386
51255.19470687386
51255.19470687386
51255.19470687386
51255.19470687386
51255.19470687386
51255.19470687386
51255.19470687386
51255.19470687386
51255.19470687386
51255.19470687386
51255.19470687386
51255.19470687386
51255.19470687386
51255.19470687386
51255.19470687386
51255.19470687386
51255.19470687386
51255.19470687386
51255.19470687386
51255.19470687386
51255.19470687386
51255.19470687386
51255.19470687386
51255.19470687386
51255.19470687386
51255.19470687386
51255.19470687386
51255.19470687386
51255.19470687386
51255.19470687386
51255.19470687386
51255.19470687386
51255.19470687386
51255.19470687386
51255.19470687386
51255.19470687386
51255.19470687386
51255.19470687386
51255.19470687386
51255.19470687386
51255.19470687386
51255.19470687386
51255.19470687386
51255.19470687386
51255.19470687386
51255.19470687386
51255.19470687386
51255.19470687386
51255.19470687386
51255.19470687386
51255.19470687386
51255.19470687386
51255.19470687386
51255.19470687386
51255.19470687386
51255.19470687386
51255.19470687386
51255.19470687386
51255.19470687386
51255.19470687386
51255.19470687386
51255.19470687386
51255.19470687386
51255.19470687386
51255.19470687386
51255.19470687386
51255.19470687386
51255.19470687386
51255.19470687386
51255.19470687386
51255.19470687386
51255.19470687386
51255.19470687386
51255.19470687386
51255.19470687386
51255.19470687386
51255.19470687386
51255.19470687386
51255.19470687386
51255.19470687386
51255.19470687386
51255.19470687386
51255.19470687386
51255.19470687386
51255.19470687386
51255.19470687386
51255.19470687386
51255.19470687386
51255.19470687386
51255.19470687386
51255.19470687386
51255.19470687386
51255.19470687386
51255.19470687386
51255.19470687386
51255.19470687386
51255.19470687386
51255.19470687386
51255.19470687386
51255.19470687386
51255.19470687386
51255.19470687386
51255.19470687386
51255.19470687386
51255.19470687386
51255.19470687386
51255.19470687386
51255.19470687386
51255.19470687386
51255.19470687386
50787.515199490386
50787.515199490386
50787.515199490386
50787.515199490386
50787.515199490386
50787.515199490386
50787.515199490386
50787.515199490386
50787.515199490386
50787.515199490386
50281.253539806996
50281.253539806996
50281.253539806996
50281.253539806996
50281.253539806996
50281.253539806996
50281.253539806996
50281.253539806996
50281.253539806996
50281.253539806996
50281.253539806996
50281.253539806996
50281.253539806996
50281.253539806996
50281.253539806996
49424.65056970689
49424.65056970689
49424.65056970689
49424.65056970689
49424.65056970689
49424.65056970689
49424.65056970689
49424.65056970689
48731.15152727128
48731.15152727128
48731.15152727128
48731.15152727128
48731.15152727128
48731.15152727128
48731.15152727128
48731.15152727128
48731.15152727128
48731.15152727128
48731.15152727128
48731.15152727128
48731.15152727128
48731.15152727128
48731.15152727128
48731.15152727128
48731.15152727128
48731.15152727128
48731.15152727128
48731.15152727128
48731.15152727128
48731.15152727128
48731.15152727128
48731.15152727128
48731.15152727128
48731.15152727128
48731.15152727128
48731.15152727128
48731.15152727128
48731.15152727128
48731.15152727128
48731.15152727128
48731.15152727128
48731.15152727128
48731.15152727128
47842.99645512894
47842.99645512894
47842.99645512894
47842.99645512894
47842.99645512894
47842.99645512894
47842.99645512894
47842.99645512894
47842.99645512894
47842.99645512894
47842.99645512894
47842.99645512894
47842.99645512894
47842.99645512894
47842.99645512894
47842.99645512894
47842.99645512894
47842.99645512894
47842.99645512894
47842.99645512894
47842.99645512894
47842.99645512894
47842.99645512894
47693.6586576841
47693.6586576841
47693.6586576841
47693.6586576841
47693.6586576841
47693.6586576841
47693.6586576841
47693.6586576841
47693.6586576841
47693.6586576841
47693.6586576841
47693.6586576841
47693.6586576841
47693.6586576841
47693.6586576841
47693.6586576841
47693.6586576841
47693.6586576841
47693.6586576841
47693.6586576841
47693.6586576841
47693.6586576841
47693.6586576841
47693.6586576841
47693.6586576841
47693.6586576841
47693.6586576841
47693.6586576841
47693.6586576841
47693.6586576841
47693.6586576841
47693.6586576841
47693.6586576841
47693.6586576841
47693.6586576841
47693.6586576841
47693.6586576841
47693.6586576841
47693.6586576841
47693.6586576841
47693.6586576841
47693.6586576841
47693.6586576841
47693.6586576841
47582.31374246655
47582.31374246655
46412.20450676543
46412.20450676543
46412.20450676543
46412.20450676543
46412.20450676543
46412.20450676543
46412.20450676543
46412.20450676543
46412.20450676543
46412.20450676543
46412.20450676543
46412.20450676543
46412.20450676543
46412.20450676543
46412.20450676543
46412.20450676543
46412.20450676543
46412.20450676543
46412.20450676543
46412.20450676543
46412.20450676543
46412.20450676543
46412.20450676543
46198.568752789695
46198.568752789695
46198.568752789695
46198.568752789695
46198.568752789695
46198.568752789695
46198.568752789695
46198.568752789695
46198.568752789695
46198.568752789695
46198.568752789695
46198.568752789695
46198.568752789695
46198.568752789695
46198.568752789695
46198.568752789695
46198.568752789695
45603.6926622116
45603.6926622116
45603.6926622116
45603.6926622116
44527.352626992506
44527.352626992506
44527.352626992506
44527.352626992506
44527.352626992506
44527.352626992506
44527.352626992506
44527.352626992506
44527.352626992506
44527.352626992506
44527.352626992506
44527.352626992506
44527.352626992506
44527.352626992506
44527.352626992506
44527.352626992506
44527.352626992506
44527.352626992506
44527.352626992506
44527.352626992506
44527.352626992506
44527.352626992506
44527.352626992506
44527.352626992506
44527.352626992506
44527.352626992506
44527.352626992506
44527.352626992506
44527.352626992506
44527.352626992506
44527.352626992506
44527.352626992506
43949.4696761075
43949.4696761075
43949.4696761075
43949.4696761075
43949.4696761075
43949.4696761075
43949.4696761075
43949.4696761075
43949.4696761075
43949.4696761075
43949.4696761075
43949.4696761075
43949.4696761075
43949.4696761075
43949.4696761075
43949.4696761075
43949.4696761075
43949.4696761075
43949.4696761075
43949.4696761075
43949.4696761075
43949.4696761075
43949.4696761075
43949.4696761075
43949.4696761075
43949.4696761075
43949.4696761075
43949.4696761075
43949.4696761075
43949.4696761075
43949.4696761075
43949.4696761075
43949.4696761075
43949.4696761075
43949.4696761075
43949.4696761075
43949.4696761075
43949.4696761075
43949.4696761075
43949.4696761075
43949.4696761075
43735.8658779492
43735.8658779492
43735.8658779492
43735.8658779492
43735.8658779492
43735.8658779492
43735.8658779492
43735.8658779492
43735.8658779492
43735.8658779492
43735.8658779492
43735.8658779492
43735.8658779492
43735.8658779492
43735.8658779492
43735.8658779492
43735.8658779492
43735.8658779492
43735.8658779492
43735.8658779492
43735.8658779492
43735.8658779492
43735.8658779492
43735.8658779492
43735.8658779492
43735.8658779492
43735.8658779492
43735.8658779492
43735.8658779492
43735.8658779492
43735.8658779492
43735.8658779492
43735.8658779492
43735.8658779492
43735.8658779492
43735.8658779492
43735.8658779492
43735.8658779492
43735.8658779492
43735.8658779492
43735.8658779492
43735.8658779492
43735.8658779492
43721.590320421994
43721.590320421994
42346.66595785241
42346.66595785241
42346.66595785241
42346.66595785241
42346.66595785241
42346.66595785241
42346.66595785241
42346.66595785241
42346.66595785241
42346.66595785241
42346.66595785241
42346.66595785241
42346.66595785241
42346.66595785241
42346.66595785241
42346.66595785241
42346.66595785241
42346.66595785241
42346.66595785241
42346.66595785241
42346.66595785241
42346.66595785241
42346.66595785241
42346.66595785241
42346.66595785241
42346.66595785241
42346.66595785241
42346.66595785241
42346.66595785241
42346.66595785241
42346.66595785241
42346.66595785241
42346.66595785241
42346.66595785241
42346.66595785241
42346.66595785241
42346.66595785241
42346.66595785241
42346.66595785241
42346.66595785241
42346.66595785241
42346.66595785241
42346.66595785241
42346.66595785241
42346.66595785241
42346.66595785241
42346.66595785241
42346.66595785241
42346.66595785241
42346.66595785241
42346.66595785241
42346.66595785241
42346.66595785241
42346.66595785241
42346.66595785241
41997.025824366836
41997.025824366836
41997.025824366836
41997.025824366836
41997.025824366836
41997.025824366836
41997.025824366836
41997.025824366836
41997.025824366836
41997.025824366836
41997.025824366836
41997.025824366836
41997.025824366836
41997.025824366836
41997.025824366836
41997.025824366836
41997.025824366836
41997.025824366836
41997.025824366836
41997.025824366836
41997.025824366836
41997.025824366836
41997.025824366836
41997.025824366836
41997.025824366836
41997.025824366836
41997.025824366836
41997.025824366836
41997.025824366836
41997.025824366836
41997.025824366836
41997.025824366836
41997.025824366836
41997.025824366836
41997.025824366836
41997.025824366836
41997.025824366836
41997.025824366836
41997.025824366836
41997.025824366836
41997.025824366836
41997.025824366836
41997.025824366836
41997.025824366836
41997.025824366836
41997.025824366836
41997.025824366836
41997.025824366836
41997.025824366836
41997.025824366836
41997.025824366836
41997.025824366836
41997.025824366836
41997.025824366836
41997.025824366836
41997.025824366836
41997.025824366836
41997.025824366836
41997.025824366836
41997.025824366836
41997.025824366836
41997.025824366836
41997.025824366836
41997.025824366836
41997.025824366836
41997.025824366836
41997.025824366836
41997.025824366836
41997.025824366836
41997.025824366836
41997.025824366836
41997.025824366836
41997.025824366836
41997.025824366836
41997.025824366836
41997.025824366836
41997.025824366836
41997.025824366836
41997.025824366836
41997.025824366836
41997.025824366836
41997.025824366836
41997.025824366836
41997.025824366836
41997.025824366836
41997.025824366836
41997.025824366836
41997.025824366836
41997.025824366836
41997.025824366836
41997.025824366836
41997.025824366836
41997.025824366836
41997.025824366836
41689.73728555847
41689.73728555847
41689.73728555847
41689.73728555847
41689.73728555847
41689.73728555847
41689.73728555847
41689.73728555847
41689.73728555847
41689.73728555847
41351.44508306364
41351.44508306364
41351.44508306364
41351.44508306364
41351.44508306364
41351.44508306364
41351.44508306364
41351.44508306364
41351.44508306364
41351.44508306364
41351.44508306364
41351.44508306364
41351.44508306364
41351.44508306364
41351.44508306364
41351.44508306364
41351.44508306364
41351.44508306364
41351.44508306364
41351.44508306364
41351.44508306364
41351.44508306364
41351.44508306364
41351.44508306364
41351.44508306364
41351.44508306364
41351.44508306364
41351.44508306364
41351.44508306364
41351.44508306364
41351.44508306364
41351.44508306364
41351.44508306364
41351.44508306364
41351.44508306364
41351.44508306364
41351.44508306364
41351.44508306364
41351.44508306364
41351.44508306364
41351.44508306364
41351.44508306364
41351.44508306364
41351.44508306364
41351.44508306364
41351.44508306364
41351.44508306364
40330.31547188739
40330.31547188739
40330.31547188739
40330.31547188739
40330.31547188739
40330.31547188739
40330.31547188739
40330.31547188739
40330.31547188739
40330.31547188739
40330.31547188739
40330.31547188739
40330.31547188739
40330.31547188739
40330.31547188739
40330.31547188739
40330.31547188739
40330.31547188739
40330.31547188739
40330.31547188739
40330.31547188739
40330.31547188739
40330.31547188739
40330.31547188739
40330.31547188739
40330.31547188739
40330.31547188739
40330.31547188739
40330.31547188739
40330.31547188739
40330.31547188739
40330.31547188739
40330.31547188739
40330.31547188739
40330.31547188739
40330.31547188739
40330.31547188739
40330.31547188739
40330.31547188739
40330.31547188739
40330.31547188739
40330.31547188739
40330.31547188739
40330.31547188739
40330.31547188739
40330.31547188739
40330.31547188739
40330.31547188739
40330.31547188739
40330.31547188739
40330.31547188739
40330.31547188739
40330.31547188739
40330.31547188739
40330.31547188739
40330.31547188739
40330.31547188739
40330.31547188739
40330.31547188739
40330.31547188739
40330.31547188739
40330.31547188739
40330.31547188739
40330.31547188739
40330.31547188739
40330.31547188739
40330.31547188739
40330.31547188739
40330.31547188739
40330.31547188739
40330.31547188739
40330.31547188739
40330.31547188739
40330.31547188739
40330.31547188739
40330.31547188739
40330.31547188739
40330.31547188739
40330.31547188739
40330.31547188739
40330.31547188739
40330.31547188739
40330.31547188739
40330.31547188739
40330.31547188739
40330.31547188739
40330.31547188739
40330.31547188739
40330.31547188739
40330.31547188739
40330.31547188739
40330.31547188739
40330.31547188739
40330.31547188739
40330.31547188739
40330.31547188739
40330.31547188739
40330.31547188739
40330.31547188739
40330.31547188739
40330.31547188739
40330.31547188739
40330.31547188739
40330.31547188739
40330.31547188739
40330.31547188739
40330.31547188739
40330.31547188739
40330.31547188739
40330.31547188739
40330.31547188739
40330.31547188739
40330.31547188739
40330.31547188739
40330.31547188739
40330.31547188739
40330.31547188739
40330.31547188739
40330.31547188739
40330.31547188739
40330.31547188739
39640.31101249095
39640.31101249095
39640.31101249095
39640.31101249095
39640.31101249095
39640.31101249095
39640.31101249095
39640.31101249095
39640.31101249095
39640.31101249095
39640.31101249095
39640.31101249095
39640.31101249095
39640.31101249095
39640.31101249095
39640.31101249095
39640.31101249095
39640.31101249095
39640.31101249095
39640.31101249095
39640.31101249095
39640.31101249095
39640.31101249095
39640.31101249095
39640.31101249095
39640.31101249095
39640.31101249095
39640.31101249095
39640.31101249095
39640.31101249095
39640.31101249095
39640.31101249095
39640.31101249095
39640.31101249095
39640.31101249095
39374.0428336027
39374.0428336027
39374.0428336027
39374.0428336027
39374.0428336027
39374.0428336027
39374.0428336027
39374.0428336027
39374.0428336027
39374.0428336027
39374.0428336027
39374.0428336027
39374.0428336027
39374.0428336027
39374.0428336027
39374.0428336027
39374.0428336027
39374.0428336027
39374.0428336027
39374.0428336027
39374.0428336027
39374.0428336027
39374.0428336027
39374.0428336027
39374.0428336027
39374.0428336027
39374.0428336027
39374.0428336027
39374.0428336027
39374.0428336027
39374.0428336027
39374.0428336027
39374.0428336027
39374.0428336027
39374.0428336027
39374.0428336027
39374.0428336027
39374.0428336027
39374.0428336027
39374.0428336027
39374.0428336027
39374.0428336027
39374.0428336027
39374.0428336027
39374.0428336027
39374.0428336027
39374.0428336027
39374.0428336027
39374.0428336027
39374.0428336027
39374.0428336027
39374.0428336027
39374.0428336027
39374.0428336027
39374.0428336027
39374.0428336027
39374.0428336027
39374.0428336027
39374.0428336027
39374.0428336027
39374.0428336027
39374.0428336027
39374.0428336027
39374.0428336027
39374.0428336027
39374.0428336027
39374.0428336027
39374.0428336027
39374.0428336027
39374.0428336027
39374.0428336027
39374.0428336027
39374.0428336027
39374.0428336027
39374.0428336027
39374.0428336027
39374.0428336027
39374.0428336027
39374.0428336027
39374.0428336027
39374.0428336027
39374.0428336027
39374.0428336027
39374.0428336027
39374.0428336027
39374.0428336027
39374.0428336027
39374.0428336027
39374.0428336027
39374.0428336027
39374.0428336027
39374.0428336027
39374.0428336027
39374.0428336027
39374.0428336027
39374.0428336027
39374.0428336027
39320.99584051209
39320.99584051209
39320.99584051209
39320.99584051209
39320.99584051209
39320.99584051209
39320.99584051209
39320.99584051209
39320.99584051209
39320.99584051209
39320.99584051209
39320.99584051209
38881.61524483993
38881.61524483993
38881.61524483993
38881.61524483993
38881.61524483993
38881.61524483993
38881.61524483993
38881.61524483993
38881.61524483993
38881.61524483993
38881.61524483993
38881.61524483993
38881.61524483993
38881.61524483993
38881.61524483993
38881.61524483993
38881.61524483993
38881.61524483993
38881.61524483993
38881.61524483993
38881.61524483993
38881.61524483993
38881.61524483993
38881.61524483993
38881.61524483993
38881.61524483993
38881.61524483993
38881.61524483993
38881.61524483993
38881.61524483993
38881.61524483993
38881.61524483993
38881.61524483993
38881.61524483993
38881.61524483993
38881.61524483993
38881.61524483993
38881.61524483993
38881.61524483993
38881.61524483993
38881.61524483993
38881.61524483993
38881.61524483993
38881.61524483993
38881.61524483993
38881.61524483993
38881.61524483993
38881.61524483993
38881.61524483993
38881.61524483993
38881.61524483993
38881.61524483993
38881.61524483993
38881.61524483993
38881.61524483993
38881.61524483993
38881.61524483993
38881.61524483993
38881.61524483993
38881.61524483993
38881.61524483993
38881.61524483993
38881.61524483993
38881.61524483993
38881.61524483993
38881.61524483993
38881.61524483993
38881.61524483993
38881.61524483993
38881.61524483993
38881.61524483993
38881.61524483993
38664.49472958112
38664.49472958112
38664.49472958112
38664.49472958112
38664.49472958112
38664.49472958112
38664.49472958112
38664.49472958112
38664.49472958112
38664.49472958112
38664.49472958112
38664.49472958112
38664.49472958112
38664.49472958112
38664.49472958112
38664.49472958112
38664.49472958112
38664.49472958112
38664.49472958112
38664.49472958112
38664.49472958112
38664.49472958112
38664.49472958112
38664.49472958112
38664.49472958112
38664.49472958112
38664.49472958112
38664.49472958112
38664.49472958112
38664.49472958112
38664.49472958112
38664.49472958112
38664.49472958112
38664.49472958112
38664.49472958112
38664.49472958112
38664.49472958112
38664.49472958112
38664.49472958112
38664.49472958112
38664.49472958112
38664.49472958112
38664.49472958112
38664.49472958112
38664.49472958112
38664.49472958112
38664.49472958112
38664.49472958112
38664.49472958112
38664.49472958112
38664.49472958112
38664.49472958112
38664.49472958112
38664.49472958112
38664.49472958112
38664.49472958112
38664.49472958112
38664.49472958112
38664.49472958112
38664.49472958112
38664.49472958112
38664.49472958112
38664.49472958112
38619.17841212591
38619.17841212591
38619.17841212591
38619.17841212591
38619.17841212591
38619.17841212591
38392.487034174665
38392.487034174665
38392.487034174665
38392.487034174665
38392.487034174665
38392.487034174665
37160.47152606301
37160.47152606301
37160.47152606301
37160.47152606301
37160.47152606301
37160.47152606301
37160.47152606301
37160.47152606301
37160.47152606301
37160.47152606301
37160.47152606301
37160.47152606301
37160.47152606301
37160.47152606301
37160.47152606301
37160.47152606301
37160.47152606301
37160.47152606301
37160.47152606301
37160.47152606301
37160.47152606301
37160.47152606301
37160.47152606301
37160.47152606301
37160.47152606301
37160.47152606301
37160.47152606301
37160.47152606301
37160.47152606301
37160.47152606301
37160.47152606301
37160.47152606301
37160.47152606301
37160.47152606301
37160.47152606301
37160.47152606301
37160.47152606301
37160.47152606301
37160.47152606301
37160.47152606301
37160.47152606301
37160.47152606301
37160.47152606301
37160.47152606301
37160.47152606301
37160.47152606301
37160.47152606301
37160.47152606301
37160.47152606301
37160.47152606301
37160.47152606301
37160.47152606301
37160.47152606301
37160.47152606301
37160.47152606301
37160.47152606301
37160.47152606301
37160.47152606301
37160.47152606301
37160.47152606301
37160.47152606301
37160.47152606301
37160.47152606301
37160.47152606301
37160.47152606301
37160.47152606301
37160.47152606301
37160.47152606301
37160.47152606301
37160.47152606301
37160.47152606301
37160.47152606301
37160.47152606301
37160.47152606301
37160.47152606301
37160.47152606301
37160.47152606301
37160.47152606301
37160.47152606301
37160.47152606301
37160.47152606301
37160.47152606301
37160.47152606301
37160.47152606301
37160.47152606301
37160.47152606301
37160.47152606301
37160.47152606301
37160.47152606301
37160.47152606301
37160.47152606301
37160.47152606301
37160.47152606301
37160.47152606301
37160.47152606301
37160.47152606301
37160.47152606301
37160.47152606301
37160.47152606301
37160.47152606301
37160.47152606301
37160.47152606301
37160.47152606301
37160.47152606301
37160.47152606301
37160.47152606301
37160.47152606301
37160.47152606301
37160.47152606301
37160.47152606301
37160.47152606301
37160.47152606301
37160.47152606301
37160.47152606301
37160.47152606301
37160.47152606301
37160.47152606301
37160.47152606301
37160.47152606301
37160.47152606301
37160.47152606301
37160.47152606301
37160.47152606301
37160.47152606301
37160.47152606301
37160.47152606301
37160.47152606301
37160.47152606301
37160.47152606301
37160.47152606301
37160.47152606301
37160.47152606301
37160.47152606301
37160.47152606301
37160.47152606301
37160.47152606301
37160.47152606301
37160.47152606301
37160.47152606301
37160.47152606301
37160.47152606301
37160.47152606301
37160.47152606301
37160.47152606301
37160.47152606301
37160.47152606301
37160.47152606301
37160.47152606301
37160.47152606301
37160.47152606301
37160.47152606301
37160.47152606301
37160.47152606301
37160.47152606301
37160.47152606301
37160.47152606301
37160.47152606301
37160.47152606301
37160.47152606301
37160.47152606301
37160.47152606301
37160.47152606301
37160.47152606301
37160.47152606301
37160.47152606301
37160.47152606301
37160.47152606301
37160.47152606301
37160.47152606301
37160.47152606301
37160.47152606301
37160.47152606301
37160.47152606301
37160.47152606301
37160.47152606301
37160.47152606301
37160.47152606301
37160.47152606301
37160.47152606301
37160.47152606301
37160.47152606301
37160.47152606301
37160.47152606301
37160.47152606301
37160.47152606301
37160.47152606301
36794.67619771702
36794.67619771702
36794.67619771702
36794.67619771702
36794.67619771702
36794.67619771702
36794.67619771702
36589.17655619284
36589.17655619284
36589.17655619284
36589.17655619284
36589.17655619284
36589.17655619284
36589.17655619284
35748.819043622294
35748.819043622294
35748.819043622294
35748.819043622294
35748.819043622294
35748.819043622294
35748.819043622294
35748.819043622294
35748.819043622294
35748.819043622294
35748.819043622294
35748.819043622294
35748.819043622294
35748.819043622294
35748.819043622294
35748.819043622294
35748.819043622294
35748.819043622294
35748.819043622294
35748.819043622294
35748.819043622294
35748.819043622294
35748.819043622294
35748.819043622294
35748.819043622294
35748.819043622294
35748.819043622294
35748.819043622294
35748.819043622294
35748.819043622294
35748.819043622294
35748.819043622294
35748.819043622294
35748.819043622294
35748.819043622294
35748.819043622294
35748.819043622294
35748.819043622294
35748.819043622294
35748.819043622294
35748.819043622294
35748.819043622294
35748.819043622294
35748.819043622294
35748.819043622294
35748.819043622294
35748.819043622294
35748.819043622294
35748.819043622294
35748.819043622294
35748.819043622294
35748.819043622294
35748.819043622294
35748.819043622294
35748.819043622294
35748.819043622294
35748.819043622294
35748.819043622294
35748.819043622294
35748.819043622294
35748.819043622294
35748.819043622294
35748.819043622294
35748.819043622294
35748.819043622294
35748.819043622294
35748.819043622294
35748.819043622294
35748.819043622294
35748.819043622294
35748.819043622294
35748.819043622294
35748.819043622294
35748.819043622294
35748.819043622294
35748.819043622294
35748.819043622294
35748.819043622294
35748.819043622294
35748.819043622294
35748.819043622294
35748.819043622294
35748.819043622294
35748.819043622294
35748.819043622294
35748.819043622294
35748.819043622294
35748.819043622294
35748.819043622294
35748.819043622294
35748.819043622294
35748.819043622294
35748.819043622294
35748.819043622294
35748.819043622294
35748.819043622294
35748.819043622294
35748.819043622294
35748.819043622294
35748.819043622294
35748.819043622294
35748.819043622294
35748.819043622294
35748.819043622294
35748.819043622294
35748.819043622294
35748.819043622294
35560.17401290911
35560.17401290911
35560.17401290911
35560.17401290911
35560.17401290911
35560.17401290911
35560.17401290911
35560.17401290911
35560.17401290911
35560.17401290911
35560.17401290911
35560.17401290911
35560.17401290911
35560.17401290911
35560.17401290911
35560.17401290911
35560.17401290911
35560.17401290911
35560.17401290911
35560.17401290911
35560.17401290911
35560.17401290911
35560.17401290911
35560.17401290911
35560.17401290911
35560.17401290911
35560.17401290911
35560.17401290911
35560.17401290911
35560.17401290911
35560.17401290911
35560.17401290911
35560.17401290911
35560.17401290911
35560.17401290911
35560.17401290911
35560.17401290911
35560.17401290911
35560.17401290911
35560.17401290911
35560.17401290911
35560.17401290911
35560.17401290911
35560.17401290911
35560.17401290911
35560.17401290911
35560.17401290911
35560.17401290911
35560.17401290911
35560.17401290911
35560.17401290911
35560.17401290911
35560.17401290911
35560.17401290911
35560.17401290911
35560.17401290911
35560.17401290911
35560.17401290911
35560.17401290911
35560.17401290911
35560.17401290911
35560.17401290911
35560.17401290911
35560.17401290911
35560.17401290911
35560.17401290911
35560.17401290911
35560.17401290911
35560.17401290911
35560.17401290911
34122.627721175464
34122.627721175464
34122.627721175464
34122.627721175464
34122.627721175464
34122.627721175464
34122.627721175464
34122.627721175464
34122.627721175464
34122.627721175464
34122.627721175464
34122.627721175464
34122.627721175464
34122.627721175464
34122.627721175464
34122.627721175464
34122.627721175464
34122.627721175464
34122.627721175464
34122.627721175464
34122.627721175464
34122.627721175464
34122.627721175464
34122.627721175464
34122.627721175464
34122.627721175464
34122.627721175464
33148.47321663798
33148.47321663798
33148.47321663798
33148.47321663798
33148.47321663798
33148.47321663798
33148.47321663798
33148.47321663798
33148.47321663798
33148.47321663798
33148.47321663798
33148.47321663798
33148.47321663798
33148.47321663798
33148.47321663798
33148.47321663798
33148.47321663798
33148.47321663798
33148.47321663798
33148.47321663798
33148.47321663798
33148.47321663798
33148.47321663798
33148.47321663798
33148.47321663798
33148.47321663798
33148.47321663798
33148.47321663798
33148.47321663798
33148.47321663798
33148.47321663798
33148.47321663798
33148.47321663798
33148.47321663798
33148.47321663798
33148.47321663798
33148.47321663798
33148.47321663798
33148.47321663798
33148.47321663798
33148.47321663798
33148.47321663798
33148.47321663798
33148.47321663798
33148.47321663798
33148.47321663798
33148.47321663798
33148.47321663798
33148.47321663798
33148.47321663798
33148.47321663798
33148.47321663798
33148.47321663798
33148.47321663798
33148.47321663798
33148.47321663798
33148.47321663798
33148.47321663798
33148.47321663798
33148.47321663798
33148.47321663798
33148.47321663798
33148.47321663798
33148.47321663798
33148.47321663798
33148.47321663798
33148.47321663798
33148.47321663798
33148.47321663798
33148.47321663798
33148.47321663798
33148.47321663798
33148.47321663798
33148.47321663798
33148.47321663798
33148.47321663798
33148.47321663798
33148.47321663798
33148.47321663798
33148.47321663798
33148.47321663798
33148.47321663798
33148.47321663798
33148.47321663798
33148.47321663798
33148.47321663798
33148.47321663798
33148.47321663798
33148.47321663798
33148.47321663798
33148.47321663798
33148.47321663798
33148.47321663798
33148.47321663798
33148.47321663798
33148.47321663798
33148.47321663798
33148.47321663798
33148.47321663798
33148.47321663798
33148.47321663798
33148.47321663798
33148.47321663798
33148.47321663798
33148.47321663798
33148.47321663798
33148.47321663798
33148.47321663798
33148.47321663798
33148.47321663798
33148.47321663798
33148.47321663798
33148.47321663798
33148.47321663798
33148.47321663798
33148.47321663798
33148.47321663798
33148.47321663798
33148.47321663798
33148.47321663798
33148.47321663798
33148.47321663798
33148.47321663798
33148.47321663798
33148.47321663798
33148.47321663798
33148.47321663798
33148.47321663798
33148.47321663798
33148.47321663798
33148.47321663798
33148.47321663798
33148.47321663798
33148.47321663798
33148.47321663798
33148.47321663798
33148.47321663798
33148.47321663798
33148.47321663798
33148.47321663798
33148.47321663798
33148.47321663798
33148.47321663798
33148.47321663798
33148.47321663798
33148.47321663798
33148.47321663798
33148.47321663798
33148.47321663798
33148.47321663798
33148.47321663798
33148.47321663798
32974.38099219406
32974.38099219406
32974.38099219406
32974.38099219406
32919.98731857561
32919.98731857561
32919.98731857561
32919.98731857561
32919.98731857561
32919.98731857561
32919.98731857561
32919.98731857561
32919.98731857561
32919.98731857561
32919.98731857561
32919.98731857561
32919.98731857561
32919.98731857561
32919.98731857561
32919.98731857561
32919.98731857561
32919.98731857561
32919.98731857561
32919.98731857561
32919.98731857561
32919.98731857561
32919.98731857561
32919.98731857561
32919.98731857561
32919.98731857561
32919.98731857561
32919.98731857561
32919.98731857561
32919.98731857561
32355.63381861228
32355.63381861228
32355.63381861228
32355.63381861228
32355.63381861228
32355.63381861228
32355.63381861228
32355.63381861228
32355.63381861228
32355.63381861228
32355.63381861228
32355.63381861228
32355.63381861228
32355.63381861228
32355.63381861228
32355.63381861228
32355.63381861228
32355.63381861228
32355.63381861228
32355.63381861228
32355.63381861228
32355.63381861228
32355.63381861228
32355.63381861228
32355.63381861228
32355.63381861228
32355.63381861228
32355.63381861228
32355.63381861228
32355.63381861228
32355.63381861228
32355.63381861228
32355.63381861228
32355.63381861228
32355.63381861228
32355.63381861228
32355.63381861228
32355.63381861228
32355.63381861228
32355.63381861228
32355.63381861228
32355.63381861228
32355.63381861228
32355.63381861228
32355.63381861228
32355.63381861228
32355.63381861228
32355.63381861228
32355.63381861228
32355.63381861228
32355.63381861228
32355.63381861228
32355.63381861228
32355.63381861228
32355.63381861228
32355.63381861228
32355.63381861228
32355.63381861228
32355.63381861228
32355.63381861228
32355.63381861228
32355.63381861228
32355.63381861228
32355.63381861228
32355.63381861228
32355.63381861228
32355.63381861228
32355.63381861228
32355.63381861228
32355.63381861228
32355.63381861228
32355.63381861228
32355.63381861228
32355.63381861228
32355.63381861228
32355.63381861228
32355.63381861228
32355.63381861228
32355.63381861228
32355.63381861228
32355.63381861228
32355.63381861228
32355.63381861228
32355.63381861228
32355.63381861228
32355.63381861228
32355.63381861228
32355.63381861228
32355.63381861228
32355.63381861228
32355.63381861228
32355.63381861228
32355.63381861228
32355.63381861228
32273.064470141173
32273.064470141173
32273.064470141173
32273.064470141173
32273.064470141173
32273.064470141173
32273.064470141173
32273.064470141173
32273.064470141173
32273.064470141173
32273.064470141173
32273.064470141173
32273.064470141173
32273.064470141173
32273.064470141173
32273.064470141173
32273.064470141173
32067.603837412164
32067.603837412164
32067.603837412164
32067.603837412164
32067.603837412164
32067.603837412164
32067.603837412164
32067.603837412164
32067.603837412164
32067.603837412164
32067.603837412164
32067.603837412164
32067.603837412164
32067.603837412164
32067.603837412164
31976.607304493187
31976.607304493187
31976.607304493187
31976.607304493187
31976.607304493187
31976.607304493187
31976.607304493187
31976.607304493187
31976.607304493187
31976.607304493187
31976.607304493187
31976.607304493187
31976.607304493187
31976.607304493187
31976.607304493187
31976.607304493187
31976.607304493187
31976.607304493187
31976.607304493187
31976.607304493187
31976.607304493187
31976.607304493187
31976.607304493187
31976.607304493187
31976.607304493187
31976.607304493187
31976.607304493187
31976.607304493187
31976.607304493187
31976.607304493187
31976.607304493187
31976.607304493187
31976.607304493187
31976.607304493187
31976.607304493187
31976.607304493187
31976.607304493187
31976.607304493187
31976.607304493187
31976.607304493187
31976.607304493187
31976.607304493187
31976.607304493187
31976.607304493187
31976.607304493187
31976.607304493187
31976.607304493187
31976.607304493187
31976.607304493187
31976.607304493187
31976.607304493187
31976.607304493187
31976.607304493187
31976.607304493187
31976.607304493187
30686.074784445478
30686.074784445478
30686.074784445478
30686.074784445478
30686.074784445478
30686.074784445478
30686.074784445478
30686.074784445478
30686.074784445478
30686.074784445478
30686.074784445478
30686.074784445478
30686.074784445478
30686.074784445478
30686.074784445478
30686.074784445478
30686.074784445478
30686.074784445478
30686.074784445478
30686.074784445478
30686.074784445478
30686.074784445478
30686.074784445478
30686.074784445478
30686.074784445478
30686.074784445478
30686.074784445478
30686.074784445478
30686.074784445478
30686.074784445478
30686.074784445478
30686.074784445478
30686.074784445478
30686.074784445478
30686.074784445478
30686.074784445478
30686.074784445478
30686.074784445478
30686.074784445478
30686.074784445478
30686.074784445478
30686.074784445478
30686.074784445478
30686.074784445478
30686.074784445478
30686.074784445478
30686.074784445478
30686.074784445478
30686.074784445478
30686.074784445478
30686.074784445478
30686.074784445478
30686.074784445478
30686.074784445478
30686.074784445478
30686.074784445478
30686.074784445478
30686.074784445478
30686.074784445478
30686.074784445478
30686.074784445478
30686.074784445478
30686.074784445478
30686.074784445478
30686.074784445478
30686.074784445478
30686.074784445478
30686.074784445478
30686.074784445478
30686.074784445478
30686.074784445478
30686.074784445478
30686.074784445478
30686.074784445478
30686.074784445478
30686.074784445478
30686.074784445478
30686.074784445478
30686.074784445478
30686.074784445478
30686.074784445478
30686.074784445478
30686.074784445478
30686.074784445478
30686.074784445478
30686.074784445478
30686.074784445478
30686.074784445478
30686.074784445478
30686.074784445478
30686.074784445478
30686.074784445478
30686.074784445478
30686.074784445478
30686.074784445478
30686.074784445478
30686.074784445478
30686.074784445478
30686.074784445478
30686.074784445478
30686.074784445478
30686.074784445478
30686.074784445478
30686.074784445478
30686.074784445478
30686.074784445478
30686.074784445478
30686.074784445478
30686.074784445478
30686.074784445478
30686.074784445478
30686.074784445478
30686.074784445478
30686.074784445478
30686.074784445478
30686.074784445478
30686.074784445478
30686.074784445478
30686.074784445478
30686.074784445478
30686.074784445478
30686.074784445478
30686.074784445478
30686.074784445478
30686.074784445478
30686.074784445478
30686.074784445478
30686.074784445478
30686.074784445478
30686.074784445478
30686.074784445478
30686.074784445478
30686.074784445478
30686.074784445478
30686.074784445478
30686.074784445478
30686.074784445478
30686.074784445478
30686.074784445478
30686.074784445478
30686.074784445478
30686.074784445478
30686.074784445478
30686.074784445478
30686.074784445478
30686.074784445478
30686.074784445478
30686.074784445478
30686.074784445478
30686.074784445478
30686.074784445478
30686.074784445478
30686.074784445478
30686.074784445478
30686.074784445478
30686.074784445478
30686.074784445478
30686.074784445478
30686.074784445478
30686.074784445478
30686.074784445478
30686.074784445478
30686.074784445478
30686.074784445478
30686.074784445478
30686.074784445478
30686.074784445478
30686.074784445478
30686.074784445478
30686.074784445478
30686.074784445478
30686.074784445478
30686.074784445478
30686.074784445478
30686.074784445478
30686.074784445478
30686.074784445478
30686.074784445478
30686.074784445478
30686.074784445478
30686.074784445478
30686.074784445478
30686.074784445478
30686.074784445478
30686.074784445478
30686.074784445478
30686.074784445478
30686.074784445478
30686.074784445478
Time: 113.28164410591125 seconds 
Best solution: 30686.074784445478 [50, 56, 45, 48, 40, 53, 63, 81, 76, 73, 72, 82, 85, 70, 90, 69, 79, 67, 68, 86, 96, 98, 84, 77, 39, 97, 34, 94, 66, 64, 102, 71, 95, 61, 88, 74, 93, 101, 75, 89, 80, 41, 83, 62, 60, 43, 38, 87, 99, 92, 51, 91, 100, 58, 35, 78, 65, 12, 17, 5, 4, 14, 13, 9, 8, 16, 36, 37, 21, 33, 24, 19, 103, 15, 29, 22, 31, 3, 2, 10, 6, 7, 1, 11, 27, 30, 20, 23, 32, 28, 26, 18, 25, 46, 104, 49, 55, 105, 54, 52, 42, 47, 44, 57, 59]
Avg solution: 45160.70322029473