Alg:2, Run: 6, file: C:\Users\gabri\Documents\AN 3 SEM 2\AI\Lab\Lab3\\lin105.tsp, population number: 1000, generations: 2500 
105888.7911682805
105270.85109360518
103354.34688909107
103354.34688909107
103354.34688909107
101780.83917105001
100752.67402206227
100752.67402206227
100276.41450807876
95988.46616668228
95988.46616668228
95988.46616668228
95988.46616668228
95988.46616668228
95988.46616668228
93756.18013211846
93756.18013211846
93756.18013211846
93756.18013211846
93756.18013211846
93756.18013211846
93756.18013211846
93756.18013211846
93633.46848288673
92505.22499441233
92505.22499441233
92505.22499441233
92505.22499441233
88016.49999251902
88016.49999251902
88016.49999251902
88016.49999251902
88016.49999251902
88016.49999251902
88016.49999251902
88016.49999251902
88016.49999251902
85393.71477191629
85393.71477191629
85393.71477191629
85393.71477191629
84659.02628127762
84659.02628127762
84659.02628127762
84659.02628127762
84659.02628127762
84659.02628127762
84659.02628127762
84659.02628127762
84659.02628127762
84659.02628127762
84659.02628127762
84659.02628127762
84659.02628127762
84659.02628127762
84659.02628127762
84659.02628127762
84659.02628127762
84659.02628127762
84659.02628127762
84659.02628127762
84659.02628127762
84659.02628127762
84659.02628127762
84659.02628127762
84659.02628127762
84659.02628127762
84659.02628127762
84659.02628127762
84659.02628127762
84659.02628127762
84659.02628127762
84659.02628127762
84659.02628127762
83967.98515327835
83967.98515327835
83967.98515327835
83967.98515327835
83967.98515327835
83967.98515327835
83967.98515327835
83967.98515327835
83967.98515327835
83897.77355864692
83897.77355864692
83897.77355864692
82665.25601022945
82665.25601022945
82665.25601022945
82665.25601022945
82665.25601022945
82665.25601022945
82665.25601022945
82665.25601022945
82665.25601022945
82665.25601022945
82665.25601022945
82665.25601022945
82665.25601022945
82665.25601022945
82507.12092832237
82507.12092832237
82507.12092832237
80680.19893590164
80680.19893590164
80680.19893590164
80680.19893590164
80680.19893590164
80680.19893590164
80680.19893590164
80680.19893590164
80680.19893590164
80680.19893590164
80680.19893590164
80680.19893590164
80680.19893590164
79749.14372605884
79749.14372605884
79749.14372605884
79749.14372605884
79749.14372605884
79749.14372605884
79749.14372605884
79749.14372605884
79749.14372605884
79749.14372605884
79749.14372605884
79749.14372605884
79749.14372605884
79749.14372605884
79749.14372605884
79749.14372605884
79749.14372605884
79749.14372605884
79749.14372605884
79749.14372605884
79749.14372605884
79749.14372605884
79749.14372605884
79749.14372605884
79749.14372605884
79749.14372605884
79749.14372605884
79749.14372605884
79749.14372605884
79749.14372605884
79749.14372605884
79749.14372605884
77052.68194038256
77052.68194038256
77052.68194038256
77052.68194038256
77052.68194038256
77052.68194038256
77052.68194038256
77052.68194038256
77052.68194038256
77052.68194038256
77052.68194038256
77052.68194038256
77052.68194038256
77052.68194038256
77052.68194038256
77052.68194038256
77052.68194038256
77052.68194038256
77052.68194038256
77052.68194038256
77052.68194038256
77052.68194038256
77052.68194038256
77052.68194038256
77052.68194038256
77052.68194038256
77052.68194038256
77052.68194038256
77052.68194038256
77052.68194038256
77052.68194038256
77052.68194038256
77052.68194038256
77052.68194038256
77052.68194038256
77052.68194038256
77052.68194038256
77052.68194038256
77052.68194038256
77052.68194038256
77052.68194038256
77052.68194038256
77052.68194038256
77052.68194038256
77052.68194038256
77052.68194038256
77052.68194038256
77052.68194038256
77052.68194038256
77046.74014352742
76672.11769437362
76672.11769437362
76672.11769437362
75702.93435000214
75702.93435000214
75702.93435000214
75702.93435000214
75702.93435000214
75702.93435000214
75702.93435000214
75702.93435000214
75702.93435000214
75702.93435000214
75702.93435000214
75702.93435000214
75702.93435000214
75702.93435000214
75702.93435000214
75702.93435000214
75702.93435000214
75702.93435000214
75702.93435000214
75702.93435000214
75409.88217104434
75409.88217104434
75409.88217104434
74815.28165452126
74815.28165452126
74815.28165452126
74815.28165452126
74815.28165452126
74580.78555669442
74580.78555669442
74580.78555669442
74580.78555669442
74580.78555669442
74580.78555669442
74580.78555669442
74580.78555669442
74580.78555669442
74580.78555669442
74580.78555669442
74580.78555669442
74580.78555669442
74580.78555669442
73141.21499454652
73141.21499454652
73141.21499454652
73141.21499454652
73141.21499454652
73141.21499454652
73141.21499454652
73141.21499454652
73141.21499454652
73141.21499454652
73141.21499454652
73141.21499454652
73141.21499454652
73141.21499454652
73141.21499454652
73141.21499454652
73141.21499454652
73141.21499454652
73141.21499454652
73141.21499454652
73141.21499454652
73141.21499454652
73141.21499454652
73141.21499454652
73141.21499454652
73141.21499454652
73141.21499454652
73141.21499454652
73141.21499454652
73141.21499454652
73141.21499454652
73141.21499454652
73141.21499454652
73141.21499454652
73141.21499454652
73141.21499454652
73141.21499454652
72345.77646737518
72345.77646737518
72345.77646737518
72345.77646737518
72345.77646737518
72345.77646737518
72345.77646737518
72345.77646737518
72345.77646737518
72345.77646737518
72345.77646737518
72345.77646737518
72345.77646737518
72345.77646737518
72345.77646737518
72345.77646737518
72345.77646737518
71760.12270772213
71760.12270772213
71760.12270772213
71760.12270772213
71760.12270772213
71760.12270772213
71760.12270772213
71760.12270772213
71135.04879817343
71135.04879817343
71135.04879817343
71135.04879817343
70744.3692057764
70744.3692057764
70744.3692057764
70744.3692057764
70744.3692057764
70744.3692057764
70744.3692057764
70744.3692057764
70744.3692057764
70744.3692057764
70744.3692057764
70744.3692057764
70744.3692057764
70744.3692057764
70744.3692057764
70744.3692057764
70744.3692057764
70744.3692057764
70744.3692057764
70744.3692057764
70744.3692057764
70744.3692057764
70744.3692057764
70744.3692057764
70744.3692057764
70744.3692057764
70744.3692057764
70744.3692057764
70744.3692057764
70744.3692057764
70744.3692057764
70744.3692057764
70744.3692057764
70744.3692057764
70744.3692057764
70744.3692057764
70744.3692057764
70744.3692057764
70744.3692057764
70744.3692057764
70744.3692057764
70744.3692057764
70744.3692057764
70545.55023104911
70545.55023104911
70545.55023104911
67654.99906202791
67654.99906202791
67654.99906202791
67654.99906202791
67654.99906202791
67654.99906202791
67654.99906202791
67654.99906202791
67654.99906202791
67654.99906202791
67654.99906202791
67654.99906202791
67654.99906202791
67654.99906202791
67654.99906202791
67654.99906202791
67654.99906202791
67654.99906202791
67654.99906202791
67654.99906202791
67654.99906202791
67654.99906202791
67654.99906202791
67654.99906202791
67654.99906202791
67654.99906202791
67654.99906202791
67654.99906202791
67654.99906202791
67654.99906202791
67654.99906202791
67654.99906202791
67654.99906202791
67654.99906202791
67654.99906202791
67654.99906202791
67654.99906202791
67654.99906202791
67654.99906202791
67654.99906202791
67654.99906202791
67654.99906202791
67654.99906202791
67654.99906202791
67654.99906202791
67654.99906202791
67654.99906202791
67654.99906202791
67654.99906202791
67654.99906202791
67654.99906202791
67654.99906202791
66598.84209123066
66598.84209123066
66598.84209123066
66598.84209123066
66598.84209123066
66598.84209123066
66598.84209123066
66598.84209123066
66598.84209123066
66598.84209123066
66598.84209123066
66598.84209123066
66598.84209123066
66598.84209123066
66598.84209123066
66598.84209123066
66598.84209123066
66598.84209123066
66598.84209123066
66598.84209123066
66598.84209123066
66598.84209123066
66598.84209123066
66598.84209123066
66598.84209123066
66598.84209123066
66598.84209123066
66598.84209123066
66598.84209123066
66598.84209123066
66598.84209123066
66598.84209123066
66598.84209123066
66598.84209123066
66598.84209123066
66598.84209123066
66598.84209123066
66598.84209123066
66598.84209123066
66598.84209123066
66598.84209123066
66598.84209123066
66597.00572808634
66597.00572808634
66597.00572808634
66597.00572808634
66597.00572808634
65957.48722355544
65957.48722355544
65957.48722355544
65957.48722355544
65957.48722355544
65957.48722355544
62815.527811050386
62815.527811050386
62815.527811050386
62815.527811050386
62815.527811050386
62155.87830507749
62155.87830507749
62155.87830507749
62155.87830507749
62155.87830507749
62155.87830507749
62155.87830507749
62155.87830507749
62155.87830507749
62155.87830507749
59180.217418746324
59180.217418746324
59180.217418746324
59180.217418746324
59180.217418746324
59180.217418746324
59180.217418746324
59180.217418746324
59180.217418746324
59180.217418746324
59180.217418746324
59180.217418746324
59180.217418746324
59180.217418746324
59180.217418746324
59180.217418746324
59180.217418746324
59180.217418746324
59180.217418746324
59180.217418746324
59180.217418746324
59180.217418746324
59180.217418746324
59180.217418746324
59180.217418746324
59180.217418746324
59180.217418746324
59180.217418746324
59180.217418746324
59180.217418746324
59180.217418746324
59180.217418746324
59180.217418746324
59180.217418746324
59180.217418746324
59180.217418746324
59180.217418746324
59180.217418746324
59180.217418746324
59180.217418746324
59180.217418746324
59180.217418746324
59180.217418746324
59180.217418746324
59180.217418746324
59180.217418746324
59180.217418746324
59180.217418746324
59180.217418746324
59180.217418746324
59180.217418746324
59180.217418746324
59180.217418746324
59180.217418746324
59180.217418746324
59180.217418746324
59180.217418746324
59180.217418746324
59180.217418746324
59180.217418746324
59180.217418746324
59180.217418746324
59180.217418746324
59180.217418746324
59180.217418746324
59180.217418746324
59180.217418746324
59180.217418746324
59180.217418746324
59180.217418746324
59180.217418746324
59180.217418746324
59180.217418746324
59180.217418746324
59180.217418746324
59180.217418746324
59180.217418746324
59180.217418746324
59180.217418746324
59180.217418746324
59180.217418746324
59180.217418746324
59180.217418746324
59180.217418746324
59180.217418746324
59180.217418746324
58846.88510967239
58846.88510967239
58846.88510967239
58846.88510967239
58846.88510967239
58496.7495395622
58496.7495395622
58496.7495395622
58496.7495395622
58496.7495395622
58496.7495395622
58496.7495395622
57739.978475192635
57739.978475192635
57739.978475192635
57739.978475192635
57739.978475192635
57739.978475192635
57739.978475192635
57739.978475192635
57739.978475192635
57739.978475192635
57739.978475192635
57739.978475192635
57739.978475192635
57739.978475192635
57739.978475192635
57739.978475192635
57739.978475192635
57739.978475192635
57739.978475192635
57739.978475192635
57484.23216603585
57484.23216603585
57484.23216603585
57484.23216603585
57484.23216603585
57484.23216603585
57484.23216603585
57484.23216603585
57484.23216603585
57484.23216603585
57484.23216603585
57484.23216603585
57484.23216603585
57484.23216603585
57484.23216603585
57484.23216603585
57484.23216603585
57484.23216603585
57484.23216603585
57484.23216603585
57484.23216603585
57484.23216603585
57484.23216603585
57484.23216603585
57484.23216603585
57484.23216603585
57484.23216603585
57484.23216603585
57484.23216603585
57484.23216603585
56460.45617014763
56460.45617014763
56460.45617014763
56460.45617014763
56460.45617014763
56460.45617014763
56460.45617014763
56460.45617014763
56460.45617014763
56460.45617014763
56460.45617014763
56460.45617014763
56460.45617014763
56460.45617014763
56460.45617014763
56460.45617014763
56460.45617014763
56460.45617014763
56460.45617014763
56460.45617014763
56460.45617014763
56460.45617014763
56460.45617014763
56460.45617014763
56460.45617014763
56460.45617014763
55847.392463719945
55847.392463719945
55847.392463719945
55847.392463719945
55847.392463719945
55847.392463719945
55847.392463719945
55847.392463719945
55847.392463719945
55847.392463719945
55847.392463719945
55847.392463719945
55847.392463719945
55847.392463719945
55847.392463719945
55847.392463719945
54385.29711418842
54385.29711418842
54385.29711418842
54385.29711418842
54385.29711418842
54385.29711418842
54385.29711418842
54385.29711418842
53818.03573855491
53818.03573855491
53818.03573855491
53818.03573855491
53818.03573855491
53818.03573855491
53818.03573855491
53818.03573855491
53818.03573855491
53818.03573855491
53818.03573855491
53818.03573855491
53818.03573855491
53818.03573855491
53818.03573855491
53818.03573855491
53818.03573855491
53818.03573855491
53818.03573855491
53818.03573855491
53818.03573855491
53818.03573855491
53818.03573855491
53818.03573855491
53818.03573855491
53818.03573855491
53818.03573855491
53818.03573855491
53818.03573855491
53818.03573855491
53818.03573855491
53818.03573855491
53818.03573855491
53818.03573855491
53818.03573855491
53818.03573855491
53818.03573855491
53818.03573855491
53818.03573855491
53818.03573855491
53818.03573855491
53818.03573855491
53818.03573855491
53818.03573855491
53818.03573855491
53818.03573855491
53818.03573855491
53818.03573855491
53818.03573855491
53818.03573855491
53818.03573855491
53818.03573855491
53818.03573855491
53818.03573855491
53818.03573855491
53818.03573855491
53818.03573855491
53818.03573855491
53818.03573855491
53818.03573855491
53818.03573855491
53818.03573855491
53818.03573855491
53818.03573855491
53818.03573855491
53818.03573855491
53818.03573855491
53051.05520798331
53051.05520798331
53051.05520798331
53051.05520798331
53051.05520798331
53051.05520798331
53051.05520798331
53051.05520798331
53051.05520798331
53051.05520798331
53051.05520798331
53051.05520798331
53051.05520798331
53051.05520798331
53051.05520798331
53051.05520798331
53051.05520798331
53051.05520798331
53051.05520798331
53051.05520798331
53051.05520798331
53051.05520798331
53051.05520798331
53051.05520798331
53051.05520798331
53051.05520798331
53051.05520798331
53051.05520798331
53051.05520798331
53051.05520798331
53051.05520798331
53051.05520798331
53051.05520798331
53051.05520798331
53051.05520798331
53051.05520798331
53051.05520798331
53051.05520798331
53051.05520798331
53051.05520798331
53051.05520798331
53051.05520798331
53051.05520798331
53051.05520798331
53051.05520798331
53051.05520798331
53051.05520798331
53051.05520798331
53051.05520798331
53051.05520798331
53051.05520798331
53051.05520798331
53051.05520798331
53051.05520798331
53051.05520798331
53051.05520798331
53051.05520798331
53051.05520798331
53051.05520798331
53051.05520798331
53051.05520798331
53051.05520798331
53051.05520798331
53051.05520798331
53051.05520798331
53051.05520798331
53051.05520798331
53051.05520798331
53051.05520798331
53051.05520798331
53051.05520798331
53051.05520798331
53051.05520798331
53051.05520798331
53051.05520798331
53051.05520798331
53051.05520798331
53051.05520798331
53051.05520798331
53051.05520798331
53051.05520798331
53051.05520798331
53051.05520798331
53051.05520798331
53051.05520798331
53051.05520798331
53051.05520798331
53051.05520798331
53051.05520798331
53051.05520798331
53051.05520798331
53051.05520798331
53051.05520798331
53051.05520798331
53051.05520798331
53051.05520798331
53051.05520798331
53051.05520798331
53051.05520798331
53051.05520798331
53051.05520798331
52771.29124577801
52771.29124577801
52771.29124577801
52771.29124577801
52771.29124577801
52771.29124577801
52771.29124577801
52771.29124577801
52771.29124577801
51249.58040163418
51249.58040163418
51249.58040163418
51249.58040163418
50917.32020856938
50917.32020856938
50917.32020856938
50917.32020856938
50917.32020856938
50917.32020856938
50917.32020856938
50917.32020856938
50917.32020856938
50917.32020856938
50917.32020856938
50917.32020856938
48255.31999193924
48255.31999193924
48255.31999193924
48255.31999193924
48255.31999193924
48255.31999193924
48255.31999193924
48255.31999193924
48255.31999193924
48255.31999193924
48255.31999193924
48255.31999193924
48255.31999193924
48255.31999193924
48255.31999193924
48255.31999193924
48255.31999193924
48255.31999193924
48255.31999193924
48255.31999193924
48255.31999193924
48255.31999193924
48255.31999193924
48255.31999193924
48255.31999193924
48255.31999193924
48255.31999193924
48255.31999193924
48255.31999193924
48255.31999193924
48255.31999193924
48255.31999193924
48255.31999193924
48255.31999193924
48255.31999193924
48255.31999193924
48255.31999193924
48255.31999193924
48255.31999193924
48255.31999193924
48255.31999193924
48255.31999193924
48255.31999193924
48255.31999193924
48255.31999193924
48255.31999193924
48255.31999193924
48255.31999193924
48255.31999193924
48255.31999193924
48255.31999193924
48255.31999193924
48255.31999193924
48255.31999193924
48255.31999193924
48255.31999193924
48255.31999193924
48255.31999193924
48255.31999193924
48255.31999193924
48255.31999193924
48255.31999193924
48255.31999193924
48255.31999193924
48255.31999193924
48255.31999193924
48255.31999193924
48255.31999193924
48255.31999193924
48255.31999193924
48255.31999193924
48255.31999193924
48255.31999193924
48255.31999193924
48255.31999193924
48255.31999193924
48255.31999193924
48255.31999193924
48255.31999193924
48255.31999193924
48255.31999193924
48255.31999193924
48255.31999193924
48255.31999193924
48255.31999193924
48255.31999193924
48255.31999193924
48255.31999193924
48255.31999193924
48255.31999193924
48255.31999193924
48255.31999193924
48255.31999193924
48255.31999193924
48255.31999193924
48255.31999193924
48255.31999193924
48255.31999193924
48255.31999193924
48255.31999193924
48255.31999193924
48255.31999193924
48255.31999193924
48255.31999193924
48255.31999193924
48255.31999193924
48255.31999193924
48255.31999193924
48255.31999193924
48255.31999193924
48255.31999193924
48255.31999193924
48255.31999193924
48255.31999193924
48255.31999193924
48255.31999193924
48255.31999193924
48255.31999193924
48255.31999193924
48255.31999193924
48255.31999193924
48255.31999193924
48255.31999193924
48255.31999193924
48255.31999193924
48255.31999193924
48255.31999193924
48255.31999193924
48255.31999193924
48255.31999193924
48255.31999193924
48255.31999193924
48255.31999193924
48255.31999193924
48255.31999193924
48255.31999193924
48255.31999193924
48255.31999193924
48255.31999193924
48255.31999193924
48255.31999193924
48255.31999193924
48255.31999193924
48255.31999193924
48255.31999193924
48255.31999193924
48255.31999193924
48255.31999193924
48255.31999193924
48255.31999193924
48255.31999193924
48255.31999193924
48255.31999193924
48255.31999193924
48255.31999193924
48020.99785643
48020.99785643
48020.99785643
48020.99785643
48020.99785643
48020.99785643
48020.99785643
48020.99785643
47159.84107152744
47159.84107152744
47159.84107152744
47159.84107152744
47159.84107152744
47159.84107152744
47159.84107152744
47159.84107152744
47159.84107152744
47159.84107152744
47159.84107152744
47159.84107152744
47159.84107152744
47159.84107152744
47159.84107152744
47159.84107152744
47159.84107152744
47159.84107152744
47159.84107152744
47159.84107152744
47159.84107152744
47159.84107152744
47159.84107152744
47159.84107152744
47159.84107152744
47159.84107152744
47159.84107152744
47159.84107152744
47159.84107152744
47159.84107152744
47159.84107152744
47159.84107152744
47159.84107152744
47159.84107152744
47159.84107152744
47159.84107152744
47159.84107152744
47159.84107152744
47159.84107152744
47159.84107152744
47159.84107152744
47159.84107152744
47159.84107152744
47159.84107152744
47159.84107152744
47159.84107152744
47159.84107152744
47159.84107152744
47159.84107152744
47159.84107152744
47159.84107152744
47159.84107152744
47159.84107152744
47159.84107152744
47159.84107152744
47159.84107152744
47159.84107152744
47159.84107152744
47159.84107152744
47159.84107152744
47159.84107152744
47159.84107152744
47159.84107152744
47159.84107152744
47159.84107152744
47159.84107152744
47159.84107152744
47159.84107152744
47159.84107152744
47159.84107152744
47159.84107152744
47159.84107152744
47159.84107152744
47159.84107152744
47159.84107152744
47159.84107152744
47159.84107152744
47159.84107152744
47159.84107152744
47159.84107152744
47159.84107152744
47159.84107152744
47159.84107152744
47159.84107152744
47159.84107152744
47159.84107152744
47159.84107152744
47159.84107152744
47159.84107152744
47159.84107152744
47159.84107152744
47159.84107152744
47159.84107152744
47159.84107152744
47159.84107152744
47159.84107152744
47159.84107152744
47159.84107152744
47159.84107152744
47159.84107152744
47159.84107152744
47159.84107152744
47159.84107152744
47159.84107152744
47159.84107152744
47159.84107152744
47159.84107152744
47159.84107152744
47159.84107152744
47159.84107152744
47159.84107152744
47159.84107152744
47159.84107152744
47159.84107152744
47159.84107152744
47159.84107152744
47159.84107152744
47159.84107152744
47159.84107152744
47159.84107152744
47159.84107152744
47159.84107152744
47159.84107152744
47159.84107152744
47159.84107152744
47159.84107152744
47159.84107152744
47159.84107152744
47159.84107152744
47159.84107152744
47159.84107152744
47159.84107152744
47159.84107152744
47159.84107152744
47159.84107152744
47159.84107152744
47159.84107152744
47159.84107152744
47159.84107152744
47159.84107152744
47159.84107152744
46773.56131801649
46773.56131801649
46773.56131801649
46773.56131801649
46773.56131801649
46773.56131801649
46773.56131801649
46773.56131801649
46773.56131801649
46773.56131801649
46773.56131801649
46773.56131801649
46773.56131801649
46773.56131801649
46773.56131801649
46773.56131801649
46773.56131801649
46773.56131801649
46773.56131801649
46773.56131801649
46773.56131801649
46773.56131801649
46773.56131801649
46773.56131801649
46773.56131801649
46773.56131801649
46773.56131801649
46773.56131801649
46773.56131801649
46773.56131801649
46773.56131801649
46773.56131801649
46773.56131801649
46773.56131801649
46773.56131801649
46773.56131801649
46773.56131801649
46773.56131801649
46773.56131801649
46773.56131801649
46773.56131801649
46773.56131801649
46773.56131801649
46773.56131801649
46773.56131801649
46773.56131801649
46773.56131801649
46773.56131801649
46773.56131801649
46773.56131801649
46773.56131801649
46773.56131801649
46773.56131801649
46773.56131801649
46773.56131801649
46136.568805456795
46136.568805456795
46136.568805456795
46136.568805456795
46136.568805456795
46136.568805456795
46136.568805456795
46136.568805456795
46136.568805456795
46136.568805456795
46136.568805456795
46136.568805456795
46136.568805456795
46136.568805456795
46136.568805456795
46136.568805456795
46136.568805456795
46136.568805456795
46136.568805456795
46136.568805456795
46136.568805456795
46136.568805456795
46136.568805456795
45743.9987250335
45743.9987250335
45743.9987250335
45743.9987250335
45743.9987250335
45743.9987250335
45743.9987250335
45743.9987250335
45743.9987250335
45743.9987250335
45743.9987250335
45743.9987250335
45743.9987250335
45743.9987250335
45743.9987250335
45743.9987250335
45743.9987250335
45743.9987250335
45743.9987250335
45743.9987250335
45743.9987250335
45743.9987250335
45743.9987250335
45743.9987250335
45743.9987250335
45743.9987250335
45743.9987250335
45743.9987250335
45743.9987250335
44570.26893818743
44570.26893818743
44570.26893818743
44570.26893818743
44570.26893818743
44570.26893818743
44570.26893818743
44570.26893818743
44570.26893818743
44570.26893818743
44570.26893818743
44570.26893818743
44570.26893818743
44570.26893818743
44570.26893818743
44570.26893818743
44570.26893818743
44570.26893818743
44570.26893818743
44570.26893818743
44570.26893818743
44570.26893818743
44570.26893818743
44570.26893818743
44570.26893818743
44570.26893818743
44570.26893818743
44570.26893818743
44570.26893818743
44570.26893818743
44570.26893818743
44570.26893818743
44570.26893818743
44570.26893818743
44570.26893818743
44570.26893818743
44570.26893818743
44570.26893818743
44570.26893818743
44570.26893818743
44570.26893818743
44570.26893818743
44570.26893818743
44570.26893818743
44570.26893818743
44570.26893818743
44570.26893818743
44570.26893818743
44570.26893818743
44570.26893818743
44570.26893818743
44570.26893818743
44570.26893818743
44570.26893818743
44570.26893818743
44570.26893818743
44570.26893818743
44570.26893818743
44570.26893818743
44570.26893818743
44570.26893818743
44570.26893818743
44570.26893818743
44570.26893818743
44570.26893818743
44570.26893818743
44570.26893818743
44570.26893818743
44570.26893818743
44570.26893818743
44570.26893818743
44570.26893818743
44570.26893818743
44570.26893818743
44570.26893818743
44570.26893818743
44570.26893818743
44570.26893818743
44570.26893818743
44570.26893818743
44570.26893818743
44570.26893818743
44570.26893818743
44570.26893818743
44570.26893818743
44570.26893818743
44570.26893818743
44570.26893818743
44570.26893818743
44570.26893818743
44570.26893818743
44570.26893818743
44570.26893818743
44570.26893818743
44570.26893818743
44570.26893818743
44570.26893818743
44570.26893818743
44570.26893818743
44570.26893818743
44570.26893818743
44570.26893818743
44570.26893818743
44570.26893818743
44570.26893818743
44570.26893818743
44570.26893818743
44570.26893818743
44570.26893818743
44570.26893818743
44570.26893818743
43320.28250479744
43320.28250479744
43320.28250479744
43320.28250479744
43320.28250479744
43320.28250479744
43320.28250479744
43320.28250479744
43320.28250479744
43320.28250479744
43320.28250479744
43320.28250479744
43320.28250479744
43320.28250479744
43320.28250479744
43320.28250479744
43320.28250479744
43320.28250479744
43320.28250479744
43320.28250479744
43320.28250479744
43320.28250479744
43320.28250479744
43320.28250479744
43320.28250479744
43320.28250479744
43320.28250479744
43320.28250479744
43320.28250479744
43320.28250479744
43320.28250479744
43320.28250479744
43320.28250479744
43320.28250479744
43320.28250479744
43320.28250479744
43320.28250479744
43320.28250479744
43320.28250479744
43320.28250479744
43320.28250479744
43320.28250479744
43320.28250479744
43320.28250479744
43320.28250479744
43320.28250479744
43320.28250479744
43320.28250479744
43320.28250479744
43320.28250479744
43320.28250479744
43320.28250479744
43320.28250479744
43320.28250479744
43320.28250479744
43320.28250479744
43320.28250479744
43320.28250479744
43320.28250479744
43320.28250479744
43320.28250479744
43320.28250479744
43320.28250479744
43320.28250479744
43320.28250479744
43320.28250479744
43320.28250479744
43320.28250479744
43320.28250479744
43320.28250479744
43320.28250479744
43320.28250479744
43320.28250479744
43320.28250479744
43320.28250479744
43320.28250479744
43320.28250479744
43320.28250479744
43320.28250479744
43320.28250479744
43320.28250479744
43320.28250479744
43320.28250479744
43320.28250479744
43320.28250479744
43320.28250479744
43320.28250479744
43320.28250479744
43320.28250479744
43320.28250479744
43149.658692648714
43149.658692648714
43149.658692648714
43149.658692648714
43149.658692648714
43149.658692648714
43149.658692648714
43149.658692648714
43149.658692648714
43149.658692648714
43149.658692648714
43149.658692648714
43149.658692648714
43149.658692648714
43149.658692648714
43149.658692648714
43149.658692648714
43149.658692648714
43149.658692648714
43149.658692648714
43149.658692648714
43149.658692648714
43149.658692648714
43149.658692648714
43149.658692648714
43149.658692648714
43149.658692648714
43149.658692648714
43149.658692648714
43149.658692648714
43149.658692648714
43149.658692648714
43149.658692648714
43149.658692648714
43149.658692648714
43149.658692648714
43149.658692648714
43149.658692648714
43149.658692648714
43149.658692648714
43149.658692648714
43149.658692648714
43149.658692648714
43149.658692648714
43149.658692648714
43149.658692648714
43149.658692648714
43149.658692648714
43149.658692648714
43149.658692648714
43149.658692648714
43149.658692648714
43149.658692648714
43149.658692648714
43149.658692648714
41456.33657965624
41456.33657965624
41456.33657965624
41456.33657965624
41456.33657965624
41456.33657965624
41456.33657965624
41456.33657965624
41456.33657965624
41456.33657965624
41456.33657965624
41456.33657965624
41456.33657965624
41456.33657965624
41456.33657965624
41456.33657965624
41456.33657965624
41456.33657965624
41456.33657965624
41456.33657965624
41456.33657965624
41456.33657965624
41456.33657965624
41456.33657965624
41456.33657965624
41456.33657965624
41456.33657965624
41456.33657965624
41456.33657965624
41456.33657965624
41456.33657965624
41456.33657965624
41456.33657965624
41456.33657965624
41456.33657965624
41456.33657965624
41456.33657965624
41456.33657965624
41456.33657965624
41456.33657965624
41456.33657965624
41456.33657965624
41456.33657965624
41456.33657965624
41456.33657965624
41456.33657965624
41456.33657965624
41456.33657965624
41456.33657965624
41456.33657965624
41456.33657965624
41456.33657965624
41456.33657965624
41456.33657965624
41456.33657965624
41456.33657965624
41456.33657965624
41456.33657965624
41456.33657965624
41456.33657965624
41456.33657965624
41456.33657965624
41456.33657965624
41456.33657965624
41456.33657965624
41456.33657965624
41456.33657965624
41456.33657965624
41456.33657965624
41456.33657965624
41456.33657965624
41456.33657965624
41456.33657965624
41456.33657965624
41456.33657965624
41456.33657965624
41456.33657965624
41456.33657965624
41456.33657965624
41456.33657965624
41456.33657965624
41456.33657965624
41456.33657965624
41456.33657965624
41456.33657965624
41456.33657965624
41456.33657965624
41456.33657965624
41456.33657965624
41456.33657965624
41456.33657965624
41456.33657965624
41456.33657965624
41456.33657965624
41456.33657965624
41456.33657965624
41456.33657965624
41456.33657965624
41456.33657965624
41456.33657965624
41456.33657965624
41456.33657965624
41456.33657965624
41456.33657965624
41456.33657965624
41456.33657965624
41456.33657965624
41456.33657965624
41456.33657965624
41456.33657965624
41456.33657965624
41456.33657965624
41456.33657965624
41456.33657965624
41456.33657965624
41456.33657965624
41456.33657965624
41456.33657965624
41456.33657965624
41456.33657965624
41456.33657965624
41456.33657965624
41456.33657965624
41456.33657965624
41456.33657965624
41456.33657965624
41456.33657965624
41456.33657965624
41456.33657965624
41456.33657965624
41456.33657965624
41456.33657965624
41456.33657965624
41456.33657965624
41456.33657965624
41456.33657965624
41456.33657965624
41456.33657965624
41456.33657965624
41456.33657965624
41456.33657965624
41456.33657965624
41456.33657965624
41456.33657965624
41456.33657965624
41456.33657965624
41456.33657965624
41456.33657965624
41456.33657965624
41456.33657965624
41456.33657965624
41456.33657965624
41456.33657965624
41456.33657965624
41456.33657965624
41456.33657965624
41456.33657965624
41456.33657965624
41456.33657965624
41456.33657965624
41456.33657965624
41456.33657965624
41456.33657965624
41456.33657965624
41456.33657965624
41456.33657965624
41456.33657965624
41456.33657965624
41456.33657965624
41456.33657965624
41456.33657965624
41456.33657965624
41456.33657965624
41456.33657965624
41456.33657965624
41456.33657965624
41456.33657965624
41456.33657965624
41456.33657965624
41456.33657965624
41456.33657965624
41456.33657965624
41456.33657965624
41456.33657965624
41456.33657965624
41456.33657965624
41456.33657965624
41456.33657965624
41456.33657965624
41456.33657965624
41456.33657965624
41456.33657965624
41456.33657965624
41456.33657965624
41456.33657965624
41456.33657965624
41098.86365527729
41098.86365527729
41098.86365527729
41098.86365527729
41098.86365527729
41098.86365527729
41098.86365527729
41098.86365527729
41098.86365527729
41098.86365527729
41098.86365527729
41098.86365527729
41098.86365527729
41098.86365527729
41098.86365527729
41098.86365527729
41098.86365527729
41098.86365527729
41098.86365527729
41098.86365527729
41098.86365527729
41098.86365527729
41098.86365527729
41098.86365527729
41098.86365527729
41098.86365527729
41098.86365527729
41098.86365527729
41098.86365527729
41098.86365527729
41098.86365527729
41098.86365527729
41098.86365527729
41098.86365527729
40042.93406334782
40042.93406334782
40042.93406334782
40042.93406334782
40042.93406334782
40042.93406334782
40042.93406334782
40042.93406334782
40042.93406334782
40042.93406334782
40042.93406334782
40042.93406334782
40042.93406334782
40042.93406334782
40042.93406334782
40042.93406334782
40042.93406334782
40042.93406334782
40042.93406334782
40042.93406334782
40042.93406334782
40042.93406334782
40042.93406334782
39337.51887895842
39337.51887895842
39337.51887895842
39337.51887895842
39337.51887895842
39337.51887895842
39337.51887895842
39337.51887895842
39337.51887895842
39337.51887895842
39312.38153199127
39312.38153199127
39312.38153199127
39312.38153199127
39312.38153199127
37727.28172882255
37727.28172882255
37727.28172882255
37727.28172882255
37727.28172882255
37727.28172882255
37727.28172882255
37727.28172882255
37727.28172882255
37727.28172882255
37727.28172882255
37727.28172882255
37727.28172882255
37727.28172882255
37727.28172882255
37727.28172882255
37727.28172882255
37727.28172882255
37727.28172882255
37727.28172882255
37727.28172882255
37727.28172882255
37727.28172882255
37727.28172882255
37727.28172882255
37727.28172882255
37727.28172882255
37727.28172882255
37727.28172882255
37727.28172882255
37727.28172882255
37727.28172882255
37727.28172882255
37727.28172882255
37727.28172882255
37727.28172882255
37727.28172882255
37727.28172882255
37727.28172882255
37727.28172882255
37727.28172882255
37727.28172882255
37727.28172882255
37727.28172882255
37727.28172882255
37727.28172882255
37727.28172882255
37727.28172882255
37727.28172882255
37727.28172882255
37727.28172882255
37727.28172882255
37727.28172882255
37727.28172882255
37727.28172882255
37727.28172882255
37727.28172882255
37727.28172882255
37727.28172882255
37727.28172882255
37727.28172882255
37727.28172882255
37727.28172882255
37727.28172882255
37727.28172882255
37727.28172882255
37727.28172882255
37727.28172882255
37727.28172882255
37727.28172882255
37727.28172882255
37727.28172882255
37727.28172882255
37727.28172882255
37727.28172882255
37727.28172882255
37727.28172882255
37727.28172882255
37727.28172882255
37727.28172882255
37727.28172882255
37727.28172882255
37727.28172882255
37727.28172882255
37727.28172882255
37727.28172882255
37727.28172882255
37727.28172882255
37727.28172882255
37727.28172882255
37727.28172882255
37727.28172882255
37727.28172882255
37727.28172882255
37727.28172882255
37727.28172882255
37727.28172882255
37727.28172882255
37727.28172882255
37727.28172882255
37727.28172882255
37727.28172882255
37727.28172882255
37727.28172882255
37727.28172882255
37727.28172882255
37727.28172882255
37727.28172882255
37727.28172882255
37727.28172882255
37727.28172882255
37727.28172882255
37727.28172882255
37727.28172882255
37727.28172882255
37727.28172882255
37727.28172882255
37727.28172882255
37727.28172882255
37727.28172882255
37727.28172882255
37727.28172882255
37727.28172882255
37727.28172882255
37727.28172882255
37727.28172882255
37727.28172882255
37727.28172882255
37727.28172882255
37727.28172882255
37727.28172882255
37727.28172882255
36066.61347084429
36066.61347084429
36066.61347084429
36066.61347084429
36066.61347084429
36066.61347084429
36066.61347084429
36066.61347084429
36066.61347084429
36066.61347084429
36066.61347084429
36066.61347084429
36066.61347084429
36066.61347084429
36066.61347084429
36066.61347084429
36066.61347084429
36066.61347084429
36066.61347084429
36066.61347084429
36066.61347084429
36066.61347084429
36066.61347084429
36066.61347084429
36066.61347084429
36066.61347084429
36066.61347084429
36066.61347084429
36066.61347084429
36066.61347084429
36066.61347084429
36066.61347084429
36066.61347084429
36066.61347084429
36066.61347084429
36066.61347084429
36066.61347084429
36066.61347084429
36066.61347084429
36066.61347084429
36066.61347084429
36066.61347084429
36066.61347084429
36066.61347084429
36066.61347084429
36066.61347084429
36066.61347084429
36066.61347084429
36066.61347084429
36066.61347084429
36066.61347084429
36066.61347084429
36066.61347084429
36066.61347084429
36066.61347084429
36066.61347084429
36066.61347084429
36066.61347084429
36066.61347084429
36066.61347084429
36066.61347084429
36066.61347084429
36066.61347084429
36066.61347084429
36066.61347084429
36066.61347084429
36066.61347084429
36066.61347084429
36066.61347084429
36066.61347084429
36066.61347084429
36066.61347084429
36066.61347084429
36066.61347084429
36066.61347084429
36066.61347084429
36066.61347084429
36066.61347084429
36066.61347084429
36066.61347084429
36066.61347084429
36066.61347084429
36066.61347084429
36066.61347084429
36066.61347084429
36066.61347084429
36066.61347084429
36066.61347084429
36066.61347084429
36066.61347084429
36066.61347084429
36066.61347084429
36066.61347084429
36066.61347084429
36066.61347084429
36066.61347084429
36066.61347084429
36066.61347084429
36066.61347084429
36066.61347084429
36066.61347084429
36066.61347084429
36066.61347084429
36066.61347084429
36066.61347084429
36066.61347084429
36066.61347084429
36066.61347084429
36066.61347084429
36066.61347084429
36066.61347084429
36066.61347084429
36066.61347084429
36066.61347084429
36066.61347084429
36066.61347084429
36066.61347084429
36066.61347084429
36066.61347084429
36066.61347084429
36066.61347084429
36066.61347084429
36066.61347084429
36066.61347084429
36066.61347084429
36066.61347084429
36066.61347084429
36066.61347084429
36066.61347084429
36066.61347084429
36066.61347084429
36066.61347084429
36066.61347084429
36066.61347084429
36066.61347084429
36066.61347084429
36066.61347084429
36066.61347084429
36066.61347084429
36066.61347084429
36066.61347084429
36066.61347084429
36066.61347084429
36066.61347084429
36066.61347084429
36066.61347084429
36066.61347084429
36066.61347084429
36066.61347084429
36066.61347084429
36066.61347084429
36066.61347084429
36066.61347084429
36066.61347084429
36066.61347084429
35707.10243089315
35707.10243089315
35707.10243089315
35707.10243089315
35707.10243089315
35707.10243089315
35707.10243089315
35707.10243089315
35707.10243089315
35707.10243089315
35707.10243089315
35707.10243089315
35707.10243089315
35707.10243089315
35707.10243089315
35707.10243089315
35707.10243089315
35707.10243089315
35707.10243089315
35707.10243089315
35707.10243089315
35707.10243089315
35707.10243089315
35707.10243089315
35540.14504886819
35540.14504886819
35540.14504886819
35540.14504886819
35540.14504886819
35540.14504886819
35540.14504886819
35540.14504886819
35540.14504886819
35540.14504886819
35540.14504886819
35540.14504886819
35540.14504886819
35540.14504886819
35540.14504886819
35540.14504886819
35540.14504886819
35540.14504886819
35540.14504886819
35540.14504886819
35540.14504886819
35540.14504886819
35540.14504886819
35540.14504886819
35540.14504886819
35540.14504886819
35540.14504886819
35540.14504886819
35540.14504886819
35540.14504886819
35540.14504886819
35540.14504886819
35540.14504886819
35540.14504886819
35540.14504886819
35540.14504886819
35540.14504886819
35540.14504886819
35540.14504886819
35540.14504886819
35540.14504886819
35540.14504886819
35540.14504886819
34293.805987878324
34293.805987878324
34293.805987878324
34293.805987878324
34293.805987878324
34293.805987878324
34293.805987878324
34293.805987878324
34293.805987878324
34293.805987878324
34293.805987878324
34293.805987878324
34293.805987878324
34293.805987878324
34293.805987878324
34293.805987878324
34293.805987878324
34293.805987878324
34293.805987878324
34293.805987878324
34293.805987878324
34293.805987878324
34293.805987878324
34293.805987878324
34293.805987878324
34293.805987878324
34293.805987878324
34293.805987878324
34293.805987878324
34293.805987878324
34293.805987878324
34293.805987878324
34293.805987878324
34293.805987878324
34293.805987878324
34293.805987878324
34293.805987878324
34293.805987878324
34293.805987878324
34293.805987878324
34293.805987878324
34293.805987878324
34293.805987878324
34293.805987878324
34293.805987878324
34293.805987878324
34293.805987878324
34293.805987878324
34293.805987878324
34293.805987878324
34293.805987878324
34293.805987878324
34293.805987878324
34293.805987878324
34293.805987878324
34293.805987878324
34293.805987878324
34293.805987878324
34293.805987878324
34293.805987878324
34293.805987878324
34293.805987878324
34293.805987878324
34293.805987878324
34293.805987878324
34293.805987878324
34293.805987878324
34293.805987878324
34293.805987878324
34293.805987878324
34293.805987878324
34293.805987878324
34293.805987878324
34293.805987878324
34293.805987878324
34293.805987878324
34293.805987878324
34293.805987878324
34293.805987878324
34293.805987878324
34293.805987878324
34293.805987878324
34293.805987878324
34293.805987878324
34293.805987878324
34293.805987878324
34293.805987878324
34293.805987878324
34293.805987878324
34293.805987878324
34293.805987878324
34293.805987878324
34293.805987878324
34293.805987878324
34293.805987878324
34293.805987878324
34293.805987878324
34293.805987878324
34293.805987878324
34293.805987878324
34293.805987878324
34293.805987878324
34293.805987878324
34222.004775380214
34222.004775380214
34222.004775380214
34222.004775380214
34222.004775380214
34222.004775380214
34222.004775380214
34222.004775380214
34222.004775380214
34222.004775380214
34222.004775380214
34222.004775380214
34222.004775380214
34222.004775380214
34222.004775380214
34222.004775380214
33986.793629761494
33986.793629761494
33986.793629761494
33986.793629761494
33986.793629761494
33986.793629761494
33986.793629761494
33986.793629761494
33986.793629761494
33986.793629761494
33986.793629761494
33986.793629761494
33986.793629761494
33986.793629761494
33986.793629761494
33986.793629761494
33986.793629761494
33503.3852365552
33503.3852365552
33503.3852365552
33503.3852365552
33503.3852365552
33503.3852365552
33503.3852365552
33503.3852365552
33503.3852365552
33503.3852365552
33503.3852365552
33503.3852365552
33503.3852365552
33503.3852365552
33503.3852365552
33503.3852365552
33503.3852365552
33503.3852365552
33503.3852365552
33503.3852365552
33503.3852365552
33503.3852365552
33215.17728039828
33215.17728039828
33215.17728039828
33215.17728039828
33215.17728039828
33215.17728039828
33215.17728039828
33215.17728039828
33215.17728039828
33215.17728039828
33215.17728039828
33215.17728039828
33215.17728039828
33215.17728039828
33215.17728039828
33215.17728039828
33215.17728039828
33215.17728039828
33215.17728039828
33215.17728039828
33215.17728039828
33215.17728039828
33215.17728039828
33215.17728039828
33215.17728039828
33215.17728039828
33215.17728039828
33215.17728039828
33215.17728039828
33215.17728039828
33215.17728039828
33215.17728039828
33215.17728039828
33215.17728039828
33215.17728039828
33215.17728039828
33215.17728039828
33215.17728039828
33215.17728039828
33215.17728039828
33215.17728039828
33215.17728039828
33215.17728039828
33215.17728039828
33215.17728039828
33215.17728039828
33215.17728039828
33215.17728039828
33215.17728039828
33215.17728039828
33215.17728039828
33215.17728039828
33215.17728039828
33215.17728039828
33215.17728039828
33215.17728039828
33215.17728039828
33215.17728039828
33215.17728039828
33215.17728039828
33215.17728039828
33215.17728039828
33215.17728039828
33215.17728039828
33215.17728039828
33215.17728039828
33215.17728039828
33215.17728039828
33215.17728039828
33215.17728039828
33215.17728039828
33215.17728039828
33215.17728039828
33215.17728039828
33215.17728039828
33215.17728039828
33215.17728039828
33215.17728039828
33215.17728039828
33215.17728039828
33215.17728039828
33215.17728039828
33215.17728039828
33215.17728039828
32684.46134382767
32684.46134382767
32684.46134382767
32684.46134382767
32684.46134382767
32684.46134382767
32684.46134382767
32684.46134382767
32684.46134382767
32684.46134382767
32684.46134382767
32684.46134382767
32684.46134382767
32684.46134382767
32684.46134382767
32684.46134382767
32684.46134382767
32684.46134382767
32684.46134382767
32684.46134382767
32684.46134382767
32684.46134382767
32684.46134382767
32684.46134382767
32684.46134382767
32684.46134382767
32684.46134382767
32684.46134382767
32684.46134382767
32684.46134382767
32684.46134382767
32684.46134382767
32684.46134382767
32684.46134382767
32684.46134382767
32684.46134382767
32684.46134382767
32684.46134382767
32684.46134382767
32684.46134382767
32684.46134382767
32684.46134382767
32684.46134382767
32684.46134382767
32684.46134382767
32684.46134382767
32684.46134382767
32684.46134382767
32684.46134382767
32684.46134382767
32684.46134382767
32684.46134382767
32684.46134382767
32684.46134382767
32684.46134382767
32684.46134382767
32684.46134382767
32684.46134382767
32684.46134382767
32684.46134382767
32684.46134382767
32684.46134382767
32684.46134382767
32684.46134382767
32684.46134382767
32684.46134382767
32684.46134382767
32684.46134382767
32684.46134382767
32684.46134382767
32684.46134382767
32684.46134382767
32684.46134382767
32684.46134382767
32684.46134382767
32684.46134382767
32684.46134382767
32684.46134382767
32684.46134382767
32684.46134382767
32684.46134382767
32684.46134382767
32684.46134382767
32684.46134382767
32684.46134382767
32684.46134382767
32684.46134382767
32684.46134382767
32684.46134382767
32684.46134382767
32684.46134382767
32684.46134382767
32684.46134382767
32684.46134382767
32684.46134382767
32684.46134382767
32684.46134382767
32684.46134382767
32684.46134382767
32684.46134382767
32684.46134382767
32684.46134382767
32684.46134382767
Time: 109.87002277374268 seconds 
Best solution: 32684.46134382767 [64, 105, 45, 55, 47, 54, 51, 52, 43, 48, 104, 41, 57, 44, 49, 46, 32, 28, 22, 20, 21, 12, 15, 63, 35, 36, 26, 56, 66, 78, 3, 33, 60, 13, 1, 34, 39, 24, 93, 31, 88, 65, 25, 2, 11, 89, 6, 38, 86, 62, 94, 27, 7, 69, 4, 58, 37, 17, 16, 9, 10, 59, 5, 80, 79, 72, 29, 87, 98, 50, 95, 103, 100, 30, 42, 61, 14, 8, 18, 19, 40, 76, 53, 74, 90, 99, 23, 70, 85, 102, 101, 97, 96, 91, 92, 75, 73, 77, 81, 71, 68, 84, 67, 83, 82]
Avg solution: 49552.59374610981