Alg:2, Run: 9, file: C:\Users\gabri\Documents\AN 3 SEM 2\AI\Lab\Lab3\\lin105.tsp, population number: 1000, generations: 2500 
103988.04593726671
103988.04593726671
102351.77031697874
100622.630344231
99674.11768892381
99674.11768892381
99674.11768892381
99674.11768892381
99674.11768892381
99674.11768892381
96272.17424055983
96272.17424055983
96272.17424055983
96272.17424055983
96272.17424055983
96272.17424055983
96272.17424055983
96272.17424055983
96272.17424055983
96161.01963341342
95924.35599988341
95924.35599988341
95924.35599988341
95924.35599988341
94514.73173322043
94514.73173322043
94514.73173322043
94263.4023301624
94111.45060984687
94111.45060984687
94111.45060984687
94111.45060984687
94111.45060984687
93617.15815096734
92450.70760941743
90055.39981718744
90055.39981718744
90055.39981718744
86645.08496641145
86645.08496641145
86645.08496641145
86645.08496641145
86645.08496641145
86645.08496641145
86645.08496641145
86645.08496641145
86645.08496641145
86645.08496641145
86645.08496641145
86645.08496641145
86645.08496641145
86645.08496641145
86645.08496641145
86645.08496641145
86645.08496641145
86645.08496641145
86645.08496641145
86645.08496641145
86645.08496641145
86645.08496641145
86645.08496641145
86092.80462567079
86092.80462567079
86092.80462567079
86092.80462567079
86092.80462567079
85416.2926327875
85416.2926327875
85264.88959853663
85264.88959853663
85264.88959853663
85264.88959853663
85264.88959853663
85264.88959853663
83768.93727708762
83768.93727708762
83768.93727708762
83768.93727708762
83768.93727708762
83768.93727708762
83768.93727708762
83768.93727708762
83768.93727708762
83768.93727708762
83768.93727708762
83768.93727708762
83768.93727708762
80348.48328358948
80348.48328358948
80348.48328358948
80348.48328358948
80348.48328358948
80348.48328358948
80348.48328358948
80348.48328358948
80348.48328358948
80348.48328358948
80348.48328358948
80348.48328358948
80348.48328358948
80348.48328358948
80348.48328358948
80348.48328358948
80348.48328358948
80348.48328358948
80348.48328358948
80348.48328358948
80348.48328358948
80348.48328358948
80348.48328358948
80348.48328358948
79694.08055545985
79694.08055545985
79694.08055545985
79694.08055545985
79694.08055545985
79694.08055545985
79694.08055545985
79694.08055545985
79694.08055545985
79694.08055545985
79694.08055545985
79694.08055545985
79694.08055545985
79694.08055545985
79694.08055545985
76009.1141084634
76009.1141084634
76009.1141084634
76009.1141084634
76009.1141084634
76009.1141084634
76009.1141084634
76009.1141084634
76009.1141084634
76009.1141084634
76009.1141084634
76009.1141084634
76009.1141084634
76009.1141084634
76009.1141084634
76009.1141084634
76009.1141084634
76009.1141084634
76009.1141084634
76009.1141084634
76009.1141084634
76009.1141084634
76009.1141084634
76009.1141084634
76009.1141084634
76009.1141084634
76009.1141084634
76009.1141084634
76009.1141084634
76009.1141084634
76009.1141084634
76009.1141084634
76009.1141084634
76009.1141084634
76009.1141084634
76009.1141084634
76009.1141084634
76009.1141084634
76009.1141084634
76009.1141084634
76009.1141084634
76009.1141084634
76009.1141084634
76009.1141084634
76009.1141084634
76009.1141084634
76009.1141084634
76009.1141084634
75499.41074280642
75499.41074280642
75499.41074280642
75499.41074280642
75499.41074280642
75403.70914077797
75403.70914077797
75403.70914077797
75403.70914077797
75403.70914077797
75403.70914077797
75403.70914077797
75403.70914077797
74264.28149724158
74264.28149724158
74264.28149724158
74264.28149724158
73597.02604185865
73597.02604185865
73597.02604185865
71218.96717944014
71218.96717944014
71218.96717944014
71218.96717944014
71218.96717944014
71218.96717944014
71218.96717944014
71218.96717944014
71218.96717944014
71218.96717944014
71218.96717944014
71218.96717944014
71218.96717944014
71218.96717944014
71218.96717944014
71218.96717944014
71218.96717944014
71218.96717944014
71218.96717944014
71218.96717944014
71218.96717944014
71218.96717944014
71218.96717944014
71218.96717944014
71218.96717944014
71218.96717944014
71218.96717944014
71218.96717944014
71218.96717944014
71218.96717944014
71218.96717944014
71218.96717944014
70342.26751928353
70342.26751928353
70342.26751928353
70342.26751928353
70274.06202530308
70274.06202530308
70274.06202530308
69467.35997330259
69467.35997330259
69467.35997330259
69467.35997330259
69467.35997330259
69467.35997330259
69467.35997330259
69467.35997330259
69467.35997330259
69467.35997330259
69467.35997330259
69467.35997330259
69467.35997330259
69467.35997330259
69057.07736878238
69057.07736878238
69057.07736878238
69057.07736878238
69057.07736878238
69057.07736878238
69057.07736878238
69057.07736878238
69057.07736878238
69057.07736878238
69057.07736878238
69057.07736878238
69057.07736878238
69057.07736878238
69057.07736878238
69057.07736878238
69057.07736878238
69057.07736878238
68534.96181054659
68534.96181054659
68534.96181054659
68534.96181054659
68534.96181054659
68534.96181054659
67446.56977576955
67446.56977576955
67446.56977576955
67446.56977576955
67446.56977576955
67446.56977576955
67446.56977576955
67446.56977576955
67446.56977576955
67446.56977576955
67446.56977576955
67446.56977576955
67446.56977576955
67446.56977576955
67446.56977576955
67446.56977576955
67446.56977576955
67446.56977576955
67446.56977576955
67446.56977576955
67446.56977576955
67446.56977576955
67446.56977576955
67446.56977576955
67446.56977576955
67446.56977576955
67446.56977576955
67446.56977576955
67446.56977576955
67446.56977576955
67446.56977576955
67446.56977576955
67446.56977576955
67446.56977576955
67446.56977576955
67446.56977576955
67446.56977576955
67446.56977576955
66179.50664334092
66179.50664334092
66179.50664334092
66179.50664334092
66179.50664334092
66179.50664334092
66179.50664334092
66179.50664334092
66179.50664334092
66179.50664334092
66179.50664334092
64924.41587727632
64924.41587727632
64924.41587727632
64924.41587727632
64868.71848434066
64868.71848434066
64868.71848434066
64157.86594463765
64157.86594463765
64157.86594463765
64157.86594463765
64157.86594463765
64157.86594463765
64157.86594463765
64157.86594463765
64157.86594463765
64157.86594463765
64157.86594463765
63350.75646991489
62991.220053655234
62991.220053655234
62991.220053655234
62991.220053655234
62991.220053655234
62991.220053655234
62991.220053655234
62991.220053655234
62991.220053655234
62991.220053655234
62991.220053655234
62991.220053655234
62991.220053655234
62991.220053655234
62991.220053655234
62991.220053655234
61452.017018697334
61452.017018697334
61452.017018697334
61452.017018697334
61452.017018697334
61452.017018697334
61452.017018697334
61452.017018697334
61452.017018697334
61452.017018697334
61452.017018697334
61452.017018697334
61452.017018697334
61452.017018697334
61452.017018697334
61452.017018697334
61452.017018697334
61452.017018697334
61452.017018697334
61452.017018697334
61452.017018697334
61452.017018697334
61452.017018697334
61452.017018697334
61452.017018697334
61452.017018697334
61452.017018697334
61452.017018697334
61452.017018697334
61452.017018697334
61452.017018697334
61452.017018697334
61452.017018697334
61452.017018697334
61452.017018697334
61452.017018697334
61452.017018697334
61452.017018697334
60409.91964354271
60409.91964354271
60409.91964354271
60409.91964354271
60409.91964354271
60409.91964354271
60409.91964354271
60409.91964354271
60409.91964354271
60409.91964354271
60409.91964354271
60409.91964354271
60181.597019960944
60181.597019960944
60181.597019960944
60181.597019960944
60181.597019960944
59017.646257082444
59017.646257082444
59017.646257082444
59017.646257082444
59017.646257082444
59017.646257082444
59017.646257082444
59017.646257082444
59017.646257082444
59017.646257082444
59017.646257082444
59017.646257082444
59017.646257082444
59017.646257082444
59017.646257082444
59017.646257082444
59017.646257082444
59017.646257082444
59017.646257082444
59017.646257082444
59017.646257082444
59017.646257082444
59017.646257082444
59017.646257082444
59017.646257082444
59017.646257082444
59017.646257082444
59017.646257082444
59017.646257082444
59017.646257082444
59017.646257082444
59017.646257082444
59017.646257082444
59017.646257082444
59017.646257082444
59017.646257082444
59017.646257082444
59017.646257082444
59017.646257082444
59017.646257082444
59017.646257082444
59017.646257082444
59017.646257082444
59017.646257082444
59017.646257082444
59017.646257082444
59017.646257082444
59017.646257082444
59017.646257082444
59017.646257082444
56149.2111433888
56149.2111433888
56149.2111433888
56149.2111433888
56149.2111433888
56149.2111433888
56149.2111433888
56149.2111433888
56149.2111433888
56149.2111433888
56149.2111433888
56149.2111433888
56149.2111433888
56149.2111433888
56149.2111433888
56149.2111433888
56149.2111433888
56149.2111433888
56149.2111433888
56149.2111433888
56149.2111433888
56149.2111433888
56149.2111433888
56149.2111433888
56149.2111433888
56149.2111433888
56149.2111433888
56149.2111433888
56149.2111433888
56149.2111433888
56149.2111433888
56149.2111433888
56149.2111433888
56149.2111433888
56149.2111433888
56149.2111433888
56149.2111433888
56149.2111433888
56149.2111433888
56149.2111433888
56149.2111433888
56149.2111433888
56149.2111433888
56149.2111433888
56149.2111433888
56149.2111433888
56149.2111433888
56149.2111433888
56149.2111433888
56149.2111433888
56149.2111433888
56149.2111433888
56149.2111433888
56149.2111433888
56149.2111433888
56149.2111433888
56149.2111433888
56149.2111433888
56149.2111433888
56149.2111433888
56149.2111433888
56149.2111433888
56149.2111433888
56149.2111433888
56149.2111433888
56149.2111433888
56149.2111433888
56149.2111433888
56149.2111433888
56149.2111433888
56149.2111433888
56149.2111433888
56149.2111433888
56149.2111433888
56149.2111433888
56149.2111433888
56149.2111433888
56149.2111433888
56149.2111433888
56149.2111433888
56149.2111433888
56149.2111433888
56149.2111433888
56149.2111433888
56149.2111433888
56149.2111433888
56149.2111433888
56149.2111433888
56149.2111433888
56149.2111433888
56149.2111433888
56149.2111433888
55106.1300161944
55106.1300161944
55106.1300161944
55106.1300161944
55106.1300161944
55106.1300161944
55106.1300161944
55106.1300161944
55106.1300161944
55106.1300161944
55106.1300161944
55106.1300161944
55106.1300161944
55106.1300161944
55106.1300161944
55106.1300161944
55106.1300161944
55106.1300161944
54910.416771243275
54910.416771243275
54910.416771243275
54910.416771243275
54910.416771243275
54910.416771243275
54910.416771243275
54910.416771243275
54910.416771243275
54910.416771243275
54910.416771243275
54910.416771243275
54910.416771243275
54910.416771243275
54910.416771243275
54910.416771243275
54910.416771243275
54910.416771243275
54910.416771243275
54910.416771243275
54910.416771243275
54910.416771243275
54910.416771243275
54910.416771243275
54910.416771243275
54910.416771243275
54910.416771243275
54910.416771243275
54910.416771243275
54910.416771243275
54910.416771243275
54910.416771243275
54910.416771243275
54910.416771243275
54369.74647568577
54369.74647568577
54369.74647568577
54369.74647568577
54369.74647568577
54369.74647568577
54369.74647568577
54369.74647568577
54369.74647568577
54369.74647568577
54369.74647568577
54369.74647568577
54369.74647568577
54369.74647568577
54369.74647568577
54369.74647568577
54369.74647568577
54369.74647568577
54369.74647568577
54369.74647568577
52948.79369605089
52948.79369605089
52527.22870533406
52527.22870533406
52527.22870533406
52527.22870533406
52527.22870533406
52527.22870533406
52527.22870533406
52527.22870533406
52527.22870533406
52527.22870533406
52527.22870533406
52527.22870533406
52527.22870533406
52527.22870533406
52527.22870533406
52527.22870533406
52527.22870533406
52527.22870533406
52527.22870533406
52527.22870533406
52527.22870533406
52527.22870533406
52527.22870533406
52527.22870533406
52527.22870533406
52527.22870533406
52527.22870533406
52527.22870533406
52527.22870533406
52527.22870533406
52527.22870533406
52527.22870533406
52527.22870533406
52527.22870533406
52527.22870533406
52527.22870533406
52527.22870533406
52527.22870533406
52527.22870533406
52527.22870533406
52527.22870533406
52527.22870533406
52527.22870533406
52527.22870533406
50882.71472589368
50882.71472589368
50882.71472589368
50882.71472589368
50882.71472589368
50882.71472589368
50882.71472589368
50882.71472589368
50882.71472589368
50882.71472589368
50882.71472589368
50882.71472589368
50882.71472589368
50882.71472589368
50882.71472589368
50882.71472589368
50882.71472589368
50882.71472589368
50882.71472589368
50882.71472589368
50882.71472589368
50882.71472589368
50882.71472589368
50882.71472589368
50882.71472589368
50882.71472589368
50882.71472589368
50882.71472589368
50882.71472589368
50882.71472589368
50882.71472589368
50882.71472589368
50882.71472589368
50882.71472589368
50882.71472589368
50882.71472589368
50882.71472589368
50882.71472589368
50882.71472589368
50882.71472589368
50882.71472589368
50882.71472589368
50882.71472589368
50882.71472589368
50882.71472589368
50882.71472589368
50882.71472589368
50882.71472589368
50882.71472589368
50882.71472589368
50882.71472589368
50882.71472589368
50882.71472589368
50882.71472589368
50882.71472589368
50882.71472589368
50882.71472589368
50882.71472589368
50882.71472589368
50882.71472589368
50882.71472589368
50882.71472589368
50882.71472589368
50882.71472589368
50882.71472589368
50882.71472589368
50882.71472589368
50882.71472589368
50882.71472589368
50882.71472589368
50882.71472589368
50882.71472589368
50882.71472589368
50628.4566233788
50628.4566233788
50628.4566233788
50628.4566233788
50628.4566233788
50628.4566233788
50628.4566233788
50628.4566233788
50628.4566233788
50628.4566233788
50628.4566233788
50628.4566233788
50628.4566233788
50628.4566233788
50628.4566233788
50628.4566233788
50628.4566233788
50628.4566233788
50628.4566233788
49694.98501814085
49694.98501814085
49694.98501814085
49694.98501814085
49694.98501814085
49694.98501814085
49694.98501814085
49694.98501814085
49694.98501814085
49694.98501814085
49694.98501814085
49694.98501814085
49694.98501814085
49694.98501814085
49694.98501814085
49694.98501814085
49694.98501814085
49694.98501814085
49694.98501814085
49694.98501814085
49694.98501814085
49694.98501814085
49694.98501814085
49694.98501814085
49694.98501814085
49694.98501814085
49694.98501814085
49694.98501814085
49694.98501814085
49694.98501814085
49694.98501814085
49694.98501814085
49694.98501814085
49694.98501814085
49694.98501814085
49694.98501814085
49694.98501814085
49694.98501814085
49694.98501814085
49694.98501814085
49694.98501814085
49694.98501814085
49694.98501814085
49694.98501814085
49694.98501814085
49694.98501814085
49694.98501814085
49694.98501814085
49694.98501814085
49694.98501814085
49694.98501814085
49694.98501814085
49694.98501814085
49694.98501814085
49694.98501814085
49694.98501814085
49694.98501814085
49694.98501814085
49694.98501814085
49694.98501814085
49694.98501814085
49694.98501814085
49694.98501814085
49694.98501814085
49694.98501814085
49694.98501814085
49694.98501814085
49694.98501814085
49694.98501814085
48424.108440446136
48424.108440446136
48424.108440446136
48424.108440446136
48424.108440446136
48424.108440446136
48424.108440446136
48424.108440446136
48424.108440446136
48424.108440446136
48424.108440446136
48424.108440446136
48424.108440446136
48424.108440446136
48424.108440446136
48424.108440446136
48424.108440446136
48424.108440446136
48424.108440446136
48424.108440446136
48424.108440446136
48424.108440446136
48424.108440446136
48424.108440446136
48424.108440446136
48424.108440446136
48424.108440446136
48424.108440446136
48424.108440446136
48424.108440446136
48424.108440446136
48424.108440446136
48424.108440446136
48424.108440446136
48424.108440446136
48424.108440446136
48424.108440446136
48424.108440446136
48424.108440446136
48424.108440446136
48424.108440446136
48424.108440446136
48424.108440446136
48424.108440446136
48424.108440446136
48424.108440446136
48424.108440446136
48424.108440446136
48424.108440446136
48424.108440446136
48424.108440446136
48424.108440446136
48424.108440446136
48424.108440446136
48424.108440446136
48424.108440446136
48424.108440446136
48424.108440446136
48424.108440446136
48424.108440446136
48424.108440446136
48424.108440446136
48424.108440446136
48424.108440446136
48424.108440446136
48424.108440446136
48424.108440446136
48424.108440446136
48424.108440446136
48424.108440446136
48424.108440446136
48424.108440446136
48424.108440446136
48424.108440446136
48424.108440446136
48424.108440446136
48424.108440446136
48424.108440446136
48424.108440446136
48424.108440446136
48424.108440446136
48424.108440446136
48424.108440446136
48424.108440446136
48424.108440446136
48424.108440446136
48424.108440446136
48424.108440446136
48424.108440446136
48424.108440446136
48424.108440446136
48424.108440446136
48424.108440446136
48424.108440446136
48424.108440446136
48424.108440446136
48424.108440446136
48424.108440446136
48424.108440446136
48424.108440446136
48424.108440446136
48424.108440446136
48424.108440446136
48424.108440446136
48424.108440446136
48424.108440446136
48424.108440446136
48424.108440446136
48424.108440446136
48424.108440446136
48424.108440446136
48424.108440446136
48424.108440446136
48424.108440446136
48424.108440446136
48424.108440446136
48424.108440446136
48424.108440446136
48424.108440446136
48424.108440446136
48424.108440446136
48424.108440446136
48424.108440446136
48424.108440446136
48424.108440446136
48424.108440446136
48424.108440446136
48424.108440446136
48424.108440446136
48424.108440446136
48424.108440446136
48424.108440446136
48424.108440446136
48424.108440446136
48424.108440446136
48424.108440446136
48424.108440446136
48424.108440446136
48424.108440446136
48424.108440446136
48424.108440446136
48424.108440446136
48424.108440446136
48424.108440446136
48424.108440446136
48424.108440446136
48424.108440446136
48424.108440446136
48424.108440446136
48424.108440446136
48424.108440446136
48424.108440446136
48424.108440446136
48424.108440446136
48424.108440446136
48424.108440446136
48424.108440446136
48424.108440446136
48424.108440446136
48424.108440446136
48424.108440446136
48424.108440446136
48424.108440446136
48424.108440446136
48424.108440446136
48424.108440446136
48424.108440446136
48424.108440446136
48424.108440446136
48424.108440446136
48424.108440446136
48424.108440446136
48424.108440446136
48424.108440446136
48424.108440446136
48424.108440446136
48424.108440446136
48424.108440446136
48424.108440446136
48424.108440446136
48424.108440446136
48424.108440446136
48424.108440446136
48424.108440446136
48424.108440446136
48424.108440446136
48424.108440446136
48424.108440446136
48424.108440446136
48313.50209141544
48313.50209141544
48313.50209141544
48313.50209141544
48313.50209141544
48313.50209141544
48313.50209141544
48313.50209141544
48313.50209141544
48313.50209141544
48313.50209141544
48313.50209141544
48313.50209141544
48313.50209141544
48313.50209141544
48313.50209141544
48313.50209141544
48313.50209141544
48313.50209141544
48313.50209141544
48313.50209141544
48313.50209141544
48313.50209141544
48313.50209141544
48313.50209141544
48313.50209141544
48121.02668747947
48121.02668747947
48121.02668747947
48121.02668747947
48121.02668747947
48121.02668747947
48121.02668747947
48121.02668747947
48121.02668747947
48121.02668747947
48121.02668747947
48121.02668747947
48121.02668747947
48121.02668747947
48121.02668747947
48121.02668747947
48121.02668747947
47583.32035951438
46891.48465385224
46080.202790580246
46080.202790580246
46080.202790580246
46080.202790580246
46080.202790580246
46080.202790580246
46080.202790580246
46080.202790580246
46080.202790580246
46080.202790580246
46080.202790580246
46080.202790580246
46080.202790580246
46080.202790580246
46080.202790580246
46080.202790580246
46080.202790580246
46080.202790580246
46080.202790580246
46080.202790580246
46080.202790580246
46080.202790580246
46080.202790580246
46080.202790580246
46080.202790580246
46080.202790580246
46080.202790580246
46080.202790580246
46080.202790580246
46080.202790580246
46080.202790580246
46080.202790580246
46080.202790580246
46080.202790580246
46080.202790580246
46080.202790580246
46080.202790580246
46080.202790580246
46080.202790580246
46080.202790580246
46080.202790580246
46080.202790580246
46080.202790580246
46080.202790580246
46080.202790580246
46080.202790580246
46080.202790580246
46080.202790580246
46080.202790580246
46080.202790580246
46080.202790580246
46080.202790580246
46080.202790580246
46080.202790580246
46080.202790580246
46080.202790580246
46080.202790580246
46080.202790580246
46080.202790580246
46080.202790580246
46080.202790580246
46080.202790580246
46080.202790580246
46080.202790580246
46080.202790580246
46080.202790580246
46080.202790580246
46080.202790580246
46080.202790580246
46080.202790580246
46080.202790580246
46080.202790580246
46080.202790580246
46080.202790580246
46080.202790580246
46080.202790580246
46080.202790580246
46080.202790580246
46080.202790580246
46080.202790580246
46080.202790580246
46080.202790580246
46080.202790580246
46080.202790580246
46080.202790580246
46080.202790580246
46080.202790580246
46080.202790580246
46080.202790580246
46080.202790580246
46080.202790580246
46080.202790580246
46080.202790580246
46080.202790580246
46080.202790580246
46080.202790580246
46080.202790580246
46080.202790580246
46080.202790580246
46080.202790580246
46080.202790580246
46080.202790580246
46080.202790580246
46080.202790580246
45351.407878968355
45351.407878968355
45351.407878968355
45351.407878968355
45351.407878968355
45351.407878968355
45351.407878968355
45351.407878968355
45351.407878968355
45351.407878968355
45351.407878968355
45351.407878968355
45351.407878968355
45351.407878968355
45351.407878968355
45351.407878968355
45351.407878968355
45351.407878968355
45351.407878968355
45351.407878968355
45351.407878968355
45351.407878968355
45351.407878968355
45351.407878968355
45351.407878968355
45351.407878968355
45351.407878968355
45351.407878968355
45351.407878968355
45351.407878968355
44545.34652273206
44545.34652273206
44545.34652273206
44545.34652273206
44545.34652273206
44545.34652273206
44545.34652273206
44545.34652273206
44545.34652273206
44545.34652273206
44545.34652273206
44545.34652273206
44545.34652273206
44545.34652273206
44545.34652273206
44545.34652273206
44545.34652273206
44545.34652273206
44545.34652273206
44545.34652273206
44545.34652273206
44545.34652273206
44545.34652273206
44545.34652273206
44545.34652273206
44545.34652273206
44545.34652273206
44545.34652273206
44545.34652273206
44545.34652273206
44234.5610543775
44234.5610543775
44234.5610543775
44234.5610543775
44234.5610543775
44234.5610543775
44234.5610543775
44234.5610543775
44234.5610543775
44234.5610543775
44234.5610543775
44234.5610543775
44234.5610543775
44234.5610543775
44234.5610543775
44234.5610543775
44234.5610543775
44234.5610543775
44234.5610543775
44234.5610543775
44234.5610543775
44234.5610543775
44234.5610543775
44234.5610543775
44234.5610543775
44234.5610543775
44234.5610543775
44234.5610543775
44234.5610543775
44234.5610543775
44234.5610543775
44234.5610543775
44234.5610543775
44234.5610543775
44234.5610543775
44234.5610543775
44234.5610543775
44234.5610543775
44234.5610543775
44234.5610543775
44234.5610543775
44234.5610543775
44234.5610543775
44234.5610543775
44234.5610543775
44234.5610543775
44234.5610543775
44234.5610543775
44234.5610543775
44234.5610543775
44234.5610543775
44234.5610543775
44234.5610543775
44234.5610543775
44234.5610543775
44234.5610543775
44234.5610543775
44234.5610543775
44234.5610543775
44234.5610543775
44234.5610543775
44234.5610543775
44234.5610543775
44234.5610543775
44234.5610543775
44234.5610543775
44234.5610543775
44234.5610543775
44234.5610543775
44234.5610543775
44234.5610543775
44234.5610543775
44234.5610543775
44234.5610543775
44234.5610543775
44234.5610543775
44234.5610543775
44234.5610543775
44234.5610543775
44234.5610543775
44234.5610543775
44234.5610543775
44234.5610543775
44234.5610543775
44234.5610543775
44234.5610543775
44234.5610543775
44234.5610543775
44234.5610543775
44234.5610543775
44234.5610543775
44234.5610543775
44234.5610543775
44234.5610543775
44234.5610543775
44234.5610543775
42042.45362538598
42042.45362538598
42042.45362538598
42042.45362538598
42042.45362538598
42042.45362538598
42042.45362538598
42042.45362538598
42042.45362538598
42042.45362538598
42042.45362538598
42042.45362538598
42042.45362538598
42042.45362538598
42042.45362538598
42042.45362538598
42042.45362538598
42042.45362538598
42042.45362538598
42042.45362538598
42042.45362538598
42042.45362538598
42042.45362538598
42042.45362538598
42042.45362538598
42042.45362538598
42042.45362538598
42042.45362538598
42042.45362538598
42042.45362538598
42042.45362538598
42042.45362538598
42042.45362538598
42042.45362538598
42042.45362538598
42042.45362538598
42042.45362538598
42042.45362538598
42042.45362538598
42042.45362538598
42042.45362538598
42042.45362538598
42042.45362538598
42042.45362538598
42042.45362538598
42042.45362538598
42042.45362538598
42042.45362538598
42042.45362538598
42042.45362538598
42042.45362538598
42042.45362538598
42042.45362538598
42042.45362538598
42042.45362538598
42042.45362538598
42042.45362538598
42042.45362538598
42042.45362538598
42042.45362538598
42042.45362538598
42042.45362538598
42042.45362538598
42042.45362538598
42042.45362538598
42042.45362538598
42042.45362538598
42042.45362538598
42042.45362538598
42042.45362538598
42042.45362538598
42042.45362538598
42042.45362538598
42042.45362538598
42042.45362538598
42042.45362538598
42042.45362538598
42042.45362538598
42042.45362538598
42042.45362538598
42042.45362538598
42042.45362538598
42042.45362538598
42042.45362538598
42042.45362538598
42042.45362538598
42042.45362538598
42042.45362538598
42042.45362538598
41236.947233792314
41236.947233792314
41236.947233792314
41236.947233792314
41236.947233792314
41236.947233792314
41236.947233792314
41236.947233792314
41236.947233792314
41236.947233792314
41236.947233792314
41236.947233792314
41236.947233792314
41236.947233792314
41236.947233792314
41236.947233792314
41236.947233792314
41236.947233792314
41236.947233792314
41236.947233792314
41236.947233792314
41236.947233792314
41236.947233792314
41236.947233792314
41236.947233792314
41236.947233792314
41236.947233792314
41236.947233792314
41236.947233792314
41236.947233792314
41236.947233792314
41236.947233792314
41236.947233792314
41236.947233792314
41236.947233792314
41236.947233792314
41236.947233792314
41236.947233792314
41236.947233792314
41236.947233792314
41236.947233792314
41236.947233792314
41236.947233792314
41236.947233792314
41236.947233792314
41236.947233792314
41236.947233792314
41236.947233792314
41236.947233792314
41236.947233792314
41236.947233792314
41236.947233792314
41236.947233792314
41236.947233792314
40589.3113217658
40589.3113217658
40589.3113217658
40589.3113217658
40589.3113217658
40589.3113217658
40589.3113217658
40589.3113217658
40589.3113217658
40589.3113217658
40589.3113217658
40589.3113217658
40589.3113217658
40589.3113217658
39727.988095904046
39727.988095904046
39727.988095904046
39727.988095904046
39727.988095904046
39727.988095904046
39727.988095904046
39727.988095904046
39727.988095904046
39727.988095904046
39727.988095904046
39727.988095904046
39727.988095904046
39727.988095904046
39727.988095904046
39727.988095904046
39727.988095904046
39727.988095904046
39727.988095904046
39727.988095904046
39727.988095904046
39727.988095904046
39727.988095904046
39727.988095904046
39727.988095904046
39727.988095904046
39727.988095904046
39727.988095904046
39727.988095904046
39727.988095904046
39727.988095904046
39727.988095904046
39727.988095904046
39727.988095904046
39727.988095904046
39727.988095904046
39727.988095904046
39727.988095904046
39727.988095904046
39727.988095904046
39727.988095904046
39727.988095904046
39727.988095904046
39727.988095904046
39727.988095904046
39727.988095904046
39727.988095904046
39727.988095904046
39727.988095904046
39727.988095904046
39727.988095904046
39727.988095904046
39727.988095904046
39727.988095904046
39727.988095904046
39727.988095904046
39727.988095904046
39727.988095904046
39727.988095904046
39727.988095904046
39727.988095904046
39727.988095904046
39727.988095904046
39727.988095904046
39727.988095904046
39727.988095904046
39727.988095904046
39727.988095904046
39727.988095904046
39727.988095904046
39727.988095904046
39727.988095904046
39727.988095904046
39727.988095904046
39727.988095904046
39727.988095904046
39727.988095904046
39727.988095904046
39727.988095904046
39727.988095904046
39727.988095904046
39727.988095904046
39727.988095904046
39727.988095904046
39727.988095904046
39727.988095904046
39727.988095904046
39727.988095904046
39727.988095904046
38810.93163173581
38810.93163173581
38810.93163173581
38810.93163173581
38810.93163173581
38810.93163173581
38810.93163173581
38810.93163173581
38810.93163173581
38810.93163173581
38810.93163173581
38810.93163173581
38810.93163173581
38810.93163173581
38810.93163173581
38810.93163173581
38810.93163173581
38810.93163173581
38810.93163173581
38810.93163173581
38810.93163173581
38810.93163173581
38810.93163173581
38810.93163173581
38810.93163173581
38810.93163173581
38810.93163173581
38810.93163173581
38810.93163173581
38810.93163173581
38810.93163173581
38810.93163173581
38810.93163173581
38810.93163173581
38810.93163173581
38810.93163173581
38810.93163173581
38810.93163173581
38810.93163173581
38774.71174449638
38774.71174449638
38774.71174449638
38774.71174449638
38774.71174449638
38774.71174449638
38774.71174449638
38774.71174449638
38774.71174449638
38774.71174449638
38774.71174449638
38774.71174449638
38774.71174449638
38774.71174449638
38774.71174449638
38774.71174449638
38774.71174449638
38774.71174449638
38774.71174449638
38774.71174449638
38774.71174449638
38774.71174449638
38774.71174449638
38774.71174449638
38774.71174449638
38774.71174449638
38774.71174449638
38774.71174449638
38774.71174449638
38774.71174449638
38774.71174449638
38774.71174449638
38774.71174449638
38774.71174449638
38774.71174449638
38774.71174449638
38774.71174449638
38774.71174449638
38774.71174449638
38774.71174449638
38774.71174449638
38774.71174449638
38774.71174449638
38774.71174449638
38774.71174449638
38774.71174449638
38774.71174449638
38774.71174449638
38774.71174449638
38774.71174449638
38774.71174449638
38774.71174449638
38774.71174449638
38774.71174449638
38405.46543032755
38405.46543032755
38405.46543032755
38405.46543032755
38405.46543032755
38405.46543032755
38405.46543032755
38405.46543032755
38405.46543032755
38405.46543032755
38405.46543032755
38405.46543032755
38405.46543032755
38405.46543032755
38405.46543032755
38405.46543032755
38405.46543032755
38405.46543032755
38405.46543032755
38405.46543032755
38405.46543032755
38405.46543032755
38405.46543032755
38405.46543032755
38405.46543032755
38405.46543032755
38405.46543032755
36870.69676713626
36870.69676713626
36870.69676713626
36870.69676713626
36870.69676713626
36870.69676713626
36870.69676713626
36870.69676713626
36870.69676713626
36870.69676713626
36870.69676713626
36870.69676713626
36870.69676713626
36870.69676713626
36870.69676713626
36870.69676713626
36870.69676713626
36870.69676713626
36870.69676713626
36870.69676713626
36870.69676713626
36870.69676713626
36870.69676713626
36870.69676713626
36870.69676713626
36870.69676713626
36870.69676713626
36870.69676713626
36870.69676713626
36870.69676713626
36870.69676713626
36870.69676713626
36870.69676713626
36870.69676713626
36870.69676713626
36870.69676713626
36870.69676713626
36870.69676713626
36870.69676713626
36870.69676713626
36870.69676713626
36870.69676713626
36870.69676713626
36870.69676713626
36870.69676713626
36870.69676713626
36870.69676713626
36870.69676713626
36870.69676713626
36870.69676713626
36870.69676713626
36870.69676713626
36870.69676713626
36870.69676713626
36870.69676713626
36870.69676713626
36870.69676713626
36870.69676713626
36870.69676713626
36870.69676713626
36870.69676713626
36870.69676713626
36870.69676713626
36870.69676713626
36870.69676713626
36870.69676713626
36870.69676713626
36870.69676713626
36870.69676713626
36870.69676713626
36870.69676713626
36870.69676713626
36870.69676713626
36870.69676713626
36870.69676713626
36870.69676713626
36870.69676713626
36870.69676713626
36870.69676713626
36870.69676713626
36870.69676713626
36870.69676713626
36870.69676713626
36870.69676713626
36870.69676713626
36870.69676713626
36870.69676713626
36870.69676713626
36870.69676713626
36870.69676713626
36870.69676713626
36870.69676713626
36870.69676713626
36870.69676713626
36870.69676713626
36870.69676713626
36870.69676713626
36870.69676713626
36870.69676713626
36870.69676713626
36870.69676713626
36870.69676713626
36870.69676713626
36870.69676713626
36870.69676713626
36870.69676713626
36870.69676713626
36870.69676713626
36870.69676713626
36870.69676713626
36870.69676713626
36870.69676713626
36870.69676713626
36870.69676713626
36870.69676713626
36870.69676713626
36547.37406194513
36547.37406194513
36547.37406194513
36547.37406194513
36547.37406194513
36547.37406194513
36547.37406194513
36547.37406194513
36547.37406194513
36547.37406194513
36547.37406194513
36547.37406194513
36547.37406194513
36547.37406194513
36547.37406194513
36547.37406194513
36547.37406194513
36547.37406194513
36547.37406194513
36547.37406194513
36547.37406194513
36547.37406194513
36547.37406194513
36547.37406194513
36547.37406194513
36547.37406194513
36547.37406194513
36547.37406194513
36547.37406194513
36547.37406194513
36547.37406194513
36547.37406194513
36547.37406194513
36547.37406194513
36547.37406194513
36547.37406194513
36547.37406194513
36547.37406194513
36547.37406194513
36547.37406194513
36547.37406194513
36547.37406194513
36547.37406194513
36547.37406194513
36547.37406194513
36547.37406194513
36547.37406194513
36547.37406194513
36547.37406194513
36547.37406194513
36547.37406194513
36547.37406194513
36547.37406194513
36547.37406194513
36547.37406194513
36547.37406194513
36547.37406194513
36547.37406194513
36547.37406194513
36547.37406194513
36547.37406194513
36547.37406194513
36547.37406194513
36547.37406194513
36547.37406194513
36547.37406194513
36547.37406194513
36547.37406194513
36547.37406194513
36547.37406194513
36547.37406194513
36547.37406194513
36547.37406194513
36547.37406194513
36547.37406194513
36547.37406194513
36547.37406194513
36547.37406194513
36547.37406194513
36547.37406194513
36547.37406194513
36547.37406194513
36547.37406194513
36547.37406194513
36547.37406194513
36547.37406194513
36547.37406194513
36547.37406194513
36547.37406194513
36547.37406194513
36547.37406194513
36547.37406194513
36547.37406194513
36547.37406194513
36547.37406194513
36547.37406194513
36547.37406194513
36547.37406194513
36547.37406194513
36547.37406194513
36547.37406194513
36547.37406194513
36547.37406194513
36547.37406194513
36547.37406194513
36547.37406194513
36547.37406194513
36547.37406194513
36547.37406194513
36547.37406194513
36547.37406194513
36547.37406194513
36547.37406194513
36547.37406194513
36547.37406194513
36547.37406194513
36547.37406194513
36547.37406194513
36547.37406194513
36547.37406194513
36547.37406194513
36547.37406194513
36547.37406194513
36547.37406194513
36547.37406194513
36547.37406194513
36547.37406194513
36547.37406194513
36547.37406194513
36547.37406194513
36524.47045653639
36524.47045653639
36524.47045653639
36424.041835642536
35667.8300230555
35667.8300230555
35667.8300230555
35667.8300230555
35667.8300230555
35667.8300230555
35667.8300230555
35667.8300230555
35667.8300230555
35667.8300230555
35667.8300230555
35667.8300230555
35667.8300230555
35667.8300230555
35667.8300230555
35195.63040297185
35195.63040297185
35195.63040297185
35195.63040297185
35195.63040297185
35195.63040297185
35195.63040297185
35195.63040297185
35195.63040297185
35195.63040297185
35195.63040297185
35195.63040297185
35195.63040297185
35195.63040297185
35195.63040297185
35195.63040297185
35195.63040297185
35195.63040297185
35195.63040297185
35195.63040297185
35195.63040297185
35195.63040297185
35195.63040297185
35195.63040297185
35195.63040297185
35195.63040297185
35195.63040297185
35195.63040297185
35195.63040297185
35195.63040297185
35195.63040297185
35195.63040297185
35195.63040297185
35195.63040297185
35195.63040297185
35169.372290506806
35169.372290506806
35169.372290506806
35169.372290506806
35169.372290506806
35169.372290506806
35169.372290506806
35169.372290506806
35169.372290506806
35169.372290506806
35169.372290506806
35169.372290506806
35169.372290506806
35169.372290506806
35132.844189707925
35132.844189707925
35132.844189707925
35132.844189707925
35132.844189707925
35132.844189707925
35132.844189707925
35132.844189707925
35132.844189707925
35132.844189707925
35132.844189707925
35132.844189707925
35132.844189707925
35132.844189707925
35132.844189707925
35132.844189707925
35132.844189707925
35132.844189707925
35132.844189707925
35132.844189707925
35132.844189707925
35132.844189707925
35132.844189707925
35132.844189707925
35132.844189707925
35132.844189707925
35132.844189707925
35132.844189707925
35132.844189707925
35108.43655847602
35108.43655847602
35108.43655847602
35108.43655847602
35108.43655847602
35108.43655847602
35108.43655847602
35108.43655847602
35108.43655847602
35108.43655847602
35108.43655847602
35108.43655847602
34978.446782653875
34978.446782653875
34309.918766101415
34226.85423049222
34226.85423049222
34226.85423049222
34226.85423049222
34226.85423049222
34226.85423049222
34226.85423049222
34226.85423049222
34226.85423049222
34226.85423049222
34226.85423049222
34226.85423049222
34226.85423049222
34226.85423049222
34226.85423049222
34226.85423049222
34226.85423049222
34214.025723220875
34214.025723220875
34214.025723220875
34214.025723220875
34214.025723220875
34214.025723220875
34214.025723220875
34214.025723220875
34214.025723220875
34214.025723220875
34214.025723220875
34214.025723220875
34214.025723220875
34214.025723220875
34125.153305805536
34125.153305805536
34125.153305805536
34125.153305805536
34125.153305805536
34125.153305805536
34125.153305805536
34125.153305805536
34125.153305805536
34125.153305805536
34125.153305805536
34125.153305805536
34125.153305805536
34125.153305805536
34125.153305805536
34125.153305805536
34125.153305805536
34125.153305805536
34125.153305805536
34125.153305805536
34125.153305805536
34125.153305805536
34125.153305805536
34125.153305805536
34125.153305805536
34125.153305805536
34125.153305805536
34125.153305805536
34125.153305805536
34125.153305805536
34125.153305805536
34125.153305805536
34125.153305805536
34125.153305805536
34125.153305805536
34125.153305805536
34125.153305805536
34125.153305805536
34125.153305805536
33371.05160778073
33371.05160778073
33225.09890202455
33225.09890202455
33225.09890202455
33225.09890202455
33225.09890202455
33225.09890202455
33225.09890202455
33225.09890202455
33225.09890202455
33225.09890202455
33225.09890202455
33225.09890202455
33225.09890202455
33225.09890202455
33225.09890202455
33225.09890202455
32883.38581750829
32883.38581750829
32883.38581750829
32883.38581750829
32883.38581750829
32883.38581750829
32883.38581750829
32883.38581750829
32883.38581750829
32883.38581750829
32883.38581750829
32883.38581750829
32883.38581750829
32883.38581750829
32883.38581750829
32883.38581750829
32883.38581750829
32883.38581750829
32883.38581750829
32883.38581750829
32883.38581750829
32883.38581750829
32883.38581750829
32883.38581750829
32883.38581750829
32883.38581750829
32883.38581750829
32883.38581750829
32883.38581750829
32883.38581750829
32883.38581750829
32883.38581750829
32883.38581750829
32883.38581750829
32883.38581750829
32883.38581750829
32883.38581750829
32883.38581750829
32883.38581750829
32883.38581750829
32883.38581750829
32883.38581750829
32883.38581750829
32883.38581750829
32883.38581750829
32883.38581750829
32883.38581750829
32883.38581750829
32883.38581750829
32883.38581750829
32883.38581750829
32883.38581750829
32883.38581750829
32883.38581750829
32883.38581750829
32883.38581750829
32883.38581750829
32883.38581750829
32883.38581750829
32883.38581750829
32883.38581750829
32883.38581750829
32883.38581750829
32883.38581750829
32883.38581750829
32883.38581750829
32883.38581750829
32883.38581750829
32883.38581750829
32883.38581750829
32883.38581750829
32883.38581750829
32883.38581750829
32883.38581750829
32883.38581750829
32883.38581750829
32883.38581750829
32883.38581750829
32883.38581750829
32883.38581750829
32883.38581750829
32883.38581750829
32883.38581750829
32883.38581750829
32883.38581750829
32883.38581750829
32883.38581750829
32883.38581750829
32883.38581750829
32843.165383741165
32843.165383741165
32843.165383741165
32843.165383741165
32843.165383741165
32843.165383741165
32843.165383741165
32843.165383741165
32843.165383741165
32843.165383741165
32843.165383741165
32843.165383741165
32843.165383741165
32843.165383741165
32843.165383741165
32265.952532418443
32265.952532418443
32265.952532418443
32265.952532418443
32265.952532418443
32265.952532418443
32265.952532418443
32265.952532418443
32265.952532418443
32265.952532418443
32265.952532418443
32265.952532418443
32265.952532418443
32265.952532418443
32265.952532418443
32265.952532418443
32265.952532418443
32265.952532418443
32265.952532418443
32265.952532418443
32265.952532418443
32265.952532418443
32265.952532418443
32265.952532418443
32265.952532418443
32265.952532418443
32265.952532418443
32265.952532418443
32265.952532418443
32265.952532418443
32265.952532418443
32265.952532418443
32265.952532418443
32265.952532418443
32265.952532418443
32265.952532418443
32265.952532418443
32265.952532418443
32265.952532418443
32265.952532418443
32265.952532418443
32265.952532418443
32265.952532418443
32265.952532418443
32265.952532418443
32265.952532418443
32265.952532418443
32265.952532418443
32265.952532418443
32265.952532418443
32265.952532418443
32265.952532418443
32265.952532418443
32265.952532418443
32265.952532418443
32265.952532418443
32265.952532418443
32265.952532418443
32265.952532418443
32265.952532418443
32265.952532418443
32265.952532418443
32265.952532418443
32265.952532418443
31600.075037575265
31600.075037575265
31600.075037575265
31600.075037575265
31600.075037575265
31600.075037575265
31600.075037575265
31600.075037575265
31600.075037575265
31600.075037575265
31600.075037575265
31600.075037575265
31600.075037575265
31600.075037575265
31600.075037575265
31600.075037575265
31600.075037575265
31600.075037575265
31600.075037575265
31600.075037575265
31600.075037575265
31600.075037575265
31600.075037575265
31600.075037575265
31600.075037575265
31600.075037575265
31600.075037575265
31600.075037575265
31600.075037575265
31600.075037575265
31600.075037575265
31600.075037575265
31600.075037575265
31600.075037575265
31600.075037575265
31600.075037575265
31600.075037575265
31600.075037575265
31600.075037575265
31600.075037575265
31600.075037575265
31600.075037575265
31600.075037575265
31600.075037575265
31600.075037575265
31600.075037575265
31600.075037575265
31600.075037575265
31600.075037575265
31600.075037575265
31600.075037575265
31600.075037575265
31600.075037575265
31600.075037575265
31600.075037575265
31600.075037575265
31600.075037575265
31600.075037575265
31600.075037575265
31600.075037575265
31600.075037575265
31600.075037575265
31600.075037575265
31600.075037575265
31600.075037575265
31600.075037575265
31600.075037575265
31600.075037575265
31600.075037575265
31600.075037575265
31600.075037575265
31600.075037575265
31600.075037575265
31600.075037575265
31600.075037575265
31600.075037575265
31248.90516031614
31248.90516031614
31248.90516031614
31248.90516031614
31248.90516031614
31248.90516031614
31248.90516031614
31248.90516031614
31248.90516031614
31248.90516031614
31248.90516031614
31248.90516031614
31248.90516031614
31248.90516031614
31248.90516031614
31175.77583249232
31175.77583249232
31175.77583249232
31175.77583249232
31175.77583249232
31175.77583249232
31175.77583249232
31175.77583249232
31175.77583249232
31175.77583249232
31175.77583249232
31175.77583249232
31175.77583249232
31175.77583249232
31175.77583249232
31175.77583249232
31175.77583249232
31175.77583249232
31175.77583249232
31175.77583249232
31175.77583249232
31175.77583249232
31175.77583249232
31175.77583249232
31175.77583249232
31175.77583249232
30471.36546422033
30471.36546422033
30471.36546422033
30471.36546422033
30471.36546422033
30471.36546422033
30471.36546422033
30471.36546422033
30471.36546422033
30471.36546422033
30471.36546422033
30471.36546422033
30471.36546422033
30471.36546422033
30471.36546422033
30471.36546422033
30471.36546422033
30471.36546422033
30471.36546422033
30471.36546422033
30471.36546422033
30471.36546422033
30471.36546422033
30471.36546422033
30471.36546422033
30471.36546422033
30471.36546422033
30471.36546422033
30471.36546422033
30471.36546422033
30471.36546422033
30471.36546422033
30471.36546422033
30471.36546422033
30471.36546422033
30471.36546422033
30471.36546422033
30471.36546422033
30471.36546422033
30471.36546422033
30471.36546422033
30471.36546422033
30471.36546422033
30471.36546422033
30471.36546422033
30471.36546422033
30471.36546422033
30471.36546422033
30471.36546422033
30471.36546422033
30471.36546422033
30471.36546422033
30471.36546422033
30471.36546422033
30471.36546422033
30471.36546422033
30471.36546422033
30471.36546422033
30471.36546422033
30471.36546422033
30471.36546422033
30471.36546422033
30471.36546422033
30471.36546422033
30471.36546422033
30471.36546422033
30471.36546422033
30471.36546422033
30471.36546422033
30471.36546422033
30471.36546422033
30471.36546422033
30471.36546422033
30471.36546422033
30471.36546422033
30471.36546422033
30471.36546422033
30471.36546422033
Time: 108.96209526062012 seconds 
Best solution: 30471.36546422033 [62, 71, 68, 84, 85, 101, 96, 102, 93, 100, 94, 99, 95, 88, 87, 98, 76, 79, 72, 92, 97, 91, 73, 80, 75, 89, 90, 63, 65, 66, 60, 61, 38, 39, 34, 4, 14, 13, 35, 52, 44, 37, 46, 104, 45, 41, 53, 33, 40, 30, 31, 22, 103, 29, 32, 21, 20, 36, 8, 5, 9, 24, 27, 28, 11, 10, 6, 2, 1, 7, 15, 12, 23, 3, 16, 17, 25, 19, 26, 18, 43, 42, 47, 55, 56, 49, 48, 50, 57, 51, 54, 58, 105, 59, 70, 77, 67, 64, 74, 69, 82, 83, 78, 86, 81]
Avg solution: 47310.14559758694