Alg:2, Run: 2, file: C:\Users\gabri\Documents\AN 3 SEM 2\AI\Lab\Lab3\\lin105.tsp, population number: 1000, generations: 2500 
103038.68360092521
102564.46368427666
102564.46368427666
102564.46368427666
100692.10084881367
100692.10084881367
100692.10084881367
100692.10084881367
97434.48066365591
97434.48066365591
97434.48066365591
97434.48066365591
97372.51294067201
97372.51294067201
97372.51294067201
97372.51294067201
96734.54052659383
96734.54052659383
93795.66470487493
93795.66470487493
93795.66470487493
93795.66470487493
93795.66470487493
93795.66470487493
93795.66470487493
93795.66470487493
93795.66470487493
93795.66470487493
93795.66470487493
93795.66470487493
92599.59513410051
92599.59513410051
92599.59513410051
92599.59513410051
91377.08984596723
91377.08984596723
91377.08984596723
91377.08984596723
91377.08984596723
90393.32593677571
90393.32593677571
90393.32593677571
90393.32593677571
90393.32593677571
90214.53016249884
90214.53016249884
90214.53016249884
90214.53016249884
90214.53016249884
89463.3373921673
87495.2248044708
87495.2248044708
87495.2248044708
87495.2248044708
87495.2248044708
87495.2248044708
87495.2248044708
87495.2248044708
87495.2248044708
87495.2248044708
84455.37643314917
84455.37643314917
84455.37643314917
84455.37643314917
84455.37643314917
84455.37643314917
84455.37643314917
84455.37643314917
84455.37643314917
84455.37643314917
84455.37643314917
84455.37643314917
84455.37643314917
84455.37643314917
84455.37643314917
84455.37643314917
84455.37643314917
84455.37643314917
84455.37643314917
84455.37643314917
84455.37643314917
84455.37643314917
84455.37643314917
84455.37643314917
84455.37643314917
84455.37643314917
84455.37643314917
84455.37643314917
84455.37643314917
82427.93426373832
82427.93426373832
82427.93426373832
82427.93426373832
82427.93426373832
82427.93426373832
82427.93426373832
82427.93426373832
82427.93426373832
82427.93426373832
82427.93426373832
82427.93426373832
82427.93426373832
82427.93426373832
82427.93426373832
82427.93426373832
82427.93426373832
82427.93426373832
82427.93426373832
79992.43937824265
79992.43937824265
79992.43937824265
79992.43937824265
79992.43937824265
79992.43937824265
79992.43937824265
79992.43937824265
79992.43937824265
79992.43937824265
79992.43937824265
79992.43937824265
79992.43937824265
79992.43937824265
79992.43937824265
79992.43937824265
79992.43937824265
78313.51790420787
78313.51790420787
78313.51790420787
78313.51790420787
78313.51790420787
77487.05663488033
77487.05663488033
77487.05663488033
77487.05663488033
77487.05663488033
77487.05663488033
77487.05663488033
77487.05663488033
77487.05663488033
77487.05663488033
77487.05663488033
77487.05663488033
77487.05663488033
77487.05663488033
77487.05663488033
77487.05663488033
77487.05663488033
77487.05663488033
77487.05663488033
77487.05663488033
77487.05663488033
77487.05663488033
77100.14412945068
77100.14412945068
77100.14412945068
76332.53935944113
76332.53935944113
75499.12736325542
75499.12736325542
75499.12736325542
75499.12736325542
75499.12736325542
75499.12736325542
75499.12736325542
74465.68833795098
74465.68833795098
74465.68833795098
74465.68833795098
73468.17481024475
73468.17481024475
73468.17481024475
73468.17481024475
73282.26402452376
73282.26402452376
73282.26402452376
73282.26402452376
73282.26402452376
73282.26402452376
73282.26402452376
73282.26402452376
73282.26402452376
73282.26402452376
73282.26402452376
73021.99946335984
73021.99946335984
73021.99946335984
72878.23133454753
72878.23133454753
72878.23133454753
72878.23133454753
72221.63285906441
72221.63285906441
72221.63285906441
72028.73926179817
72028.73926179817
70956.87082031024
70956.87082031024
70956.87082031024
70956.87082031024
70956.87082031024
70956.87082031024
70956.87082031024
70956.87082031024
70956.87082031024
70956.87082031024
70956.87082031024
70956.87082031024
70956.87082031024
70956.87082031024
70956.87082031024
70956.87082031024
70257.46628782421
70257.46628782421
70257.46628782421
70257.46628782421
70257.46628782421
70257.46628782421
70257.46628782421
70257.46628782421
70257.46628782421
70257.46628782421
70257.46628782421
70257.46628782421
70257.46628782421
66802.01050108881
66802.01050108881
66802.01050108881
66802.01050108881
66802.01050108881
66802.01050108881
66802.01050108881
66802.01050108881
66802.01050108881
66802.01050108881
66802.01050108881
66802.01050108881
66802.01050108881
66802.01050108881
66802.01050108881
66802.01050108881
66802.01050108881
66802.01050108881
66802.01050108881
66802.01050108881
66802.01050108881
66016.65658979696
66016.65658979696
66016.65658979696
66016.65658979696
66016.65658979696
66016.65658979696
66016.65658979696
66016.65658979696
66016.65658979696
66016.65658979696
66016.65658979696
66016.65658979696
66016.65658979696
66016.65658979696
61027.51408087888
61027.51408087888
61027.51408087888
61027.51408087888
61027.51408087888
61027.51408087888
61027.51408087888
61027.51408087888
61027.51408087888
61027.51408087888
61027.51408087888
61027.51408087888
61027.51408087888
61027.51408087888
61027.51408087888
61027.51408087888
61027.51408087888
61027.51408087888
61027.51408087888
61027.51408087888
61027.51408087888
61027.51408087888
61027.51408087888
61027.51408087888
61027.51408087888
61027.51408087888
61027.51408087888
61027.51408087888
61027.51408087888
61027.51408087888
61027.51408087888
61027.51408087888
61027.51408087888
61027.51408087888
61027.51408087888
61027.51408087888
61027.51408087888
61027.51408087888
61027.51408087888
61027.51408087888
61027.51408087888
61027.51408087888
61027.51408087888
61027.51408087888
61027.51408087888
61027.51408087888
61027.51408087888
61027.51408087888
61027.51408087888
61027.51408087888
61027.51408087888
61027.51408087888
61027.51408087888
61027.51408087888
61027.51408087888
61027.51408087888
61027.51408087888
61027.51408087888
61027.51408087888
61027.51408087888
61027.51408087888
61027.51408087888
61027.51408087888
61027.51408087888
61027.51408087888
61027.51408087888
61027.51408087888
61027.51408087888
61027.51408087888
61027.51408087888
61027.51408087888
61027.51408087888
61027.51408087888
61027.51408087888
61027.51408087888
61027.51408087888
61027.51408087888
61027.51408087888
61027.51408087888
61027.51408087888
61027.51408087888
61027.51408087888
61027.51408087888
61027.51408087888
61027.51408087888
61027.51408087888
61027.51408087888
61027.51408087888
61027.51408087888
60785.66287908319
60785.66287908319
60785.66287908319
60785.66287908319
60785.66287908319
60785.66287908319
60785.66287908319
60785.66287908319
60785.66287908319
60785.66287908319
60785.66287908319
60785.66287908319
60785.66287908319
60785.66287908319
60785.66287908319
60785.66287908319
60785.66287908319
60785.66287908319
60785.66287908319
60785.66287908319
60785.66287908319
60785.66287908319
60785.66287908319
60785.66287908319
58858.86204903967
58858.86204903967
58858.86204903967
58858.86204903967
58858.86204903967
58858.86204903967
58858.86204903967
58858.86204903967
58858.86204903967
58858.86204903967
58858.86204903967
58858.86204903967
58858.86204903967
58858.86204903967
58858.86204903967
58858.86204903967
58858.86204903967
58858.86204903967
58858.86204903967
58858.86204903967
57077.08069568859
57077.08069568859
57077.08069568859
57077.08069568859
57077.08069568859
57077.08069568859
57077.08069568859
57077.08069568859
57077.08069568859
57077.08069568859
57077.08069568859
57077.08069568859
57077.08069568859
57077.08069568859
57077.08069568859
57077.08069568859
57077.08069568859
57077.08069568859
57077.08069568859
57077.08069568859
57077.08069568859
57077.08069568859
57077.08069568859
57077.08069568859
57077.08069568859
57077.08069568859
57077.08069568859
57077.08069568859
57077.08069568859
57077.08069568859
57077.08069568859
57077.08069568859
57077.08069568859
57077.08069568859
57077.08069568859
57077.08069568859
57077.08069568859
57077.08069568859
57077.08069568859
57077.08069568859
57077.08069568859
57077.08069568859
57077.08069568859
57077.08069568859
57077.08069568859
57077.08069568859
57077.08069568859
57077.08069568859
57077.08069568859
57077.08069568859
57077.08069568859
57077.08069568859
57077.08069568859
57077.08069568859
57077.08069568859
57077.08069568859
57077.08069568859
57077.08069568859
57077.08069568859
57077.08069568859
55722.62156869631
55722.62156869631
55722.62156869631
55722.62156869631
55722.62156869631
55722.62156869631
55722.62156869631
55722.62156869631
55722.62156869631
55722.62156869631
55722.62156869631
55722.62156869631
55722.62156869631
55722.62156869631
55722.62156869631
55722.62156869631
55722.62156869631
55722.62156869631
55722.62156869631
55722.62156869631
55722.62156869631
55722.62156869631
55722.62156869631
55722.62156869631
55722.62156869631
55722.62156869631
55722.62156869631
55722.62156869631
55722.62156869631
55722.62156869631
55722.62156869631
55722.62156869631
55722.62156869631
55722.62156869631
55722.62156869631
55722.62156869631
55722.62156869631
55722.62156869631
55722.62156869631
55722.62156869631
55722.62156869631
55722.62156869631
55722.62156869631
55722.62156869631
55722.62156869631
55722.62156869631
55722.62156869631
55722.62156869631
55722.62156869631
55722.62156869631
55722.62156869631
55722.62156869631
55722.62156869631
55722.62156869631
55722.62156869631
55722.62156869631
55722.62156869631
55722.62156869631
55722.62156869631
55722.62156869631
55722.62156869631
55722.62156869631
55722.62156869631
55722.62156869631
55722.62156869631
55722.62156869631
55722.62156869631
52492.22194143092
52492.22194143092
52492.22194143092
52492.22194143092
52492.22194143092
52492.22194143092
52492.22194143092
52492.22194143092
52492.22194143092
52492.22194143092
52492.22194143092
52492.22194143092
52492.22194143092
52492.22194143092
52492.22194143092
52492.22194143092
52492.22194143092
52492.22194143092
52492.22194143092
52492.22194143092
52492.22194143092
52492.22194143092
52492.22194143092
52492.22194143092
52492.22194143092
52492.22194143092
52492.22194143092
52492.22194143092
52492.22194143092
52492.22194143092
52492.22194143092
52492.22194143092
52492.22194143092
52492.22194143092
52492.22194143092
52492.22194143092
52492.22194143092
52492.22194143092
52492.22194143092
52492.22194143092
52492.22194143092
52492.22194143092
52492.22194143092
52492.22194143092
52492.22194143092
52492.22194143092
52492.22194143092
52492.22194143092
52492.22194143092
52492.22194143092
52492.22194143092
52492.22194143092
52492.22194143092
52492.22194143092
52492.22194143092
52492.22194143092
52492.22194143092
52492.22194143092
52492.22194143092
52492.22194143092
52492.22194143092
52492.22194143092
52492.22194143092
52492.22194143092
52492.22194143092
52492.22194143092
52492.22194143092
52492.22194143092
52492.22194143092
52492.22194143092
52492.22194143092
52492.22194143092
52409.45495917784
52409.45495917784
52409.45495917784
52409.45495917784
52409.45495917784
52409.45495917784
52409.45495917784
52409.45495917784
52409.45495917784
52409.45495917784
52409.45495917784
52409.45495917784
52409.45495917784
52409.45495917784
52409.45495917784
52409.45495917784
52409.45495917784
52409.45495917784
52409.45495917784
52409.45495917784
52409.45495917784
52409.45495917784
52409.45495917784
52409.45495917784
52409.45495917784
52409.45495917784
52409.45495917784
52409.45495917784
52409.45495917784
52409.45495917784
51057.411551789315
51057.411551789315
51057.411551789315
51057.411551789315
51057.411551789315
51057.411551789315
51057.411551789315
51057.411551789315
51057.411551789315
51057.411551789315
51057.411551789315
51057.411551789315
51057.411551789315
51057.411551789315
51057.411551789315
51057.411551789315
51057.411551789315
51057.411551789315
51057.411551789315
51057.411551789315
51057.411551789315
51057.411551789315
51057.411551789315
51057.411551789315
51057.411551789315
51057.411551789315
51057.411551789315
51057.411551789315
51057.411551789315
51057.411551789315
51057.411551789315
51057.411551789315
51057.411551789315
51057.411551789315
51057.411551789315
51057.411551789315
51057.411551789315
51057.411551789315
51057.411551789315
51057.411551789315
51057.411551789315
51057.411551789315
51057.411551789315
51057.411551789315
51057.411551789315
51057.411551789315
51057.411551789315
51057.411551789315
51057.411551789315
51057.411551789315
51057.411551789315
51057.411551789315
51057.411551789315
51057.411551789315
51057.411551789315
51057.411551789315
51057.411551789315
51057.411551789315
51057.411551789315
51057.411551789315
51057.411551789315
51057.411551789315
51057.411551789315
51057.411551789315
51057.411551789315
51057.411551789315
51057.411551789315
51057.411551789315
51057.411551789315
51057.411551789315
51057.411551789315
51057.411551789315
51057.411551789315
51057.411551789315
51057.411551789315
51057.411551789315
51057.411551789315
51057.411551789315
51057.411551789315
51057.411551789315
51057.411551789315
51057.411551789315
51057.411551789315
51057.411551789315
51057.411551789315
51057.411551789315
51057.411551789315
51057.411551789315
51057.411551789315
51057.411551789315
51057.411551789315
51057.411551789315
51057.411551789315
51057.411551789315
51057.411551789315
51057.411551789315
51057.411551789315
51057.411551789315
51057.411551789315
51057.411551789315
51057.411551789315
51057.411551789315
51057.411551789315
51057.411551789315
51057.411551789315
51057.411551789315
51057.411551789315
50886.14277706252
50886.14277706252
50886.14277706252
50886.14277706252
50886.14277706252
50886.14277706252
50886.14277706252
50886.14277706252
50886.14277706252
50746.21035090691
50746.21035090691
50746.21035090691
50746.21035090691
50746.21035090691
50746.21035090691
50746.21035090691
50746.21035090691
50746.21035090691
50746.21035090691
50746.21035090691
50746.21035090691
50746.21035090691
50746.21035090691
50746.21035090691
50746.21035090691
50746.21035090691
50746.21035090691
50746.21035090691
50746.21035090691
50746.21035090691
50746.21035090691
50746.21035090691
50746.21035090691
50746.21035090691
50746.21035090691
50746.21035090691
50746.21035090691
50746.21035090691
50746.21035090691
50746.21035090691
50746.21035090691
50746.21035090691
50746.21035090691
50746.21035090691
50746.21035090691
50746.21035090691
50746.21035090691
50746.21035090691
50746.21035090691
50746.21035090691
50746.21035090691
50746.21035090691
50746.21035090691
50746.21035090691
50746.21035090691
50746.21035090691
50746.21035090691
50746.21035090691
50746.21035090691
50746.21035090691
50746.21035090691
50746.21035090691
50746.21035090691
50746.21035090691
50746.21035090691
50746.21035090691
50746.21035090691
50746.21035090691
49610.534037533595
49610.534037533595
49610.534037533595
49610.534037533595
49610.534037533595
49610.534037533595
49610.534037533595
49610.534037533595
49610.534037533595
49610.534037533595
49610.534037533595
49610.534037533595
49610.534037533595
49381.73528679197
49381.73528679197
49381.73528679197
49381.73528679197
49381.73528679197
49381.73528679197
49381.73528679197
49381.73528679197
49381.73528679197
49381.73528679197
49381.73528679197
49381.73528679197
48395.64126284008
48395.64126284008
48395.64126284008
48395.64126284008
48395.64126284008
48395.64126284008
48395.64126284008
48395.64126284008
48395.64126284008
48395.64126284008
48395.64126284008
48395.64126284008
48395.64126284008
48395.64126284008
48395.64126284008
48395.64126284008
48395.64126284008
48395.64126284008
48395.64126284008
48395.64126284008
48395.64126284008
48395.64126284008
48395.64126284008
48395.64126284008
48395.64126284008
48395.64126284008
48395.64126284008
48395.64126284008
48395.64126284008
48395.64126284008
48395.64126284008
48395.64126284008
48395.64126284008
48395.64126284008
48395.64126284008
48395.64126284008
48091.88100248329
48091.88100248329
48091.88100248329
48091.88100248329
47984.49379963827
47984.49379963827
47984.49379963827
47984.49379963827
47984.49379963827
47984.49379963827
47984.49379963827
47984.49379963827
47984.49379963827
47984.49379963827
47984.49379963827
47984.49379963827
47984.49379963827
47984.49379963827
47023.236735066435
47023.236735066435
47023.236735066435
47023.236735066435
47023.236735066435
47023.236735066435
47023.236735066435
47023.236735066435
47023.236735066435
47023.236735066435
47023.236735066435
47023.236735066435
47023.236735066435
47023.236735066435
47023.236735066435
46377.49477010103
46377.49477010103
46377.49477010103
46377.49477010103
46377.49477010103
46377.49477010103
46377.49477010103
46377.49477010103
46377.49477010103
46377.49477010103
46377.49477010103
46377.49477010103
46377.49477010103
46377.49477010103
46377.49477010103
46377.49477010103
46377.49477010103
46377.49477010103
46377.49477010103
46377.49477010103
46377.49477010103
46377.49477010103
46377.49477010103
46377.49477010103
46377.49477010103
46377.49477010103
46377.49477010103
46377.49477010103
46377.49477010103
46377.49477010103
46377.49477010103
46377.49477010103
46377.49477010103
46377.49477010103
46377.49477010103
46377.49477010103
46377.49477010103
46377.49477010103
46377.49477010103
46377.49477010103
46377.49477010103
46377.49477010103
46377.49477010103
46377.49477010103
46377.49477010103
46377.49477010103
46377.49477010103
46377.49477010103
45689.00947712922
45689.00947712922
45689.00947712922
45689.00947712922
45689.00947712922
45689.00947712922
45689.00947712922
45689.00947712922
45689.00947712922
45689.00947712922
45689.00947712922
45689.00947712922
45689.00947712922
45689.00947712922
45689.00947712922
45689.00947712922
45689.00947712922
45689.00947712922
45689.00947712922
45689.00947712922
45689.00947712922
45689.00947712922
45689.00947712922
45689.00947712922
45689.00947712922
45689.00947712922
45689.00947712922
45689.00947712922
45689.00947712922
45689.00947712922
45689.00947712922
45689.00947712922
45689.00947712922
45689.00947712922
45689.00947712922
45689.00947712922
45689.00947712922
45689.00947712922
45689.00947712922
45689.00947712922
45689.00947712922
45689.00947712922
45689.00947712922
45689.00947712922
45422.849679792045
45422.849679792045
45422.849679792045
45422.849679792045
45422.849679792045
45422.849679792045
45422.849679792045
45422.849679792045
45422.849679792045
45422.849679792045
45422.849679792045
45029.379785384015
45029.379785384015
45029.379785384015
45029.379785384015
45029.379785384015
45029.379785384015
45029.379785384015
45029.379785384015
45029.379785384015
45029.379785384015
45029.379785384015
45029.379785384015
45029.379785384015
45029.379785384015
45029.379785384015
45029.379785384015
45029.379785384015
45029.379785384015
45029.379785384015
45029.379785384015
45029.379785384015
45029.379785384015
45029.379785384015
45029.379785384015
45029.379785384015
45029.379785384015
44280.53602488329
44280.53602488329
44280.53602488329
44280.53602488329
44280.53602488329
44280.53602488329
44280.53602488329
44280.53602488329
44280.53602488329
44280.53602488329
44280.53602488329
44280.53602488329
44280.53602488329
44280.53602488329
44280.53602488329
44280.53602488329
44280.53602488329
44280.53602488329
44280.53602488329
44280.53602488329
44280.53602488329
44280.53602488329
44156.99540684062
44156.99540684062
44156.99540684062
44156.99540684062
44156.99540684062
44156.99540684062
44156.99540684062
44156.99540684062
44156.99540684062
44156.99540684062
44156.99540684062
44156.99540684062
44156.99540684062
44156.99540684062
44156.99540684062
44156.99540684062
44156.99540684062
44156.99540684062
44156.99540684062
44156.99540684062
44156.99540684062
44156.99540684062
44156.99540684062
44156.99540684062
44156.99540684062
44156.99540684062
43999.32326431393
43999.32326431393
43999.32326431393
43999.32326431393
43999.32326431393
43999.32326431393
43999.32326431393
43999.32326431393
43999.32326431393
43999.32326431393
43999.32326431393
43999.32326431393
43999.32326431393
43999.32326431393
43999.32326431393
43999.32326431393
43315.16038251128
43315.16038251128
43315.16038251128
43315.16038251128
43315.16038251128
43315.16038251128
43315.16038251128
43315.16038251128
43315.16038251128
43315.16038251128
43315.16038251128
43315.16038251128
43315.16038251128
43315.16038251128
43315.16038251128
43315.16038251128
43315.16038251128
43315.16038251128
43315.16038251128
43315.16038251128
43315.16038251128
43315.16038251128
43315.16038251128
43315.16038251128
43315.16038251128
43315.16038251128
43315.16038251128
43315.16038251128
43315.16038251128
43315.16038251128
43315.16038251128
43315.16038251128
43315.16038251128
43315.16038251128
43315.16038251128
43315.16038251128
43315.16038251128
43315.16038251128
43315.16038251128
43315.16038251128
43315.16038251128
43315.16038251128
43315.16038251128
43315.16038251128
43315.16038251128
43315.16038251128
43315.16038251128
43315.16038251128
43315.16038251128
43315.16038251128
43315.16038251128
43315.16038251128
43315.16038251128
43315.16038251128
43315.16038251128
43315.16038251128
43315.16038251128
43315.16038251128
43315.16038251128
43315.16038251128
43315.16038251128
43268.915198108494
43268.915198108494
43268.915198108494
43268.915198108494
43268.915198108494
43268.915198108494
43268.915198108494
43268.915198108494
43268.915198108494
43268.915198108494
43268.915198108494
43268.915198108494
43268.915198108494
43268.915198108494
43268.915198108494
43268.915198108494
43268.915198108494
43268.915198108494
43268.915198108494
42759.99307609378
42759.99307609378
42759.99307609378
42759.99307609378
42759.99307609378
42759.99307609378
42759.99307609378
42759.99307609378
42759.99307609378
42759.99307609378
42148.02219538622
42148.02219538622
42148.02219538622
42148.02219538622
42148.02219538622
42148.02219538622
42148.02219538622
42148.02219538622
42148.02219538622
42148.02219538622
42148.02219538622
41705.73116678418
41705.73116678418
41705.73116678418
41705.73116678418
41705.73116678418
41705.73116678418
41705.73116678418
41705.73116678418
41705.73116678418
41705.73116678418
41705.73116678418
41705.73116678418
41705.73116678418
41705.73116678418
41705.73116678418
41705.73116678418
41705.73116678418
41705.73116678418
41705.73116678418
41705.73116678418
41705.73116678418
41705.73116678418
41705.73116678418
41705.73116678418
41705.73116678418
41705.73116678418
41705.73116678418
41705.73116678418
41705.73116678418
41705.73116678418
41330.73352159173
41330.73352159173
41330.73352159173
41330.73352159173
41330.73352159173
41330.73352159173
41330.73352159173
41330.73352159173
41330.73352159173
41330.73352159173
41330.73352159173
41330.73352159173
41330.73352159173
41330.73352159173
41330.73352159173
41330.73352159173
41330.73352159173
41330.73352159173
41330.73352159173
41330.73352159173
41330.73352159173
41330.73352159173
41330.73352159173
41330.73352159173
41330.73352159173
41330.73352159173
41330.73352159173
41330.73352159173
41330.73352159173
41330.73352159173
41330.73352159173
41330.73352159173
41330.73352159173
41330.73352159173
41330.73352159173
41330.73352159173
41330.73352159173
41330.73352159173
41330.73352159173
41330.73352159173
41330.73352159173
41330.73352159173
41330.73352159173
41330.73352159173
41330.73352159173
41330.73352159173
41330.73352159173
41330.73352159173
41330.73352159173
41330.73352159173
41330.73352159173
41330.73352159173
41330.73352159173
41330.73352159173
41330.73352159173
41330.73352159173
41330.73352159173
41330.73352159173
41330.73352159173
41330.73352159173
41330.73352159173
41330.73352159173
41330.73352159173
41330.73352159173
41330.73352159173
41330.73352159173
41330.73352159173
41330.73352159173
41330.73352159173
41330.73352159173
41330.73352159173
41330.73352159173
41330.73352159173
41330.73352159173
41330.73352159173
41330.73352159173
41330.73352159173
41144.93966737952
41144.93966737952
41144.93966737952
41144.93966737952
41144.93966737952
41144.93966737952
41144.93966737952
41144.93966737952
41144.93966737952
41144.93966737952
41144.93966737952
41144.93966737952
41144.93966737952
41144.93966737952
41144.93966737952
41144.93966737952
41144.93966737952
41144.93966737952
41144.93966737952
41144.93966737952
41144.93966737952
41144.93966737952
41144.93966737952
41144.93966737952
41144.93966737952
41144.93966737952
41144.93966737952
40736.19364748289
40736.19364748289
40736.19364748289
40736.19364748289
40736.19364748289
40736.19364748289
40736.19364748289
40736.19364748289
40736.19364748289
40736.19364748289
40736.19364748289
40736.19364748289
40736.19364748289
40736.19364748289
40736.19364748289
40736.19364748289
40736.19364748289
40736.19364748289
40736.19364748289
40736.19364748289
40736.19364748289
40691.2838661413
40691.2838661413
40691.2838661413
40691.2838661413
40691.2838661413
40691.2838661413
40691.2838661413
40691.2838661413
40691.2838661413
40691.2838661413
40691.2838661413
40691.2838661413
40691.2838661413
40691.2838661413
40691.2838661413
40691.2838661413
40691.2838661413
40691.2838661413
40691.2838661413
40691.2838661413
40691.2838661413
40691.2838661413
40691.2838661413
40691.2838661413
40691.2838661413
40691.2838661413
40691.2838661413
40691.2838661413
40691.2838661413
40691.2838661413
40691.2838661413
40691.2838661413
40691.2838661413
40691.2838661413
40691.2838661413
40691.2838661413
40691.2838661413
40691.2838661413
40485.39240385373
40485.39240385373
40485.39240385373
40485.39240385373
40485.39240385373
40485.39240385373
40485.39240385373
40485.39240385373
40485.39240385373
40485.39240385373
40485.39240385373
40485.39240385373
40485.39240385373
40485.39240385373
40485.39240385373
40485.39240385373
40485.39240385373
40485.39240385373
40485.39240385373
40485.39240385373
40485.39240385373
40485.39240385373
40485.39240385373
40485.39240385373
40485.39240385373
40164.83853819338
40164.83853819338
40164.83853819338
40164.83853819338
40164.83853819338
40164.83853819338
40164.83853819338
40164.83853819338
39274.005501182466
39274.005501182466
39274.005501182466
39274.005501182466
39274.005501182466
39274.005501182466
39274.005501182466
39274.005501182466
39274.005501182466
39274.005501182466
39274.005501182466
39274.005501182466
39274.005501182466
39274.005501182466
39274.005501182466
39274.005501182466
39274.005501182466
39274.005501182466
39274.005501182466
39274.005501182466
39274.005501182466
39274.005501182466
39205.29930326459
39205.29930326459
39205.29930326459
39205.29930326459
39205.29930326459
39205.29930326459
39205.29930326459
39074.07824623301
39074.07824623301
39074.07824623301
39074.07824623301
39074.07824623301
39074.07824623301
39074.07824623301
39074.07824623301
39074.07824623301
39074.07824623301
39074.07824623301
39074.07824623301
39074.07824623301
39074.07824623301
39074.07824623301
39074.07824623301
39074.07824623301
39074.07824623301
39074.07824623301
39074.07824623301
39074.07824623301
39074.07824623301
39074.07824623301
39074.07824623301
39074.07824623301
39074.07824623301
39074.07824623301
39074.07824623301
39074.07824623301
39074.07824623301
39074.07824623301
39074.07824623301
39074.07824623301
39074.07824623301
39074.07824623301
39074.07824623301
39074.07824623301
39074.07824623301
39074.07824623301
39074.07824623301
39074.07824623301
39074.07824623301
39074.07824623301
39074.07824623301
39074.07824623301
39074.07824623301
39074.07824623301
39074.07824623301
39074.07824623301
38920.65915443963
38920.65915443963
38920.65915443963
38920.65915443963
38920.65915443963
38920.65915443963
38920.65915443963
38920.65915443963
38920.65915443963
38920.65915443963
38920.65915443963
38920.65915443963
38920.65915443963
38920.65915443963
38920.65915443963
38920.65915443963
38920.65915443963
38920.65915443963
38920.65915443963
38920.65915443963
38920.65915443963
38920.65915443963
38920.65915443963
38920.65915443963
38920.65915443963
38920.65915443963
38920.65915443963
38920.65915443963
38920.65915443963
38920.65915443963
38920.65915443963
38262.96390164804
38262.96390164804
38262.96390164804
38262.96390164804
38262.96390164804
38262.96390164804
38262.96390164804
38262.96390164804
38262.96390164804
38262.96390164804
38262.96390164804
38262.96390164804
38228.156686501716
38228.156686501716
38228.156686501716
38228.156686501716
38228.156686501716
38228.156686501716
38228.156686501716
38228.156686501716
38228.156686501716
38228.156686501716
38228.156686501716
38228.156686501716
38228.156686501716
38228.156686501716
38228.156686501716
38228.156686501716
38228.156686501716
38228.156686501716
38228.156686501716
38228.156686501716
38228.156686501716
38228.156686501716
38228.156686501716
38228.156686501716
38228.156686501716
38228.156686501716
38228.156686501716
38228.156686501716
38228.156686501716
38228.156686501716
38228.156686501716
38228.156686501716
38228.156686501716
38228.156686501716
38228.156686501716
38228.156686501716
38228.156686501716
38228.156686501716
38228.156686501716
38228.156686501716
38228.156686501716
38228.156686501716
38228.156686501716
37682.28210998307
37682.28210998307
37682.28210998307
37682.28210998307
37682.28210998307
37682.28210998307
37682.28210998307
37682.28210998307
37682.28210998307
37682.28210998307
37682.28210998307
37682.28210998307
37682.28210998307
37682.28210998307
37682.28210998307
37682.28210998307
37682.28210998307
37682.28210998307
37682.28210998307
37682.28210998307
37682.28210998307
37682.28210998307
37682.28210998307
37682.28210998307
37682.28210998307
37682.28210998307
37682.28210998307
37682.28210998307
37682.28210998307
37682.28210998307
37682.28210998307
37682.28210998307
37682.28210998307
37682.28210998307
37682.28210998307
36690.701117097284
36690.701117097284
36690.701117097284
36690.701117097284
36690.701117097284
36690.701117097284
36690.701117097284
36690.701117097284
36690.701117097284
36690.701117097284
36690.701117097284
36690.701117097284
36690.701117097284
36690.701117097284
36690.701117097284
36690.701117097284
36690.701117097284
36690.701117097284
36690.701117097284
36690.701117097284
36690.701117097284
36690.701117097284
36690.701117097284
36690.701117097284
36690.701117097284
36690.701117097284
36690.701117097284
36690.701117097284
36690.701117097284
36690.701117097284
36690.701117097284
36690.701117097284
36690.701117097284
36690.701117097284
36690.701117097284
36690.701117097284
36690.701117097284
36690.701117097284
36690.701117097284
36690.701117097284
36690.701117097284
36690.701117097284
36690.701117097284
36690.701117097284
36690.701117097284
36690.701117097284
36690.701117097284
36690.701117097284
36690.701117097284
36690.701117097284
36690.701117097284
36690.701117097284
36690.701117097284
36690.701117097284
36690.701117097284
36690.701117097284
36690.701117097284
36690.701117097284
36690.701117097284
36690.701117097284
36690.701117097284
36690.701117097284
36690.701117097284
36690.701117097284
36690.701117097284
36690.701117097284
36690.701117097284
36690.701117097284
36690.701117097284
36690.701117097284
36690.701117097284
36690.701117097284
36690.701117097284
36690.701117097284
36690.701117097284
36690.701117097284
36690.701117097284
36690.701117097284
36690.701117097284
36690.701117097284
36690.701117097284
36690.701117097284
36690.701117097284
36690.701117097284
36690.701117097284
36690.701117097284
36690.701117097284
36690.701117097284
36690.701117097284
36690.701117097284
36690.701117097284
36690.701117097284
36690.701117097284
36690.701117097284
36690.701117097284
36690.701117097284
36690.701117097284
36690.701117097284
36690.701117097284
36690.701117097284
36690.701117097284
36690.701117097284
36690.701117097284
36690.701117097284
36690.701117097284
36690.701117097284
36690.701117097284
36690.701117097284
36690.701117097284
36690.701117097284
36690.701117097284
36690.701117097284
36690.701117097284
36690.701117097284
36690.701117097284
36690.701117097284
36690.701117097284
36690.701117097284
36249.475446360055
36249.475446360055
35965.01118975491
35965.01118975491
35965.01118975491
35965.01118975491
35965.01118975491
35965.01118975491
35965.01118975491
35965.01118975491
35965.01118975491
35965.01118975491
35965.01118975491
35965.01118975491
35965.01118975491
35965.01118975491
35965.01118975491
35965.01118975491
35965.01118975491
35965.01118975491
35965.01118975491
35965.01118975491
35965.01118975491
35965.01118975491
35965.01118975491
35965.01118975491
35965.01118975491
35965.01118975491
35965.01118975491
35965.01118975491
35965.01118975491
35965.01118975491
35965.01118975491
35965.01118975491
35130.86546458881
35130.86546458881
35130.86546458881
35130.86546458881
35130.86546458881
35130.86546458881
35130.86546458881
35130.86546458881
34899.32410492597
34899.32410492597
34899.32410492597
34899.32410492597
34899.32410492597
34899.32410492597
34899.32410492597
34899.32410492597
34899.32410492597
34899.32410492597
34899.32410492597
34899.32410492597
34899.32410492597
34899.32410492597
34899.32410492597
34899.32410492597
34899.32410492597
34899.32410492597
34899.32410492597
34899.32410492597
34899.32410492597
34899.32410492597
34899.32410492597
34899.32410492597
34899.32410492597
34899.32410492597
34899.32410492597
34899.32410492597
34899.32410492597
34899.32410492597
34899.32410492597
34899.32410492597
34899.32410492597
34899.32410492597
34899.32410492597
34899.32410492597
34899.32410492597
34899.32410492597
34899.32410492597
34899.32410492597
34899.32410492597
34899.32410492597
34899.32410492597
34899.32410492597
34899.32410492597
34899.32410492597
34899.32410492597
34899.32410492597
34899.32410492597
34899.32410492597
34899.32410492597
34899.32410492597
34899.32410492597
34899.32410492597
34899.32410492597
34899.32410492597
34899.32410492597
34899.32410492597
34899.32410492597
34899.32410492597
34899.32410492597
34899.32410492597
34899.32410492597
34899.32410492597
34899.32410492597
34899.32410492597
34899.32410492597
34899.32410492597
34899.32410492597
34899.32410492597
34899.32410492597
34899.32410492597
34899.32410492597
34899.32410492597
34899.32410492597
34899.32410492597
34899.32410492597
34899.32410492597
34899.32410492597
34899.32410492597
34899.32410492597
34899.32410492597
34899.32410492597
34899.32410492597
34899.32410492597
34899.32410492597
34899.32410492597
34899.32410492597
34899.32410492597
34899.32410492597
34899.32410492597
34899.32410492597
34899.32410492597
34899.32410492597
34899.32410492597
34899.32410492597
34899.32410492597
34899.32410492597
34899.32410492597
34899.32410492597
34899.32410492597
34899.32410492597
34899.32410492597
34899.32410492597
34899.32410492597
34899.32410492597
34899.32410492597
34899.32410492597
33257.61536848821
33257.61536848821
33257.61536848821
33257.61536848821
33257.61536848821
33257.61536848821
33257.61536848821
33257.61536848821
33257.61536848821
33257.61536848821
33257.61536848821
33257.61536848821
33257.61536848821
33257.61536848821
33257.61536848821
33257.61536848821
33257.61536848821
33257.61536848821
33257.61536848821
33257.61536848821
33257.61536848821
33257.61536848821
33257.61536848821
33257.61536848821
33257.61536848821
33257.61536848821
33257.61536848821
33257.61536848821
33257.61536848821
33257.61536848821
33257.61536848821
33257.61536848821
33257.61536848821
33257.61536848821
33257.61536848821
33257.61536848821
33257.61536848821
33257.61536848821
33257.61536848821
33257.61536848821
33257.61536848821
33257.61536848821
33257.61536848821
33257.61536848821
33257.61536848821
33257.61536848821
33257.61536848821
33257.61536848821
33257.61536848821
33257.61536848821
33257.61536848821
33257.61536848821
33257.61536848821
33257.61536848821
33257.61536848821
33257.61536848821
33257.61536848821
33257.61536848821
33257.61536848821
33257.61536848821
33257.61536848821
33257.61536848821
33257.61536848821
33257.61536848821
33257.61536848821
33257.61536848821
33257.61536848821
33257.61536848821
33257.61536848821
33257.61536848821
33257.61536848821
33257.61536848821
33257.61536848821
33257.61536848821
33257.61536848821
33257.61536848821
33257.61536848821
33257.61536848821
33257.61536848821
33257.61536848821
33257.61536848821
33257.61536848821
33257.61536848821
33257.61536848821
33257.61536848821
33257.61536848821
33257.61536848821
33257.61536848821
33257.61536848821
33257.61536848821
33257.61536848821
33257.61536848821
33257.61536848821
33257.61536848821
33257.61536848821
33257.61536848821
33257.61536848821
33257.61536848821
33257.61536848821
33257.61536848821
33257.61536848821
33257.61536848821
33257.61536848821
33257.61536848821
33257.61536848821
33257.61536848821
33257.61536848821
33257.61536848821
33257.61536848821
33257.61536848821
33257.61536848821
33257.61536848821
33257.61536848821
33257.61536848821
33257.61536848821
33257.61536848821
33257.61536848821
33257.61536848821
33257.61536848821
33257.61536848821
33257.61536848821
33257.61536848821
33257.61536848821
33257.61536848821
33257.61536848821
33257.61536848821
33257.61536848821
33257.61536848821
33257.61536848821
33257.61536848821
33257.61536848821
33257.61536848821
33257.61536848821
33257.61536848821
33257.61536848821
33257.61536848821
33257.61536848821
33257.61536848821
33257.61536848821
31956.36098044494
31956.36098044494
31956.36098044494
31956.36098044494
31956.36098044494
31956.36098044494
31956.36098044494
31956.36098044494
31956.36098044494
31956.36098044494
31956.36098044494
31956.36098044494
31956.36098044494
31956.36098044494
31956.36098044494
31956.36098044494
31956.36098044494
31956.36098044494
31956.36098044494
31956.36098044494
31956.36098044494
31956.36098044494
31956.36098044494
31956.36098044494
31956.36098044494
31956.36098044494
31956.36098044494
31956.36098044494
31956.36098044494
31956.36098044494
31956.36098044494
31956.36098044494
31956.36098044494
31956.36098044494
31956.36098044494
31956.36098044494
31956.36098044494
31956.36098044494
31956.36098044494
31956.36098044494
31956.36098044494
31956.36098044494
31956.36098044494
31956.36098044494
31956.36098044494
31956.36098044494
31956.36098044494
31956.36098044494
31956.36098044494
31956.36098044494
31956.36098044494
31956.36098044494
31956.36098044494
31956.36098044494
31956.36098044494
31956.36098044494
31956.36098044494
31956.36098044494
31956.36098044494
31956.36098044494
31956.36098044494
31956.36098044494
31956.36098044494
31956.36098044494
31956.36098044494
31956.36098044494
31956.36098044494
31956.36098044494
31956.36098044494
31956.36098044494
31956.36098044494
31956.36098044494
31956.36098044494
31956.36098044494
31956.36098044494
31956.36098044494
31956.36098044494
31956.36098044494
31956.36098044494
31956.36098044494
31956.36098044494
31956.36098044494
31956.36098044494
31956.36098044494
31956.36098044494
31956.36098044494
31956.36098044494
31956.36098044494
31956.36098044494
31956.36098044494
31956.36098044494
31956.36098044494
31956.36098044494
31956.36098044494
31956.36098044494
31956.36098044494
31956.36098044494
31956.36098044494
31956.36098044494
31956.36098044494
31956.36098044494
31956.36098044494
31956.36098044494
31956.36098044494
31956.36098044494
31956.36098044494
31956.36098044494
31956.36098044494
31956.36098044494
31956.36098044494
31956.36098044494
31956.36098044494
31956.36098044494
31956.36098044494
31956.36098044494
31956.36098044494
31956.36098044494
31956.36098044494
31956.36098044494
31956.36098044494
31956.36098044494
31956.36098044494
31956.36098044494
31956.36098044494
31956.36098044494
31956.36098044494
31956.36098044494
31956.36098044494
31956.36098044494
31956.36098044494
31956.36098044494
31956.36098044494
31956.36098044494
31956.36098044494
31956.36098044494
31956.36098044494
31956.36098044494
31956.36098044494
31956.36098044494
31956.36098044494
31956.36098044494
31956.36098044494
31956.36098044494
31956.36098044494
31956.36098044494
31956.36098044494
31956.36098044494
31956.36098044494
31956.36098044494
31956.36098044494
31956.36098044494
31956.36098044494
31956.36098044494
31956.36098044494
31956.36098044494
31956.36098044494
31956.36098044494
31956.36098044494
31956.36098044494
31956.36098044494
31956.36098044494
31956.36098044494
31956.36098044494
31956.36098044494
31956.36098044494
31956.36098044494
31956.36098044494
31956.36098044494
31956.36098044494
31956.36098044494
31956.36098044494
31956.36098044494
31956.36098044494
31956.36098044494
31956.36098044494
31956.36098044494
31956.36098044494
31956.36098044494
31956.36098044494
31956.36098044494
31956.36098044494
31956.36098044494
31956.36098044494
31956.36098044494
31956.36098044494
31956.36098044494
31956.36098044494
31956.36098044494
31956.36098044494
31956.36098044494
31956.36098044494
31956.36098044494
31956.36098044494
31956.36098044494
31956.36098044494
31956.36098044494
31956.36098044494
31956.36098044494
31956.36098044494
31956.36098044494
31956.36098044494
31956.36098044494
31956.36098044494
31956.36098044494
31956.36098044494
31956.36098044494
31956.36098044494
31906.127221514413
31906.127221514413
31906.127221514413
31906.127221514413
31906.127221514413
31906.127221514413
31906.127221514413
31906.127221514413
31906.127221514413
31906.127221514413
31906.127221514413
31906.127221514413
31906.127221514413
31906.127221514413
31906.127221514413
31906.127221514413
31906.127221514413
31906.127221514413
31103.181159290205
31103.181159290205
31103.181159290205
31103.181159290205
31103.181159290205
31103.181159290205
31103.181159290205
31103.181159290205
31103.181159290205
31103.181159290205
31103.181159290205
31103.181159290205
31103.181159290205
31103.181159290205
31103.181159290205
31103.181159290205
31103.181159290205
31103.181159290205
31103.181159290205
31103.181159290205
31103.181159290205
31103.181159290205
31103.181159290205
31103.181159290205
31103.181159290205
31103.181159290205
31103.181159290205
31103.181159290205
31103.181159290205
31103.181159290205
31103.181159290205
31103.181159290205
31103.181159290205
31103.181159290205
31103.181159290205
31103.181159290205
31103.181159290205
31103.181159290205
31103.181159290205
31103.181159290205
31103.181159290205
31103.181159290205
31103.181159290205
31103.181159290205
31103.181159290205
31103.181159290205
31103.181159290205
31103.181159290205
31103.181159290205
31103.181159290205
31103.181159290205
31103.181159290205
31103.181159290205
31103.181159290205
31103.181159290205
31103.181159290205
31103.181159290205
31103.181159290205
31103.181159290205
31103.181159290205
31103.181159290205
31103.181159290205
31103.181159290205
31103.181159290205
31103.181159290205
31103.181159290205
31103.181159290205
31103.181159290205
31103.181159290205
31103.181159290205
31103.181159290205
31103.181159290205
31103.181159290205
31103.181159290205
31103.181159290205
31103.181159290205
31103.181159290205
31103.181159290205
31103.181159290205
31103.181159290205
31103.181159290205
31103.181159290205
31103.181159290205
31103.181159290205
31103.181159290205
31103.181159290205
31103.181159290205
31103.181159290205
31103.181159290205
31103.181159290205
31103.181159290205
31103.181159290205
31103.181159290205
31103.181159290205
31103.181159290205
31103.181159290205
31103.181159290205
31103.181159290205
31103.181159290205
31103.181159290205
31103.181159290205
31103.181159290205
31103.181159290205
31103.181159290205
31103.181159290205
31103.181159290205
31103.181159290205
31103.181159290205
31103.181159290205
31103.181159290205
31103.181159290205
31103.181159290205
31103.181159290205
31103.181159290205
31103.181159290205
31103.181159290205
31103.181159290205
31103.181159290205
31103.181159290205
31103.181159290205
31103.181159290205
31103.181159290205
31103.181159290205
31103.181159290205
31103.181159290205
31103.181159290205
31103.181159290205
31103.181159290205
31103.181159290205
31103.181159290205
31103.181159290205
31103.181159290205
31103.181159290205
31103.181159290205
31103.181159290205
31103.181159290205
31103.181159290205
31103.181159290205
31103.181159290205
31103.181159290205
31103.181159290205
31103.181159290205
31103.181159290205
31103.181159290205
31103.181159290205
31103.181159290205
31103.181159290205
31103.181159290205
31103.181159290205
31103.181159290205
31103.181159290205
31103.181159290205
31103.181159290205
31103.181159290205
31103.181159290205
31103.181159290205
31103.181159290205
31103.181159290205
31103.181159290205
31103.181159290205
31103.181159290205
31103.181159290205
31103.181159290205
31103.181159290205
31103.181159290205
31103.181159290205
31103.181159290205
31103.181159290205
31103.181159290205
31103.181159290205
31103.181159290205
31103.181159290205
31103.181159290205
31103.181159290205
31103.181159290205
31103.181159290205
31103.181159290205
31103.181159290205
31103.181159290205
31103.181159290205
31103.181159290205
31103.181159290205
31103.181159290205
31103.181159290205
31103.181159290205
31103.181159290205
31103.181159290205
31103.181159290205
31103.181159290205
31103.181159290205
31103.181159290205
31103.181159290205
31103.181159290205
31103.181159290205
31103.181159290205
31103.181159290205
30385.024984080614
30385.024984080614
30385.024984080614
30385.024984080614
30385.024984080614
30385.024984080614
30385.024984080614
30385.024984080614
30385.024984080614
30385.024984080614
30385.024984080614
30385.024984080614
30385.024984080614
30385.024984080614
30385.024984080614
30385.024984080614
30385.024984080614
30385.024984080614
30385.024984080614
30385.024984080614
30385.024984080614
30385.024984080614
30385.024984080614
30385.024984080614
30385.024984080614
30385.024984080614
30385.024984080614
30385.024984080614
30385.024984080614
30385.024984080614
30385.024984080614
30385.024984080614
30385.024984080614
30385.024984080614
30385.024984080614
30385.024984080614
30385.024984080614
30385.024984080614
30385.024984080614
30385.024984080614
30385.024984080614
30385.024984080614
30385.024984080614
30385.024984080614
30385.024984080614
30385.024984080614
30385.024984080614
30385.024984080614
30385.024984080614
30385.024984080614
30385.024984080614
30385.024984080614
30385.024984080614
30385.024984080614
30385.024984080614
30385.024984080614
30385.024984080614
30385.024984080614
30385.024984080614
30385.024984080614
30385.024984080614
30385.024984080614
30385.024984080614
Time: 109.69007563591003 seconds 
Best solution: 30385.024984080614 [82, 70, 81, 68, 72, 64, 76, 80, 69, 62, 65, 88, 85, 102, 94, 61, 15, 74, 86, 104, 12, 29, 89, 92, 33, 58, 98, 100, 75, 97, 99, 73, 87, 31, 46, 43, 67, 77, 90, 20, 54, 44, 79, 93, 63, 101, 21, 66, 95, 60, 57, 27, 96, 91, 103, 23, 7, 6, 10, 30, 32, 16, 24, 18, 19, 25, 26, 28, 3, 2, 1, 11, 22, 9, 8, 14, 13, 5, 4, 17, 37, 36, 34, 39, 38, 35, 49, 55, 50, 53, 52, 51, 48, 105, 56, 59, 41, 42, 40, 45, 47, 83, 71, 78, 84]
Avg solution: 45660.98129396471