Alg:2, Run: 1, file: C:\Users\gabri\Documents\AN 3 SEM 2\AI\Lab\Lab3\\lin105.tsp, population number: 1000, generations: 2500 
105182.79871291203
105182.79871291203
104236.85902699333
102238.68390785885
101598.66109191933
101598.66109191933
101598.66109191933
101598.66109191933
101598.66109191933
99972.58568406431
99421.73028408138
99421.73028408138
94502.21388937779
94502.21388937779
94502.21388937779
94502.21388937779
94502.21388937779
94502.21388937779
94502.21388937779
94502.21388937779
94502.21388937779
94502.21388937779
94502.21388937779
92166.1240667662
92166.1240667662
92166.1240667662
92166.1240667662
92166.1240667662
92166.1240667662
92166.1240667662
91224.20394814112
91224.20394814112
91224.20394814112
91224.20394814112
91224.20394814112
91224.20394814112
91224.20394814112
91224.20394814112
91224.20394814112
91224.20394814112
91224.20394814112
91224.20394814112
90733.4417976437
90733.4417976437
90733.4417976437
90733.4417976437
90733.4417976437
90733.4417976437
90733.4417976437
90733.4417976437
90733.4417976437
90733.4417976437
89007.961034076
89007.961034076
89007.961034076
89007.961034076
89007.961034076
89007.961034076
89007.961034076
89007.961034076
89007.961034076
89007.961034076
89007.961034076
88562.58204277715
88562.58204277715
87531.95754753337
87531.95754753337
87227.03196950736
87227.03196950736
87227.03196950736
87227.03196950736
87227.03196950736
87227.03196950736
87227.03196950736
86002.2759195693
86002.2759195693
86002.2759195693
86002.2759195693
86002.2759195693
86002.2759195693
86002.2759195693
86002.2759195693
86002.2759195693
86002.2759195693
78521.0654116723
78521.0654116723
78521.0654116723
78521.0654116723
78521.0654116723
78521.0654116723
78521.0654116723
78521.0654116723
78521.0654116723
78521.0654116723
78521.0654116723
78521.0654116723
78521.0654116723
78521.0654116723
78521.0654116723
78521.0654116723
78521.0654116723
78521.0654116723
78521.0654116723
78521.0654116723
78521.0654116723
78521.0654116723
78521.0654116723
78521.0654116723
78521.0654116723
78521.0654116723
78521.0654116723
78521.0654116723
78521.0654116723
78521.0654116723
78521.0654116723
78521.0654116723
78521.0654116723
78521.0654116723
78521.0654116723
78521.0654116723
78521.0654116723
78521.0654116723
78118.46941209755
78118.46941209755
78118.46941209755
78118.46941209755
77511.42957397147
77511.42957397147
77511.42957397147
77511.42957397147
77511.42957397147
77511.42957397147
77511.42957397147
77511.42957397147
77511.42957397147
77511.42957397147
77511.42957397147
77511.42957397147
77511.42957397147
77511.42957397147
77511.42957397147
77511.42957397147
77511.42957397147
77511.42957397147
77511.42957397147
77511.42957397147
77511.42957397147
77511.42957397147
77511.42957397147
77511.42957397147
77511.42957397147
77511.42957397147
77511.42957397147
77511.42957397147
77511.42957397147
77511.42957397147
77511.42957397147
77511.42957397147
77511.42957397147
77511.42957397147
77511.42957397147
76913.20608221235
76913.20608221235
76913.20608221235
76318.45394698907
76318.45394698907
76318.45394698907
76318.45394698907
76318.45394698907
76318.45394698907
76318.45394698907
76318.45394698907
76318.45394698907
76318.45394698907
76318.45394698907
76318.45394698907
76318.45394698907
76318.45394698907
76318.45394698907
76318.45394698907
76318.45394698907
76318.45394698907
76318.45394698907
74406.83153200772
74406.83153200772
74406.83153200772
74406.83153200772
74406.83153200772
74406.83153200772
74406.83153200772
74406.83153200772
74406.83153200772
74406.83153200772
74406.83153200772
74406.83153200772
74406.83153200772
74406.83153200772
74406.83153200772
73989.54875041776
73989.54875041776
73989.54875041776
73989.54875041776
73989.54875041776
73989.54875041776
72163.30810029303
72163.30810029303
72163.30810029303
72163.30810029303
72163.30810029303
72163.30810029303
72163.30810029303
72163.30810029303
72163.30810029303
72163.30810029303
72163.30810029303
72163.30810029303
72163.30810029303
72163.30810029303
72163.30810029303
72163.30810029303
72163.30810029303
72163.30810029303
72163.30810029303
72163.30810029303
72163.30810029303
72163.30810029303
72163.30810029303
72163.30810029303
70834.3371125193
70834.3371125193
70834.3371125193
70834.3371125193
70834.3371125193
70834.3371125193
70834.3371125193
70834.3371125193
70834.3371125193
70834.3371125193
70834.3371125193
70834.3371125193
70834.3371125193
70834.3371125193
70834.3371125193
70834.3371125193
70834.3371125193
70834.3371125193
70834.3371125193
69671.87645324891
69671.87645324891
69671.87645324891
69671.87645324891
69671.87645324891
69671.87645324891
69671.87645324891
69671.87645324891
69671.87645324891
69671.87645324891
69671.87645324891
69671.87645324891
69671.87645324891
69671.87645324891
69671.87645324891
69671.87645324891
69671.87645324891
69671.87645324891
69671.87645324891
69671.87645324891
69671.87645324891
69671.87645324891
69671.87645324891
69671.87645324891
69671.87645324891
69671.87645324891
69671.87645324891
69671.87645324891
69671.87645324891
69671.87645324891
69671.87645324891
69671.87645324891
68809.01090172728
68809.01090172728
68809.01090172728
67532.43495572134
67532.43495572134
67532.43495572134
67532.43495572134
67337.48664898388
67337.48664898388
67337.48664898388
67337.48664898388
67337.48664898388
67337.48664898388
67337.48664898388
67337.48664898388
67337.48664898388
67337.48664898388
67337.48664898388
67337.48664898388
67337.48664898388
67337.48664898388
67337.48664898388
67337.48664898388
67337.48664898388
67337.48664898388
67337.48664898388
67337.48664898388
67337.48664898388
67337.48664898388
67337.48664898388
67337.48664898388
67337.48664898388
67337.48664898388
67337.48664898388
67337.48664898388
67337.48664898388
67337.48664898388
67337.48664898388
67337.48664898388
67337.48664898388
67337.48664898388
67337.48664898388
67337.48664898388
67337.48664898388
67337.48664898388
67337.48664898388
67337.48664898388
67337.48664898388
67337.48664898388
67337.48664898388
67337.48664898388
67337.48664898388
67337.48664898388
67337.48664898388
67337.48664898388
64276.7713528311
64276.7713528311
64276.7713528311
64276.7713528311
64276.7713528311
64276.7713528311
64276.7713528311
64276.7713528311
64276.7713528311
64276.7713528311
64276.7713528311
64276.7713528311
64276.7713528311
64276.7713528311
64276.7713528311
64276.7713528311
64276.7713528311
64276.7713528311
64276.7713528311
64276.7713528311
64276.7713528311
64276.7713528311
64276.7713528311
64276.7713528311
64276.7713528311
64276.7713528311
64276.7713528311
64276.7713528311
64276.7713528311
64276.7713528311
64276.7713528311
64276.7713528311
64276.7713528311
64276.7713528311
64276.7713528311
64276.7713528311
64276.7713528311
63936.87673627336
63936.87673627336
63936.87673627336
63936.87673627336
63936.87673627336
63936.87673627336
63936.87673627336
63936.87673627336
63936.87673627336
63936.87673627336
63936.87673627336
63936.87673627336
63936.87673627336
63936.87673627336
63936.87673627336
63936.87673627336
63936.87673627336
63936.87673627336
63936.87673627336
63936.87673627336
63936.87673627336
63936.87673627336
63936.87673627336
63936.87673627336
63936.87673627336
63936.87673627336
63936.87673627336
63936.87673627336
63936.87673627336
63399.37355881227
63399.37355881227
63399.37355881227
63399.37355881227
63399.37355881227
63399.37355881227
63399.37355881227
63399.37355881227
63399.37355881227
63399.37355881227
63399.37355881227
63399.37355881227
63399.37355881227
63399.37355881227
63399.37355881227
63399.37355881227
63399.37355881227
63399.37355881227
63399.37355881227
63399.37355881227
63399.37355881227
63399.37355881227
63399.37355881227
63399.37355881227
63399.37355881227
63399.37355881227
63399.37355881227
63199.600373523775
63199.600373523775
63199.600373523775
63199.600373523775
63199.600373523775
63199.600373523775
63199.600373523775
63199.600373523775
63199.600373523775
63199.600373523775
63199.600373523775
63199.600373523775
63199.600373523775
63199.600373523775
63199.600373523775
63199.600373523775
63199.600373523775
63199.600373523775
63199.600373523775
63199.600373523775
63199.600373523775
61934.66183414131
61934.66183414131
61934.66183414131
61934.66183414131
61934.66183414131
61934.66183414131
61934.66183414131
61934.66183414131
61934.66183414131
61934.66183414131
61934.66183414131
59939.4448348781
59939.4448348781
59939.4448348781
59939.4448348781
59939.4448348781
59939.4448348781
59939.4448348781
59939.4448348781
59939.4448348781
59939.4448348781
59939.4448348781
59939.4448348781
59939.4448348781
59939.4448348781
59939.4448348781
59939.4448348781
59939.4448348781
59939.4448348781
59939.4448348781
59939.4448348781
59939.4448348781
59939.4448348781
59939.4448348781
59939.4448348781
59939.4448348781
59939.4448348781
59939.4448348781
59939.4448348781
59939.4448348781
59939.4448348781
59939.4448348781
59939.4448348781
59939.4448348781
59939.4448348781
59939.4448348781
59939.4448348781
59939.4448348781
59939.4448348781
59939.4448348781
59939.4448348781
59939.4448348781
59939.4448348781
59939.4448348781
59939.4448348781
59939.4448348781
59939.4448348781
59939.4448348781
59939.4448348781
59939.4448348781
59939.4448348781
59939.4448348781
59939.4448348781
59939.4448348781
59939.4448348781
59939.4448348781
59939.4448348781
59939.4448348781
59939.4448348781
59939.4448348781
59939.4448348781
59939.4448348781
59939.4448348781
59939.4448348781
59939.4448348781
59939.4448348781
59939.4448348781
59939.4448348781
59939.4448348781
59939.4448348781
59939.4448348781
59939.4448348781
59939.4448348781
59939.4448348781
59754.19367556494
59754.19367556494
59754.19367556494
59754.19367556494
59754.19367556494
59754.19367556494
59754.19367556494
59754.19367556494
59754.19367556494
59754.19367556494
59754.19367556494
59754.19367556494
59754.19367556494
59754.19367556494
59754.19367556494
59754.19367556494
59754.19367556494
59754.19367556494
59754.19367556494
59754.19367556494
58859.4704238136
58859.4704238136
58859.4704238136
58859.4704238136
58859.4704238136
58859.4704238136
58859.4704238136
58098.556540647856
58098.556540647856
58098.556540647856
58098.556540647856
58098.556540647856
58098.556540647856
58098.556540647856
58098.556540647856
58098.556540647856
58098.556540647856
58098.556540647856
58098.556540647856
58098.556540647856
58098.556540647856
58098.556540647856
58098.556540647856
58098.556540647856
58098.556540647856
58098.556540647856
58098.556540647856
58098.556540647856
58098.556540647856
58098.556540647856
58098.556540647856
58098.556540647856
58098.556540647856
58098.556540647856
58098.556540647856
58098.556540647856
58098.556540647856
58098.556540647856
58098.556540647856
58098.556540647856
58098.556540647856
58098.556540647856
58098.556540647856
57889.13941273764
57889.13941273764
57889.13941273764
57889.13941273764
57889.13941273764
57889.13941273764
55357.68156584583
55357.68156584583
55357.68156584583
55357.68156584583
55357.68156584583
55357.68156584583
55357.68156584583
55357.68156584583
55357.68156584583
55357.68156584583
55357.68156584583
55357.68156584583
55357.68156584583
55357.68156584583
55357.68156584583
55357.68156584583
55357.68156584583
55357.68156584583
55357.68156584583
55357.68156584583
55357.68156584583
55357.68156584583
55357.68156584583
55357.68156584583
55357.68156584583
55357.68156584583
55357.68156584583
55357.68156584583
55357.68156584583
55357.68156584583
55357.68156584583
53595.63426012821
53595.63426012821
53595.63426012821
53595.63426012821
53595.63426012821
53595.63426012821
53595.63426012821
53595.63426012821
53595.63426012821
53595.63426012821
53595.63426012821
53595.63426012821
53595.63426012821
53595.63426012821
53595.63426012821
53595.63426012821
53595.63426012821
53595.63426012821
53595.63426012821
53595.63426012821
53595.63426012821
53595.63426012821
53595.63426012821
53595.63426012821
53595.63426012821
53595.63426012821
53595.63426012821
53595.63426012821
53595.63426012821
53595.63426012821
53595.63426012821
53595.63426012821
53595.63426012821
53595.63426012821
53595.63426012821
53595.63426012821
53595.63426012821
53595.63426012821
53595.63426012821
53595.63426012821
53595.63426012821
53595.63426012821
53595.63426012821
53595.63426012821
53595.63426012821
53595.63426012821
53595.63426012821
53595.63426012821
53595.63426012821
53595.63426012821
53595.63426012821
53595.63426012821
53595.63426012821
53595.63426012821
53595.63426012821
53595.63426012821
53595.63426012821
53595.63426012821
53595.63426012821
53595.63426012821
53595.63426012821
53595.63426012821
53595.63426012821
53595.63426012821
53595.63426012821
53595.63426012821
53595.63426012821
53595.63426012821
53595.63426012821
53595.63426012821
53595.63426012821
53595.63426012821
53595.63426012821
53595.63426012821
53595.63426012821
53595.63426012821
53595.63426012821
53595.63426012821
53595.63426012821
53595.63426012821
53595.63426012821
53595.63426012821
53595.63426012821
53595.63426012821
53595.63426012821
53595.63426012821
53595.63426012821
53595.63426012821
53595.63426012821
53595.63426012821
53595.63426012821
53595.63426012821
53595.63426012821
53595.63426012821
53595.63426012821
53595.63426012821
53595.63426012821
53595.63426012821
53595.63426012821
53595.63426012821
53595.63426012821
53595.63426012821
53595.63426012821
53595.63426012821
53595.63426012821
53595.63426012821
53595.63426012821
53595.63426012821
53595.63426012821
53595.63426012821
53595.63426012821
53595.63426012821
53595.63426012821
53595.63426012821
53595.63426012821
53595.63426012821
53558.79590439299
53558.79590439299
53558.79590439299
53558.79590439299
53558.79590439299
53558.79590439299
53558.79590439299
53558.79590439299
53558.79590439299
53558.79590439299
53558.79590439299
53558.79590439299
53558.79590439299
53558.79590439299
53558.79590439299
53558.79590439299
53558.79590439299
53558.79590439299
53558.79590439299
53558.79590439299
53453.50153993786
53453.50153993786
53453.50153993786
53453.50153993786
53229.80944089513
53229.80944089513
53229.80944089513
53229.80944089513
53229.80944089513
53229.80944089513
53229.80944089513
53229.80944089513
53229.80944089513
53229.80944089513
53229.80944089513
53229.80944089513
53229.80944089513
53229.80944089513
53229.80944089513
53229.80944089513
53229.80944089513
53229.80944089513
53229.80944089513
53229.80944089513
53229.80944089513
51861.41080824996
51861.41080824996
51861.41080824996
51861.41080824996
51861.41080824996
51861.41080824996
51861.41080824996
51861.41080824996
51861.41080824996
51861.41080824996
51861.41080824996
51861.41080824996
51861.41080824996
51861.41080824996
51861.41080824996
51861.41080824996
51861.41080824996
51861.41080824996
51861.41080824996
51861.41080824996
51861.41080824996
51861.41080824996
51861.41080824996
51861.41080824996
51861.41080824996
51861.41080824996
51861.41080824996
51861.41080824996
51861.41080824996
51861.41080824996
51861.41080824996
51861.41080824996
51861.41080824996
51861.41080824996
51861.41080824996
51861.41080824996
51861.41080824996
51861.41080824996
51861.41080824996
51861.41080824996
51861.41080824996
51861.41080824996
51861.41080824996
51861.41080824996
51861.41080824996
51861.41080824996
51861.41080824996
51861.41080824996
51861.41080824996
51861.41080824996
51753.41345331771
51753.41345331771
51753.41345331771
51753.41345331771
51753.41345331771
51753.41345331771
50488.369699627576
50488.369699627576
50488.369699627576
50488.369699627576
50488.369699627576
50488.369699627576
50488.369699627576
50488.369699627576
50488.369699627576
50488.369699627576
50488.369699627576
50488.369699627576
50488.369699627576
49712.08873949013
49712.08873949013
49712.08873949013
49712.08873949013
49712.08873949013
49712.08873949013
49712.08873949013
49712.08873949013
49712.08873949013
49712.08873949013
49712.08873949013
49712.08873949013
49712.08873949013
49712.08873949013
49712.08873949013
49712.08873949013
49712.08873949013
49712.08873949013
49712.08873949013
49712.08873949013
49712.08873949013
49712.08873949013
49712.08873949013
49712.08873949013
49712.08873949013
49712.08873949013
49712.08873949013
49712.08873949013
49712.08873949013
49712.08873949013
49712.08873949013
49712.08873949013
49712.08873949013
49712.08873949013
49712.08873949013
49712.08873949013
49712.08873949013
49712.08873949013
49712.08873949013
49712.08873949013
49712.08873949013
49712.08873949013
49712.08873949013
49712.08873949013
49712.08873949013
49712.08873949013
49712.08873949013
49712.08873949013
49712.08873949013
49712.08873949013
49712.08873949013
49712.08873949013
49712.08873949013
49712.08873949013
49712.08873949013
49712.08873949013
49712.08873949013
49712.08873949013
49712.08873949013
49712.08873949013
49712.08873949013
49712.08873949013
49712.08873949013
49712.08873949013
49712.08873949013
49712.08873949013
49712.08873949013
49712.08873949013
49712.08873949013
49712.08873949013
49712.08873949013
49712.08873949013
49712.08873949013
49712.08873949013
49712.08873949013
48951.98392529773
48951.98392529773
48951.98392529773
48951.98392529773
48951.98392529773
48951.98392529773
48951.98392529773
48951.98392529773
48951.98392529773
48951.98392529773
48951.98392529773
48951.98392529773
48951.98392529773
48951.98392529773
48951.98392529773
48951.98392529773
48951.98392529773
48951.98392529773
48951.98392529773
48951.98392529773
48951.98392529773
48951.98392529773
48951.98392529773
48951.98392529773
48951.98392529773
48951.98392529773
48951.98392529773
48951.98392529773
48951.98392529773
48951.98392529773
48951.98392529773
48951.98392529773
48951.98392529773
48951.98392529773
48951.98392529773
48951.98392529773
48951.98392529773
48951.98392529773
48951.98392529773
48951.98392529773
48951.98392529773
48951.98392529773
48951.98392529773
48951.98392529773
48951.98392529773
48951.98392529773
48951.98392529773
48951.98392529773
48295.87098579162
48295.87098579162
46765.21253974671
46765.21253974671
46765.21253974671
46765.21253974671
46765.21253974671
46765.21253974671
46765.21253974671
46765.21253974671
46765.21253974671
46765.21253974671
46765.21253974671
46765.21253974671
46765.21253974671
46765.21253974671
46765.21253974671
46765.21253974671
46765.21253974671
46765.21253974671
46765.21253974671
46765.21253974671
46765.21253974671
46765.21253974671
46765.21253974671
46765.21253974671
46765.21253974671
46765.21253974671
46765.21253974671
46765.21253974671
46765.21253974671
46765.21253974671
46765.21253974671
46765.21253974671
46765.21253974671
46765.21253974671
46765.21253974671
46765.21253974671
46765.21253974671
46765.21253974671
46765.21253974671
46735.10575920661
46735.10575920661
46735.10575920661
46735.10575920661
46735.10575920661
46735.10575920661
46735.10575920661
46735.10575920661
46735.10575920661
46735.10575920661
46735.10575920661
46735.10575920661
46735.10575920661
46735.10575920661
46735.10575920661
46735.10575920661
46735.10575920661
46735.10575920661
46735.10575920661
46735.10575920661
46735.10575920661
46735.10575920661
46735.10575920661
46735.10575920661
46735.10575920661
46735.10575920661
46735.10575920661
46735.10575920661
46735.10575920661
46735.10575920661
46735.10575920661
46735.10575920661
46735.10575920661
46735.10575920661
46735.10575920661
46735.10575920661
46735.10575920661
46735.10575920661
46735.10575920661
46735.10575920661
46735.10575920661
46735.10575920661
46735.10575920661
46735.10575920661
46735.10575920661
46735.10575920661
46735.10575920661
46735.10575920661
46735.10575920661
46735.10575920661
46735.10575920661
46735.10575920661
46735.10575920661
46735.10575920661
46735.10575920661
46735.10575920661
46735.10575920661
46735.10575920661
46735.10575920661
46735.10575920661
46735.10575920661
46735.10575920661
46735.10575920661
46735.10575920661
45477.520194326076
45477.520194326076
45477.520194326076
45477.520194326076
45477.520194326076
45477.520194326076
45477.520194326076
45477.520194326076
45477.520194326076
45477.520194326076
45477.520194326076
45477.520194326076
45477.520194326076
45477.520194326076
45477.520194326076
45477.520194326076
45477.520194326076
45477.520194326076
45477.520194326076
45477.520194326076
45477.520194326076
45477.520194326076
45477.520194326076
45477.520194326076
45477.520194326076
45477.520194326076
45477.520194326076
45477.520194326076
45477.520194326076
45477.520194326076
45477.520194326076
45477.520194326076
45477.520194326076
45477.520194326076
45477.520194326076
45477.520194326076
45477.520194326076
45477.520194326076
45477.520194326076
45477.520194326076
45477.520194326076
45477.520194326076
45477.520194326076
45477.520194326076
45477.520194326076
45477.520194326076
45477.520194326076
45477.520194326076
45477.520194326076
45477.520194326076
45477.520194326076
45477.520194326076
45477.520194326076
45477.520194326076
45477.520194326076
45477.520194326076
45477.520194326076
45477.520194326076
45477.520194326076
45477.520194326076
45221.80399026288
45221.80399026288
45221.80399026288
45221.80399026288
45221.80399026288
45221.80399026288
45221.80399026288
45221.80399026288
45221.80399026288
45221.80399026288
45221.80399026288
45221.80399026288
45221.80399026288
45221.80399026288
45221.80399026288
45221.80399026288
45221.80399026288
45221.80399026288
45221.80399026288
45221.80399026288
45221.80399026288
45221.80399026288
45221.80399026288
45221.80399026288
45221.80399026288
45221.80399026288
45221.80399026288
45221.80399026288
45221.80399026288
45221.80399026288
45221.80399026288
45221.80399026288
45221.80399026288
45221.80399026288
45221.80399026288
45221.80399026288
45221.80399026288
45221.80399026288
45221.80399026288
45221.80399026288
45221.80399026288
45221.80399026288
45221.80399026288
45221.80399026288
45221.80399026288
45221.80399026288
44856.87578075499
44856.87578075499
44856.87578075499
44856.87578075499
44856.87578075499
44856.87578075499
44856.87578075499
44856.87578075499
44856.87578075499
44856.87578075499
44856.87578075499
44856.87578075499
44856.87578075499
44856.87578075499
44856.87578075499
44856.87578075499
44856.87578075499
44856.87578075499
44856.87578075499
44206.10631107193
44206.10631107193
44206.10631107193
44206.10631107193
44206.10631107193
44206.10631107193
44206.10631107193
44206.10631107193
44206.10631107193
44206.10631107193
44206.10631107193
44206.10631107193
44206.10631107193
44206.10631107193
44206.10631107193
44206.10631107193
44206.10631107193
44206.10631107193
44206.10631107193
44206.10631107193
44206.10631107193
44206.10631107193
44206.10631107193
44206.10631107193
44206.10631107193
44206.10631107193
43753.500397523865
43753.500397523865
43753.500397523865
43753.500397523865
43753.500397523865
43753.500397523865
43753.500397523865
43753.500397523865
43753.500397523865
43753.500397523865
43753.500397523865
43753.500397523865
43753.500397523865
43753.500397523865
43753.500397523865
43753.500397523865
43753.500397523865
43753.500397523865
43753.500397523865
43753.500397523865
43753.500397523865
43753.500397523865
43753.500397523865
43753.500397523865
43753.500397523865
43753.500397523865
43753.500397523865
43753.500397523865
43753.500397523865
43753.500397523865
43753.500397523865
43753.500397523865
43753.500397523865
43753.500397523865
43753.500397523865
43753.500397523865
43753.500397523865
42652.25141082844
42652.25141082844
42652.25141082844
42652.25141082844
42652.25141082844
42652.25141082844
42652.25141082844
42652.25141082844
42652.25141082844
42652.25141082844
42652.25141082844
42652.25141082844
42652.25141082844
42652.25141082844
42652.25141082844
42652.25141082844
42652.25141082844
42652.25141082844
42652.25141082844
42652.25141082844
42652.25141082844
42652.25141082844
42652.25141082844
42652.25141082844
42652.25141082844
42652.25141082844
42652.25141082844
42652.25141082844
42652.25141082844
42652.25141082844
42652.25141082844
42652.25141082844
42652.25141082844
42652.25141082844
42652.25141082844
42652.25141082844
42652.25141082844
42652.25141082844
42652.25141082844
42652.25141082844
42652.25141082844
42652.25141082844
42652.25141082844
42652.25141082844
42652.25141082844
42652.25141082844
42652.25141082844
42652.25141082844
42652.25141082844
42652.25141082844
42652.25141082844
42652.25141082844
42652.25141082844
42652.25141082844
42652.25141082844
42652.25141082844
42652.25141082844
42652.25141082844
42652.25141082844
42652.25141082844
42652.25141082844
42652.25141082844
42652.25141082844
42652.25141082844
42652.25141082844
42652.25141082844
42652.25141082844
42652.25141082844
41087.36755012574
41087.36755012574
41087.36755012574
41087.36755012574
41087.36755012574
41087.36755012574
41087.36755012574
41087.36755012574
41087.36755012574
41087.36755012574
41087.36755012574
41087.36755012574
41087.36755012574
41087.36755012574
41087.36755012574
41087.36755012574
41087.36755012574
41087.36755012574
41087.36755012574
41087.36755012574
41087.36755012574
41087.36755012574
41087.36755012574
41087.36755012574
41087.36755012574
41087.36755012574
41087.36755012574
41087.36755012574
41087.36755012574
41087.36755012574
41087.36755012574
41087.36755012574
41087.36755012574
41087.36755012574
41087.36755012574
41087.36755012574
41087.36755012574
41087.36755012574
41087.36755012574
41087.36755012574
41087.36755012574
41087.36755012574
41087.36755012574
41087.36755012574
41087.36755012574
41087.36755012574
41087.36755012574
41087.36755012574
41087.36755012574
41087.36755012574
41087.36755012574
41087.36755012574
41087.36755012574
41087.36755012574
41087.36755012574
41087.36755012574
41087.36755012574
41087.36755012574
41087.36755012574
41087.36755012574
41087.36755012574
41087.36755012574
41087.36755012574
41087.36755012574
41087.36755012574
41087.36755012574
41087.36755012574
40396.29422480402
40396.29422480402
40396.29422480402
40396.29422480402
40396.29422480402
40396.29422480402
40396.29422480402
40396.29422480402
40396.29422480402
40396.29422480402
40396.29422480402
40396.29422480402
40396.29422480402
40396.29422480402
40396.29422480402
40396.29422480402
40396.29422480402
40396.29422480402
40008.05342810536
40008.05342810536
40008.05342810536
40008.05342810536
40008.05342810536
40008.05342810536
40008.05342810536
40008.05342810536
40008.05342810536
40008.05342810536
40008.05342810536
40008.05342810536
40008.05342810536
40008.05342810536
40008.05342810536
40008.05342810536
40008.05342810536
40008.05342810536
40008.05342810536
40008.05342810536
40008.05342810536
40008.05342810536
40008.05342810536
40008.05342810536
40008.05342810536
40008.05342810536
40008.05342810536
40008.05342810536
40008.05342810536
40008.05342810536
40008.05342810536
40008.05342810536
40008.05342810536
40008.05342810536
40008.05342810536
40008.05342810536
40008.05342810536
40008.05342810536
40008.05342810536
40008.05342810536
40008.05342810536
38512.770563879116
38512.770563879116
38512.770563879116
38512.770563879116
38512.770563879116
38512.770563879116
38512.770563879116
38512.770563879116
38512.770563879116
38512.770563879116
38512.770563879116
38512.770563879116
38512.770563879116
38512.770563879116
38512.770563879116
38512.770563879116
38512.770563879116
38512.770563879116
38512.770563879116
38512.770563879116
38512.770563879116
38512.770563879116
38512.770563879116
38512.770563879116
38512.770563879116
38512.770563879116
38512.770563879116
38512.770563879116
38512.770563879116
38512.770563879116
38512.770563879116
38512.770563879116
38512.770563879116
38512.770563879116
38512.770563879116
38512.770563879116
38512.770563879116
38512.770563879116
38512.770563879116
38512.770563879116
38512.770563879116
38512.770563879116
37985.284886686895
37985.284886686895
37985.284886686895
37985.284886686895
37985.284886686895
37985.284886686895
37985.284886686895
37366.56267585015
37366.56267585015
37366.56267585015
37366.56267585015
37366.56267585015
37366.56267585015
37366.56267585015
37366.56267585015
37366.56267585015
37366.56267585015
37366.56267585015
37366.56267585015
37366.56267585015
37366.56267585015
37366.56267585015
37366.56267585015
37366.56267585015
37366.56267585015
37366.56267585015
37366.56267585015
37366.56267585015
37366.56267585015
37366.56267585015
37366.56267585015
37366.56267585015
37366.56267585015
37366.56267585015
37366.56267585015
37366.56267585015
37366.56267585015
37366.56267585015
37366.56267585015
37366.56267585015
37366.56267585015
37366.56267585015
37366.56267585015
37366.56267585015
37366.56267585015
37366.56267585015
37366.56267585015
37366.56267585015
37366.56267585015
37366.56267585015
37366.56267585015
37366.56267585015
37366.56267585015
37366.56267585015
37366.56267585015
37366.56267585015
37366.56267585015
37366.56267585015
37366.56267585015
37366.56267585015
37366.56267585015
37366.56267585015
37366.56267585015
37366.56267585015
37366.56267585015
37366.56267585015
37366.56267585015
37366.56267585015
37366.56267585015
37366.56267585015
37366.56267585015
37366.56267585015
37366.56267585015
37366.56267585015
37366.56267585015
37366.56267585015
37346.690402018474
37346.690402018474
37346.690402018474
37346.690402018474
37346.690402018474
37346.690402018474
37346.690402018474
37346.690402018474
37346.690402018474
37346.690402018474
37346.690402018474
37346.690402018474
37346.690402018474
37346.690402018474
37346.690402018474
37346.690402018474
37346.690402018474
37346.690402018474
37346.690402018474
37346.690402018474
37346.690402018474
37346.690402018474
37346.690402018474
37346.690402018474
37346.690402018474
37346.690402018474
37346.690402018474
37346.690402018474
37346.690402018474
37346.690402018474
37346.690402018474
37346.690402018474
37346.690402018474
37346.690402018474
37346.690402018474
37346.690402018474
37346.690402018474
37346.690402018474
37346.690402018474
37346.690402018474
37346.690402018474
37346.690402018474
37346.690402018474
37346.690402018474
37346.690402018474
37346.690402018474
37346.690402018474
37346.690402018474
37346.690402018474
37346.690402018474
37346.690402018474
37346.690402018474
37346.690402018474
37346.690402018474
37346.690402018474
37346.690402018474
37346.690402018474
37346.690402018474
37346.690402018474
37346.690402018474
37346.690402018474
37346.690402018474
37346.690402018474
37346.690402018474
37346.690402018474
37346.690402018474
37346.690402018474
37346.690402018474
37346.690402018474
37346.690402018474
37346.690402018474
37346.690402018474
37346.690402018474
37346.690402018474
37346.690402018474
37346.690402018474
37346.690402018474
37346.690402018474
37346.690402018474
37346.690402018474
37346.690402018474
37346.690402018474
37346.690402018474
37346.690402018474
37346.690402018474
37346.690402018474
37346.690402018474
37346.690402018474
37346.690402018474
37346.690402018474
37346.690402018474
37346.690402018474
37346.690402018474
37346.690402018474
37346.690402018474
37280.758611375124
37280.758611375124
37280.758611375124
37280.758611375124
37280.758611375124
37214.95716719777
37214.95716719777
37214.95716719777
37214.95716719777
37214.95716719777
37214.95716719777
37028.85540860679
37028.85540860679
37028.85540860679
37028.85540860679
37028.85540860679
37028.85540860679
37028.85540860679
37028.85540860679
37028.85540860679
37028.85540860679
37028.85540860679
37028.85540860679
37028.85540860679
37028.85540860679
37028.85540860679
37028.85540860679
37028.85540860679
37028.85540860679
37028.85540860679
37028.85540860679
37028.85540860679
37028.85540860679
37028.85540860679
37028.85540860679
37028.85540860679
37028.85540860679
37028.85540860679
37028.85540860679
37028.85540860679
37028.85540860679
36456.167351638425
36456.167351638425
36456.167351638425
36456.167351638425
36456.167351638425
36456.167351638425
36456.167351638425
36456.167351638425
36456.167351638425
36456.167351638425
35916.67686948446
35916.67686948446
35916.67686948446
35916.67686948446
35916.67686948446
35916.67686948446
35916.67686948446
35916.67686948446
35916.67686948446
35916.67686948446
35916.67686948446
35916.67686948446
35916.67686948446
35916.67686948446
35916.67686948446
35916.67686948446
35916.67686948446
35916.67686948446
35916.67686948446
35916.67686948446
35916.67686948446
35916.67686948446
35916.67686948446
35916.67686948446
35916.67686948446
35916.67686948446
35916.67686948446
35916.67686948446
35916.67686948446
35916.67686948446
35916.67686948446
35916.67686948446
35916.67686948446
35916.67686948446
35916.67686948446
35916.67686948446
35916.67686948446
35916.67686948446
35916.67686948446
35916.67686948446
35916.67686948446
35916.67686948446
35916.67686948446
35916.67686948446
35916.67686948446
35916.67686948446
35916.67686948446
35916.67686948446
35916.67686948446
35916.67686948446
35916.67686948446
35916.67686948446
35916.67686948446
35916.67686948446
35916.67686948446
35916.67686948446
35916.67686948446
35916.67686948446
35916.67686948446
35916.67686948446
35916.67686948446
35916.67686948446
35916.67686948446
35916.67686948446
35916.67686948446
35916.67686948446
35916.67686948446
35916.67686948446
35916.67686948446
35916.67686948446
35916.67686948446
35916.67686948446
35916.67686948446
35916.67686948446
35916.67686948446
35916.67686948446
35916.67686948446
35916.67686948446
35916.67686948446
35916.67686948446
35916.67686948446
35916.67686948446
35916.67686948446
35916.67686948446
35916.67686948446
35916.67686948446
35916.67686948446
35916.67686948446
35916.67686948446
35916.67686948446
35916.67686948446
35916.67686948446
35916.67686948446
35916.67686948446
35916.67686948446
35916.67686948446
35916.67686948446
35916.67686948446
35916.67686948446
35916.67686948446
35916.67686948446
35916.67686948446
35916.67686948446
35916.67686948446
35916.67686948446
35916.67686948446
35916.67686948446
35916.67686948446
35916.67686948446
35916.67686948446
35916.67686948446
35916.67686948446
35916.67686948446
35916.67686948446
35916.67686948446
35916.67686948446
35916.67686948446
35916.67686948446
35916.67686948446
35916.67686948446
35820.32579427424
35820.32579427424
35820.32579427424
35820.32579427424
35820.32579427424
35820.32579427424
35820.32579427424
35820.32579427424
35820.32579427424
35820.32579427424
35820.32579427424
35820.32579427424
35820.32579427424
35820.32579427424
35820.32579427424
35820.32579427424
35820.32579427424
35820.32579427424
35820.32579427424
35820.32579427424
35820.32579427424
35820.32579427424
35820.32579427424
35820.32579427424
35820.32579427424
35820.32579427424
35820.32579427424
35820.32579427424
35820.32579427424
35820.32579427424
35820.32579427424
35820.32579427424
35820.32579427424
35820.32579427424
35820.32579427424
35820.32579427424
35820.32579427424
35454.373921159175
35454.373921159175
35454.373921159175
35454.373921159175
35454.373921159175
35454.373921159175
35454.373921159175
35454.373921159175
35454.373921159175
35454.373921159175
35454.373921159175
35454.373921159175
35454.373921159175
35454.373921159175
35454.373921159175
35454.373921159175
35454.373921159175
35454.373921159175
35454.373921159175
35172.57844372066
35172.57844372066
35172.57844372066
35172.57844372066
35172.57844372066
35172.57844372066
35172.57844372066
35172.57844372066
35172.57844372066
35172.57844372066
35172.57844372066
35172.57844372066
35172.57844372066
35172.57844372066
35172.57844372066
35172.57844372066
35172.57844372066
35172.57844372066
35172.57844372066
35172.57844372066
35172.57844372066
35172.57844372066
35172.57844372066
34817.84151547221
34817.84151547221
34817.84151547221
34795.623335130134
34795.623335130134
34795.623335130134
34795.623335130134
34795.623335130134
34795.623335130134
34795.623335130134
34795.623335130134
34795.623335130134
34795.623335130134
34795.623335130134
34795.623335130134
34795.623335130134
34795.623335130134
34795.623335130134
34795.623335130134
34795.623335130134
34795.623335130134
34795.623335130134
34795.623335130134
34795.623335130134
34794.94134585038
34794.94134585038
34794.94134585038
34794.94134585038
34794.94134585038
34794.94134585038
34794.94134585038
34794.94134585038
34794.94134585038
34794.94134585038
34794.94134585038
34794.94134585038
34794.94134585038
34794.94134585038
34794.94134585038
34794.94134585038
34794.94134585038
34794.94134585038
34794.94134585038
34794.94134585038
34794.94134585038
34794.94134585038
34794.94134585038
34794.94134585038
34794.94134585038
34794.94134585038
34794.94134585038
34794.94134585038
34794.94134585038
34708.206954942565
34708.206954942565
34708.206954942565
34708.206954942565
34708.206954942565
34708.206954942565
34708.206954942565
34708.206954942565
34708.206954942565
34708.206954942565
34708.206954942565
34708.206954942565
34708.206954942565
34708.206954942565
34708.206954942565
34708.206954942565
34708.206954942565
34708.206954942565
34708.206954942565
34708.206954942565
34708.206954942565
34708.206954942565
34708.206954942565
34708.206954942565
34708.206954942565
34708.206954942565
34708.206954942565
34708.206954942565
34708.206954942565
34708.206954942565
34708.206954942565
34708.206954942565
34708.206954942565
34708.206954942565
34708.206954942565
34708.206954942565
34708.206954942565
34708.206954942565
34708.206954942565
34708.206954942565
34708.206954942565
34708.206954942565
34708.206954942565
34708.206954942565
34708.206954942565
34164.727651210866
34164.727651210866
34164.727651210866
34164.727651210866
34164.727651210866
34164.727651210866
34164.727651210866
34164.727651210866
34164.727651210866
34164.727651210866
34164.727651210866
34164.727651210866
34164.727651210866
34164.727651210866
34164.727651210866
34164.727651210866
34164.727651210866
34164.727651210866
34164.727651210866
34164.727651210866
34164.727651210866
34164.727651210866
34164.727651210866
34164.727651210866
33929.95148552813
33929.95148552813
33929.95148552813
33929.95148552813
33929.95148552813
33929.95148552813
33929.95148552813
33929.95148552813
33929.95148552813
33929.95148552813
33929.95148552813
33929.95148552813
33929.95148552813
33929.95148552813
33929.95148552813
33929.95148552813
33929.95148552813
33523.944783887426
33523.944783887426
33523.944783887426
33523.944783887426
33523.944783887426
33523.944783887426
33523.944783887426
33523.944783887426
33523.944783887426
33523.944783887426
33523.944783887426
32970.02937345438
32970.02937345438
32970.02937345438
32970.02937345438
32970.02937345438
32970.02937345438
32970.02937345438
32970.02937345438
32970.02937345438
32970.02937345438
32970.02937345438
32970.02937345438
32970.02937345438
32970.02937345438
32970.02937345438
32970.02937345438
32970.02937345438
32970.02937345438
32970.02937345438
32276.947304739475
32276.947304739475
32276.947304739475
32276.947304739475
32276.947304739475
32276.947304739475
32276.947304739475
32276.947304739475
32276.947304739475
32276.947304739475
32276.947304739475
32276.947304739475
32276.947304739475
32276.947304739475
32276.947304739475
32276.947304739475
32276.947304739475
32276.947304739475
32276.947304739475
32276.947304739475
32276.947304739475
32276.947304739475
32276.947304739475
32276.947304739475
32276.947304739475
32276.947304739475
32276.947304739475
32276.947304739475
32276.947304739475
32276.947304739475
32276.947304739475
32276.947304739475
32276.947304739475
32276.947304739475
32276.947304739475
32276.947304739475
32276.947304739475
32276.947304739475
32276.947304739475
32276.947304739475
32276.947304739475
32276.947304739475
32276.947304739475
32276.947304739475
32276.947304739475
32276.947304739475
32276.947304739475
32276.947304739475
32276.947304739475
32276.947304739475
32276.947304739475
32276.947304739475
32276.947304739475
32276.947304739475
32276.947304739475
32276.947304739475
32276.947304739475
32276.947304739475
32276.947304739475
32276.947304739475
32276.947304739475
32276.947304739475
32276.947304739475
32276.947304739475
32276.947304739475
32276.947304739475
32276.947304739475
32276.947304739475
32276.947304739475
32276.947304739475
32276.947304739475
32276.947304739475
32276.947304739475
32276.947304739475
32276.947304739475
32276.947304739475
32276.947304739475
32276.947304739475
32276.947304739475
32276.947304739475
32276.947304739475
32276.947304739475
32276.947304739475
32276.947304739475
32276.947304739475
32276.947304739475
32276.947304739475
32276.947304739475
32276.947304739475
32276.947304739475
32276.947304739475
32276.947304739475
32276.947304739475
32276.947304739475
32276.947304739475
32276.947304739475
32276.947304739475
32276.947304739475
32276.947304739475
32276.947304739475
32276.947304739475
32276.947304739475
32276.947304739475
32276.947304739475
32276.947304739475
32276.947304739475
32276.947304739475
32276.947304739475
32276.947304739475
32276.947304739475
32276.947304739475
32276.947304739475
32276.947304739475
32276.947304739475
32276.947304739475
32276.947304739475
32276.947304739475
32276.947304739475
32276.947304739475
32276.947304739475
32276.947304739475
32276.947304739475
32276.947304739475
32276.947304739475
32276.947304739475
32276.947304739475
32276.947304739475
32276.947304739475
32276.947304739475
32276.947304739475
32276.947304739475
32276.947304739475
32276.947304739475
32276.947304739475
32276.947304739475
32276.947304739475
32276.947304739475
32276.947304739475
32276.947304739475
32276.947304739475
32276.947304739475
32276.947304739475
32276.947304739475
32276.947304739475
31844.79444488683
31844.79444488683
31844.79444488683
31844.79444488683
31321.06789592996
31321.06789592996
31321.06789592996
31321.06789592996
31321.06789592996
31321.06789592996
31321.06789592996
31321.06789592996
31321.06789592996
31321.06789592996
31321.06789592996
31321.06789592996
31321.06789592996
31321.06789592996
31321.06789592996
31321.06789592996
31321.06789592996
31321.06789592996
31321.06789592996
31321.06789592996
31321.06789592996
31321.06789592996
31321.06789592996
31321.06789592996
31321.06789592996
31186.57163312497
31186.57163312497
31186.57163312497
31186.57163312497
31186.57163312497
31186.57163312497
31186.57163312497
31186.57163312497
31186.57163312497
31186.57163312497
31186.57163312497
31186.57163312497
31186.57163312497
31186.57163312497
31186.57163312497
31186.57163312497
31186.57163312497
31186.57163312497
31186.57163312497
31186.57163312497
31186.57163312497
31186.57163312497
31186.57163312497
31186.57163312497
31186.57163312497
31186.57163312497
31186.57163312497
31186.57163312497
31186.57163312497
31186.57163312497
31186.57163312497
31186.57163312497
30414.863687695877
30414.863687695877
30414.863687695877
30414.863687695877
30414.863687695877
30414.863687695877
30414.863687695877
30414.863687695877
30414.863687695877
30414.863687695877
30414.863687695877
30414.863687695877
30414.863687695877
30414.863687695877
30414.863687695877
30414.863687695877
30414.863687695877
30414.863687695877
30414.863687695877
30414.863687695877
30414.863687695877
30414.863687695877
30414.863687695877
30414.863687695877
30414.863687695877
30414.863687695877
30414.863687695877
30414.863687695877
30414.863687695877
30414.863687695877
30414.863687695877
30414.863687695877
30414.863687695877
30414.863687695877
30414.863687695877
30414.863687695877
30414.863687695877
30414.863687695877
30414.863687695877
30414.863687695877
30414.863687695877
30414.863687695877
30414.863687695877
30414.863687695877
30414.863687695877
30414.863687695877
30414.863687695877
30414.863687695877
30414.863687695877
30414.863687695877
30414.863687695877
30414.863687695877
30414.863687695877
30414.863687695877
30414.863687695877
30414.863687695877
30414.863687695877
30414.863687695877
30414.863687695877
30414.863687695877
30321.19120501472
30321.19120501472
30321.19120501472
30321.19120501472
30321.19120501472
30321.19120501472
30321.19120501472
30321.19120501472
30321.19120501472
30321.19120501472
30321.19120501472
30321.19120501472
30321.19120501472
30321.19120501472
30321.19120501472
30321.19120501472
30321.19120501472
30321.19120501472
30321.19120501472
30321.19120501472
30321.19120501472
30321.19120501472
30321.19120501472
30321.19120501472
30321.19120501472
30321.19120501472
30321.19120501472
30321.19120501472
30321.19120501472
30321.19120501472
30321.19120501472
30321.19120501472
30321.19120501472
30115.492409805407
30115.492409805407
30115.492409805407
30115.492409805407
30115.492409805407
30115.492409805407
30115.492409805407
30115.492409805407
30115.492409805407
30115.492409805407
30115.492409805407
30115.492409805407
30115.492409805407
30115.492409805407
30115.492409805407
30115.492409805407
30115.492409805407
30115.492409805407
30115.492409805407
30115.492409805407
30115.492409805407
30115.492409805407
30115.492409805407
30115.492409805407
30115.492409805407
30115.492409805407
30115.492409805407
30115.492409805407
30115.492409805407
29889.718097038898
29889.718097038898
29889.718097038898
29889.718097038898
29889.718097038898
29889.718097038898
29685.913631313753
29685.913631313753
29685.913631313753
29685.913631313753
29685.913631313753
29685.913631313753
29685.913631313753
29685.913631313753
29685.913631313753
29685.913631313753
29685.913631313753
29685.913631313753
29685.913631313753
29644.067575580182
29644.067575580182
29644.067575580182
29644.067575580182
29644.067575580182
29644.067575580182
29644.067575580182
29644.067575580182
29644.067575580182
29644.067575580182
29644.067575580182
29644.067575580182
29644.067575580182
29644.067575580182
29644.067575580182
29644.067575580182
29644.067575580182
29644.067575580182
29644.067575580182
29644.067575580182
29644.067575580182
29644.067575580182
29644.067575580182
29644.067575580182
29644.067575580182
29644.067575580182
29644.067575580182
29644.067575580182
29644.067575580182
29644.067575580182
29644.067575580182
29644.067575580182
29644.067575580182
29644.067575580182
29644.067575580182
29644.067575580182
29028.431337128306
29028.431337128306
29028.431337128306
29028.431337128306
29028.431337128306
29028.431337128306
29028.431337128306
29028.431337128306
29028.431337128306
29028.431337128306
29028.431337128306
29028.431337128306
29028.431337128306
29028.431337128306
Time: 121.9692451953888 seconds 
Best solution: 29028.431337128306 [8, 17, 18, 22, 27, 26, 19, 20, 30, 15, 28, 31, 103, 21, 29, 23, 24, 25, 16, 33, 32, 1, 2, 6, 10, 11, 7, 3, 12, 42, 51, 44, 50, 49, 104, 36, 37, 38, 61, 66, 65, 60, 76, 78, 71, 64, 83, 72, 73, 91, 102, 88, 69, 93, 100, 85, 67, 80, 53, 68, 97, 63, 77, 94, 92, 84, 89, 79, 57, 54, 58, 101, 56, 40, 43, 86, 74, 90, 98, 52, 81, 70, 55, 87, 46, 99, 41, 59, 62, 95, 47, 75, 96, 82, 105, 45, 48, 39, 34, 35, 4, 5, 13, 14, 9]
Avg solution: 47517.11691989203