Alg:2, Run: 3, file: C:\Users\gabri\Documents\AN 3 SEM 2\AI\Lab\Lab3\\lin105.tsp, population number: 1000, generations: 2500 
104747.71168663501
104747.71168663501
104747.71168663501
104747.71168663501
102463.22298981836
102463.22298981836
102463.22298981836
102014.60340761695
100402.23766810921
100374.11375317775
97401.46883558093
97401.46883558093
97401.46883558093
97401.46883558093
96551.11605433004
96551.11605433004
96551.11605433004
96551.11605433004
96551.11605433004
96538.03477172421
95197.01558260436
95197.01558260436
93505.40592340063
93505.40592340063
93505.40592340063
93505.40592340063
91319.18521297001
91319.18521297001
91319.18521297001
91319.18521297001
91319.18521297001
91319.18521297001
91319.18521297001
91319.18521297001
91319.18521297001
91319.18521297001
91319.18521297001
91319.18521297001
91319.18521297001
91319.18521297001
91319.18521297001
91319.18521297001
91144.10587696444
91144.10587696444
90198.41464966282
90198.41464966282
90198.41464966282
90198.41464966282
90198.41464966282
88334.37215643082
88334.37215643082
88334.37215643082
88334.37215643082
88334.37215643082
88334.37215643082
88334.37215643082
88334.37215643082
88334.37215643082
88334.37215643082
88334.37215643082
86215.9549982916
86215.9549982916
86215.9549982916
86215.9549982916
86120.74441287569
86120.74441287569
86120.74441287569
86120.74441287569
86120.74441287569
86120.74441287569
86120.74441287569
86120.74441287569
86120.74441287569
86120.74441287569
86120.74441287569
86120.74441287569
86120.74441287569
85544.86541029709
82789.05028476627
82789.05028476627
82789.05028476627
82789.05028476627
82789.05028476627
82789.05028476627
82789.05028476627
82789.05028476627
82789.05028476627
82789.05028476627
82789.05028476627
82789.05028476627
82789.05028476627
82789.05028476627
82789.05028476627
82789.05028476627
82789.05028476627
82789.05028476627
82789.05028476627
82789.05028476627
82789.05028476627
82789.05028476627
82789.05028476627
82789.05028476627
82789.05028476627
82789.05028476627
82789.05028476627
82789.05028476627
82789.05028476627
82789.05028476627
82789.05028476627
82789.05028476627
82789.05028476627
82789.05028476627
82789.05028476627
82789.05028476627
82789.05028476627
82789.05028476627
82789.05028476627
82789.05028476627
82789.05028476627
82789.05028476627
82789.05028476627
82789.05028476627
82789.05028476627
82789.05028476627
82789.05028476627
82789.05028476627
82789.05028476627
82789.05028476627
79124.5680456864
79124.5680456864
79124.5680456864
79124.5680456864
79124.5680456864
79124.5680456864
79124.5680456864
79124.5680456864
79124.5680456864
79124.5680456864
79124.5680456864
79124.5680456864
79124.5680456864
79124.5680456864
79124.5680456864
79124.5680456864
79124.5680456864
79124.5680456864
79124.5680456864
79124.5680456864
79124.5680456864
79124.5680456864
79124.5680456864
79124.5680456864
79124.5680456864
79124.5680456864
79124.5680456864
79124.5680456864
79124.5680456864
79124.5680456864
79124.5680456864
79124.5680456864
79124.5680456864
79124.5680456864
79124.5680456864
79124.5680456864
79124.5680456864
79124.5680456864
79124.5680456864
79124.5680456864
79124.5680456864
79124.5680456864
79124.5680456864
79124.5680456864
79124.5680456864
79124.5680456864
79124.5680456864
79124.5680456864
79124.5680456864
79124.5680456864
79124.5680456864
79124.5680456864
79124.5680456864
79124.5680456864
78947.97080116601
78947.97080116601
77435.05882911955
77435.05882911955
77435.05882911955
77435.05882911955
77435.05882911955
77435.05882911955
77435.05882911955
77435.05882911955
77435.05882911955
77435.05882911955
77435.05882911955
77435.05882911955
77435.05882911955
77435.05882911955
77435.05882911955
77435.05882911955
77435.05882911955
77435.05882911955
77435.05882911955
77435.05882911955
77435.05882911955
77435.05882911955
77435.05882911955
77435.05882911955
77435.05882911955
77435.05882911955
77435.05882911955
77435.05882911955
77435.05882911955
77435.05882911955
77435.05882911955
77435.05882911955
77435.05882911955
77435.05882911955
77435.05882911955
77435.05882911955
77435.05882911955
77021.91141322772
77021.91141322772
77021.91141322772
77021.91141322772
77021.91141322772
77021.91141322772
77021.91141322772
77021.91141322772
77021.91141322772
77021.91141322772
77021.91141322772
77021.91141322772
77021.91141322772
74691.4191062923
74691.4191062923
74691.4191062923
74691.4191062923
74691.4191062923
74691.4191062923
74691.4191062923
74691.4191062923
74691.4191062923
74691.4191062923
74691.4191062923
74691.4191062923
74691.4191062923
74691.4191062923
74691.4191062923
74691.4191062923
74691.4191062923
74691.4191062923
74691.4191062923
74691.4191062923
74691.4191062923
74691.4191062923
74691.4191062923
74691.4191062923
74691.4191062923
74691.4191062923
74691.4191062923
74691.4191062923
74691.4191062923
74691.4191062923
74691.4191062923
74691.4191062923
74691.4191062923
72418.52664571868
72418.52664571868
72418.52664571868
72418.52664571868
72418.52664571868
72418.52664571868
72418.52664571868
72418.52664571868
72418.52664571868
72418.52664571868
72418.52664571868
72418.52664571868
72418.52664571868
72418.52664571868
72418.52664571868
72418.52664571868
72418.52664571868
72418.52664571868
72418.52664571868
72418.52664571868
72418.52664571868
72418.52664571868
72418.52664571868
72418.52664571868
72418.52664571868
72418.52664571868
72418.52664571868
72418.52664571868
72418.52664571868
72418.52664571868
72418.52664571868
72418.52664571868
72418.52664571868
72418.52664571868
71969.24884336846
71969.24884336846
71969.24884336846
71969.24884336846
71969.24884336846
71969.24884336846
71969.24884336846
71969.24884336846
71914.491552088
71914.491552088
71914.491552088
71914.491552088
71287.10745273616
71287.10745273616
71287.10745273616
71287.10745273616
71287.10745273616
71287.10745273616
71287.10745273616
71287.10745273616
71287.10745273616
71287.10745273616
71287.10745273616
71287.10745273616
71287.10745273616
71287.10745273616
71287.10745273616
71287.10745273616
71287.10745273616
71287.10745273616
71287.10745273616
71287.10745273616
71287.10745273616
71287.10745273616
71287.10745273616
71287.10745273616
71287.10745273616
71287.10745273616
71287.10745273616
71287.10745273616
71287.10745273616
71287.10745273616
70742.1597679484
70742.1597679484
70742.1597679484
70742.1597679484
70742.1597679484
70742.1597679484
70742.1597679484
70742.1597679484
70742.1597679484
70742.1597679484
70742.1597679484
70742.1597679484
70742.1597679484
70742.1597679484
70742.1597679484
68799.12672519276
68799.12672519276
68799.12672519276
68799.12672519276
68799.12672519276
68799.12672519276
68799.12672519276
68799.12672519276
68799.12672519276
68799.12672519276
68799.12672519276
68799.12672519276
68799.12672519276
68799.12672519276
68799.12672519276
68799.12672519276
68799.12672519276
68799.12672519276
68799.12672519276
68799.12672519276
68799.12672519276
68799.12672519276
68799.12672519276
68799.12672519276
68799.12672519276
68799.12672519276
68799.12672519276
68799.12672519276
68799.12672519276
68799.12672519276
68799.12672519276
68799.12672519276
68799.12672519276
68799.12672519276
68799.12672519276
68799.12672519276
68799.12672519276
68799.12672519276
68799.12672519276
68799.12672519276
67985.4833118888
67985.4833118888
67985.4833118888
67985.4833118888
67985.4833118888
67985.4833118888
67985.4833118888
67985.4833118888
67985.4833118888
67985.4833118888
67985.4833118888
67985.4833118888
67985.4833118888
67985.4833118888
67985.4833118888
67985.4833118888
67985.4833118888
67985.4833118888
67985.4833118888
67985.4833118888
67985.4833118888
67985.4833118888
67985.4833118888
67985.4833118888
67985.4833118888
67985.4833118888
67985.4833118888
67985.4833118888
67985.4833118888
67985.4833118888
67985.4833118888
67985.4833118888
67985.4833118888
67985.4833118888
67985.4833118888
67985.4833118888
67985.4833118888
67985.4833118888
67985.4833118888
67985.4833118888
67985.4833118888
67985.4833118888
67985.4833118888
67985.4833118888
67985.4833118888
67985.4833118888
67985.4833118888
66841.12826851438
66841.12826851438
66841.12826851438
66841.12826851438
66841.12826851438
66841.12826851438
66841.12826851438
66841.12826851438
66841.12826851438
64999.131211445456
64999.131211445456
64999.131211445456
64999.131211445456
64999.131211445456
64999.131211445456
64999.131211445456
64999.131211445456
63694.14312305449
63694.14312305449
63694.14312305449
63694.14312305449
63694.14312305449
63694.14312305449
63694.14312305449
63694.14312305449
63694.14312305449
63694.14312305449
63694.14312305449
63694.14312305449
63694.14312305449
63694.14312305449
63694.14312305449
63694.14312305449
63694.14312305449
63694.14312305449
63694.14312305449
63694.14312305449
63694.14312305449
63694.14312305449
63694.14312305449
63694.14312305449
63694.14312305449
63694.14312305449
63694.14312305449
63694.14312305449
63694.14312305449
63694.14312305449
63694.14312305449
63694.14312305449
63694.14312305449
63694.14312305449
63694.14312305449
63694.14312305449
63694.14312305449
63694.14312305449
63694.14312305449
63694.14312305449
63694.14312305449
63694.14312305449
63694.14312305449
63694.14312305449
63694.14312305449
63694.14312305449
63694.14312305449
63694.14312305449
63694.14312305449
63694.14312305449
63694.14312305449
63694.14312305449
63694.14312305449
63694.14312305449
63694.14312305449
63694.14312305449
63694.14312305449
63694.14312305449
63694.14312305449
63694.14312305449
63694.14312305449
63694.14312305449
63694.14312305449
63694.14312305449
63694.14312305449
63694.14312305449
63694.14312305449
63694.14312305449
63694.14312305449
63694.14312305449
63694.14312305449
62696.2603918118
62696.2603918118
62696.2603918118
62696.2603918118
62696.2603918118
62696.2603918118
62696.2603918118
62696.2603918118
62696.2603918118
62696.2603918118
62696.2603918118
62696.2603918118
62696.2603918118
62696.2603918118
62696.2603918118
62696.2603918118
62696.2603918118
62696.2603918118
62696.2603918118
62696.2603918118
62696.2603918118
62696.2603918118
62696.2603918118
62696.2603918118
62696.2603918118
62696.2603918118
62696.2603918118
62696.2603918118
62696.2603918118
62696.2603918118
62696.2603918118
62696.2603918118
62696.2603918118
62696.2603918118
62696.2603918118
62696.2603918118
62696.2603918118
62696.2603918118
62696.2603918118
62696.2603918118
62696.2603918118
62696.2603918118
62696.2603918118
62696.2603918118
62696.2603918118
62696.2603918118
62696.2603918118
62696.2603918118
62696.2603918118
62696.2603918118
62696.2603918118
62696.2603918118
62696.2603918118
62696.2603918118
62696.2603918118
62696.2603918118
62696.2603918118
62696.2603918118
62696.2603918118
61902.13088234807
61902.13088234807
61902.13088234807
61902.13088234807
61902.13088234807
61902.13088234807
61902.13088234807
61902.13088234807
61902.13088234807
61902.13088234807
61902.13088234807
61902.13088234807
61902.13088234807
61902.13088234807
61902.13088234807
61902.13088234807
61902.13088234807
61823.029640197055
61823.029640197055
61823.029640197055
61823.029640197055
61823.029640197055
61823.029640197055
61823.029640197055
61823.029640197055
61823.029640197055
61823.029640197055
61823.029640197055
61823.029640197055
61823.029640197055
61823.029640197055
61823.029640197055
61823.029640197055
61823.029640197055
60562.759454136605
60562.759454136605
60562.759454136605
60562.759454136605
60562.759454136605
60562.759454136605
60562.759454136605
60562.759454136605
60562.759454136605
60562.759454136605
60562.759454136605
60562.759454136605
60562.759454136605
60562.759454136605
60562.759454136605
60562.759454136605
59620.83317222374
59620.83317222374
59620.83317222374
59620.83317222374
59620.83317222374
59620.83317222374
59620.83317222374
59620.83317222374
59620.83317222374
59620.83317222374
59620.83317222374
59620.83317222374
59620.83317222374
59620.83317222374
59620.83317222374
59620.83317222374
59620.83317222374
59620.83317222374
59620.83317222374
59620.83317222374
59620.83317222374
59620.83317222374
59620.83317222374
59620.83317222374
59620.83317222374
59620.83317222374
59620.83317222374
59620.83317222374
59620.83317222374
59620.83317222374
59620.83317222374
59620.83317222374
59620.83317222374
59620.83317222374
59620.83317222374
59620.83317222374
59620.83317222374
58997.98109956529
58997.98109956529
58997.98109956529
58997.98109956529
58997.98109956529
58997.98109956529
58997.98109956529
58997.98109956529
58997.98109956529
58997.98109956529
58997.98109956529
58997.98109956529
58997.98109956529
58997.98109956529
58997.98109956529
58997.98109956529
58997.98109956529
58997.98109956529
58997.98109956529
58997.98109956529
58997.98109956529
58997.98109956529
58997.98109956529
58997.98109956529
58997.98109956529
58997.98109956529
58997.98109956529
58997.98109956529
58997.98109956529
58997.98109956529
58997.98109956529
58997.98109956529
58997.98109956529
58997.98109956529
58997.98109956529
58997.98109956529
56467.337749103404
56467.337749103404
56467.337749103404
56467.337749103404
56467.337749103404
56467.337749103404
56467.337749103404
56467.337749103404
56467.337749103404
56467.337749103404
56467.337749103404
56467.337749103404
56467.337749103404
56467.337749103404
56467.337749103404
56467.337749103404
56467.337749103404
56467.337749103404
56467.337749103404
56467.337749103404
56467.337749103404
56467.337749103404
56467.337749103404
56467.337749103404
56467.337749103404
56467.337749103404
56467.337749103404
56467.337749103404
56467.337749103404
56467.337749103404
56467.337749103404
56467.337749103404
56467.337749103404
56467.337749103404
56467.337749103404
56467.337749103404
56467.337749103404
56467.337749103404
56467.337749103404
56467.337749103404
56467.337749103404
56467.337749103404
56467.337749103404
56467.337749103404
56467.337749103404
56467.337749103404
56467.337749103404
56467.337749103404
56467.337749103404
56467.337749103404
56467.337749103404
56467.337749103404
56467.337749103404
56467.337749103404
56467.337749103404
56467.337749103404
56467.337749103404
56467.337749103404
56467.337749103404
56467.337749103404
56467.337749103404
56467.337749103404
56425.74472051452
56425.74472051452
56425.74472051452
56425.74472051452
56425.74472051452
56425.74472051452
56425.74472051452
56425.74472051452
56425.74472051452
56425.74472051452
56425.74472051452
56425.74472051452
56425.74472051452
56425.74472051452
56425.74472051452
56425.74472051452
56425.74472051452
56425.74472051452
56425.74472051452
56425.74472051452
56425.74472051452
56425.74472051452
56425.74472051452
56425.74472051452
56425.74472051452
56425.74472051452
56425.74472051452
56291.60750911577
56291.60750911577
56291.60750911577
56241.89184504449
56241.89184504449
56241.89184504449
56241.89184504449
56241.89184504449
56241.89184504449
56141.02775161543
56141.02775161543
56141.02775161543
56141.02775161543
56141.02775161543
56141.02775161543
56141.02775161543
56141.02775161543
56141.02775161543
56141.02775161543
56141.02775161543
56141.02775161543
56141.02775161543
56141.02775161543
56141.02775161543
56141.02775161543
56141.02775161543
56141.02775161543
55518.544350117925
55518.544350117925
55518.544350117925
55518.544350117925
55518.544350117925
55518.544350117925
55518.544350117925
55518.544350117925
53540.440398731895
53540.440398731895
53540.440398731895
53540.440398731895
53540.440398731895
53540.440398731895
53540.440398731895
53540.440398731895
53540.440398731895
53540.440398731895
53540.440398731895
53540.440398731895
53540.440398731895
53540.440398731895
53540.440398731895
53540.440398731895
53540.440398731895
53540.440398731895
53540.440398731895
53540.440398731895
53540.440398731895
53540.440398731895
53540.440398731895
53540.440398731895
53540.440398731895
53540.440398731895
53540.440398731895
53540.440398731895
53540.440398731895
53540.440398731895
53540.440398731895
53540.440398731895
53540.440398731895
53540.440398731895
53540.440398731895
53540.440398731895
53540.440398731895
53540.440398731895
53540.440398731895
53540.440398731895
53540.440398731895
53540.440398731895
53540.440398731895
53540.440398731895
53540.440398731895
53540.440398731895
53540.440398731895
53540.440398731895
53540.440398731895
53540.440398731895
53540.440398731895
53540.440398731895
53540.440398731895
53540.440398731895
53540.440398731895
53540.440398731895
53540.440398731895
53540.440398731895
53540.440398731895
53540.440398731895
53540.440398731895
53540.440398731895
53540.440398731895
53540.440398731895
53540.440398731895
53540.440398731895
53540.440398731895
53540.440398731895
53540.440398731895
53540.440398731895
53540.440398731895
53540.440398731895
53540.440398731895
53540.440398731895
53540.440398731895
53540.440398731895
53540.440398731895
53540.440398731895
53540.440398731895
53540.440398731895
53540.440398731895
53540.440398731895
53540.440398731895
53540.440398731895
53540.440398731895
53540.440398731895
53540.440398731895
53540.440398731895
53540.440398731895
53540.440398731895
53540.440398731895
53540.440398731895
53540.440398731895
53540.440398731895
53540.440398731895
52985.50083418674
52985.50083418674
52985.50083418674
52985.50083418674
52985.50083418674
52985.50083418674
52985.50083418674
52985.50083418674
52985.50083418674
52985.50083418674
52985.50083418674
52985.50083418674
52985.50083418674
52985.50083418674
52985.50083418674
52985.50083418674
52985.50083418674
52985.50083418674
52985.50083418674
52985.50083418674
52819.43738018437
52819.43738018437
52819.43738018437
52819.43738018437
52819.43738018437
52819.43738018437
52819.43738018437
52819.43738018437
52449.02437808458
52449.02437808458
52449.02437808458
52449.02437808458
52449.02437808458
52449.02437808458
52449.02437808458
52449.02437808458
52449.02437808458
52449.02437808458
52449.02437808458
52449.02437808458
52449.02437808458
51993.29533825679
51993.29533825679
51993.29533825679
51993.29533825679
51387.5354771793
51387.5354771793
51387.5354771793
51387.5354771793
51387.5354771793
51387.5354771793
51387.5354771793
51387.5354771793
51387.5354771793
51387.5354771793
51387.5354771793
51387.5354771793
51387.5354771793
51387.5354771793
51387.5354771793
51387.5354771793
51387.5354771793
51387.5354771793
51387.5354771793
51387.5354771793
51387.5354771793
51387.5354771793
51387.5354771793
51387.5354771793
51387.5354771793
51387.5354771793
51387.5354771793
51387.5354771793
51387.5354771793
51387.5354771793
51387.5354771793
51387.5354771793
51387.5354771793
51387.5354771793
51387.5354771793
51387.5354771793
51387.5354771793
51387.5354771793
51387.5354771793
51387.5354771793
51387.5354771793
51387.5354771793
51387.5354771793
51387.5354771793
51387.5354771793
51387.5354771793
51387.5354771793
51387.5354771793
51387.5354771793
51387.5354771793
51387.5354771793
51387.5354771793
51387.5354771793
51387.5354771793
51387.5354771793
51387.5354771793
51387.5354771793
51387.5354771793
51387.5354771793
51387.5354771793
51387.5354771793
51387.5354771793
51387.5354771793
51387.5354771793
51387.5354771793
51387.5354771793
51387.5354771793
51387.5354771793
51387.5354771793
51387.5354771793
51022.81762327173
51022.81762327173
51022.81762327173
51022.81762327173
51022.81762327173
51022.81762327173
51022.81762327173
51022.81762327173
51022.81762327173
51022.81762327173
51022.81762327173
51022.81762327173
51022.81762327173
51022.81762327173
51022.81762327173
51022.81762327173
51022.81762327173
51022.81762327173
51022.81762327173
51022.81762327173
51022.81762327173
51022.81762327173
51022.81762327173
50297.800818537646
50297.800818537646
50297.800818537646
50297.800818537646
50297.800818537646
50297.800818537646
50297.800818537646
50297.800818537646
50297.800818537646
50297.800818537646
50297.800818537646
50297.800818537646
50297.800818537646
50297.800818537646
50297.800818537646
50297.800818537646
50297.800818537646
50297.800818537646
50297.800818537646
50297.800818537646
50297.800818537646
50297.800818537646
50297.800818537646
50297.800818537646
50297.800818537646
50297.800818537646
50297.800818537646
50297.800818537646
50297.800818537646
50297.800818537646
50297.800818537646
50297.800818537646
50297.800818537646
50297.800818537646
50297.800818537646
50297.800818537646
50297.800818537646
50297.800818537646
50297.800818537646
50297.800818537646
50297.800818537646
49785.9140397101
49785.9140397101
49785.9140397101
49785.9140397101
49785.9140397101
49785.9140397101
49785.9140397101
49785.9140397101
49785.9140397101
49785.9140397101
49785.9140397101
49785.9140397101
49785.9140397101
49785.9140397101
49785.9140397101
49785.9140397101
49785.9140397101
49785.9140397101
49785.9140397101
49785.9140397101
49785.9140397101
49785.9140397101
49785.9140397101
49785.9140397101
49785.9140397101
49785.9140397101
49785.9140397101
49785.9140397101
49785.9140397101
49785.9140397101
49785.9140397101
49785.9140397101
49785.9140397101
49785.9140397101
49785.9140397101
49785.9140397101
49785.9140397101
49785.9140397101
49785.9140397101
49785.9140397101
49562.74645693723
49562.74645693723
49562.74645693723
49562.74645693723
49562.74645693723
49562.74645693723
49562.74645693723
49562.74645693723
49562.74645693723
49562.74645693723
48464.1844901226
48464.1844901226
48464.1844901226
48464.1844901226
48464.1844901226
47655.16085561498
47655.16085561498
47655.16085561498
47655.16085561498
47655.16085561498
47655.16085561498
47655.16085561498
47655.16085561498
47655.16085561498
47655.16085561498
47655.16085561498
47655.16085561498
47655.16085561498
47655.16085561498
47655.16085561498
47655.16085561498
47655.16085561498
47655.16085561498
47655.16085561498
47655.16085561498
47655.16085561498
47655.16085561498
47655.16085561498
47655.16085561498
47655.16085561498
47655.16085561498
47655.16085561498
47655.16085561498
47655.16085561498
47655.16085561498
47655.16085561498
47655.16085561498
47655.16085561498
47655.16085561498
47655.16085561498
47655.16085561498
47655.16085561498
47655.16085561498
47655.16085561498
47655.16085561498
47655.16085561498
47655.16085561498
47655.16085561498
47655.16085561498
47655.16085561498
47655.16085561498
47655.16085561498
47655.16085561498
47655.16085561498
47655.16085561498
47655.16085561498
47655.16085561498
47655.16085561498
47655.16085561498
47456.0843687896
47456.0843687896
47456.0843687896
47456.0843687896
47456.0843687896
47456.0843687896
47456.0843687896
47456.0843687896
47456.0843687896
47456.0843687896
47456.0843687896
47456.0843687896
47456.0843687896
47456.0843687896
47456.0843687896
47456.0843687896
47456.0843687896
47456.0843687896
47456.0843687896
47456.0843687896
47456.0843687896
47456.0843687896
47456.0843687896
47456.0843687896
47456.0843687896
47456.0843687896
47456.0843687896
47456.0843687896
47456.0843687896
47456.0843687896
47456.0843687896
47456.0843687896
47456.0843687896
47456.0843687896
47456.0843687896
47456.0843687896
47456.0843687896
47456.0843687896
47456.0843687896
47456.0843687896
47456.0843687896
47456.0843687896
47456.0843687896
47456.0843687896
47456.0843687896
47456.0843687896
47456.0843687896
47456.0843687896
47456.0843687896
47456.0843687896
47456.0843687896
47456.0843687896
47456.0843687896
47456.0843687896
47456.0843687896
47456.0843687896
47456.0843687896
47456.0843687896
47456.0843687896
47456.0843687896
47456.0843687896
47456.0843687896
47456.0843687896
47456.0843687896
47456.0843687896
47456.0843687896
47456.0843687896
47456.0843687896
47456.0843687896
47456.0843687896
47456.0843687896
47456.0843687896
47456.0843687896
47456.0843687896
47456.0843687896
47456.0843687896
47456.0843687896
47456.0843687896
47456.0843687896
47456.0843687896
47456.0843687896
47456.0843687896
47456.0843687896
47456.0843687896
47456.0843687896
47456.0843687896
47456.0843687896
47456.0843687896
47456.0843687896
47456.0843687896
47456.0843687896
47456.0843687896
47456.0843687896
47456.0843687896
47456.0843687896
47456.0843687896
47456.0843687896
47456.0843687896
45372.50328549176
45372.50328549176
45372.50328549176
45372.50328549176
45372.50328549176
45372.50328549176
45372.50328549176
45372.50328549176
45372.50328549176
45372.50328549176
45372.50328549176
45372.50328549176
45372.50328549176
45372.50328549176
45372.50328549176
45372.50328549176
45372.50328549176
45372.50328549176
45372.50328549176
45372.50328549176
45372.50328549176
45372.50328549176
45372.50328549176
45372.50328549176
45372.50328549176
45372.50328549176
45372.50328549176
45372.50328549176
45372.50328549176
45372.50328549176
45372.50328549176
45372.50328549176
45372.50328549176
45372.50328549176
45372.50328549176
45372.50328549176
45372.50328549176
45372.50328549176
45372.50328549176
45372.50328549176
45372.50328549176
45372.50328549176
45372.50328549176
45372.50328549176
45372.50328549176
45372.50328549176
45372.50328549176
45372.50328549176
45372.50328549176
45372.50328549176
45372.50328549176
45372.50328549176
45372.50328549176
45372.50328549176
45372.50328549176
45372.50328549176
45372.50328549176
45372.50328549176
45372.50328549176
45372.50328549176
45372.50328549176
45372.50328549176
45372.50328549176
45372.50328549176
45372.50328549176
45372.50328549176
45372.50328549176
45372.50328549176
45372.50328549176
45372.50328549176
45372.50328549176
45372.50328549176
45372.50328549176
45372.50328549176
45372.50328549176
45372.50328549176
45372.50328549176
45372.50328549176
45372.50328549176
45372.50328549176
45372.50328549176
45372.50328549176
45372.50328549176
45372.50328549176
45372.50328549176
45372.50328549176
45372.50328549176
45372.50328549176
45372.50328549176
45372.50328549176
45372.50328549176
45372.50328549176
45372.50328549176
45372.50328549176
45372.50328549176
45372.50328549176
45372.50328549176
45372.50328549176
45372.50328549176
45372.50328549176
45372.50328549176
45372.50328549176
45372.50328549176
45372.50328549176
45372.50328549176
45372.50328549176
45372.50328549176
45163.44113364359
45163.44113364359
45163.44113364359
45163.44113364359
45163.44113364359
45163.44113364359
45163.44113364359
45163.44113364359
45163.44113364359
45163.44113364359
45163.44113364359
45163.44113364359
45163.44113364359
45163.44113364359
45163.44113364359
45163.44113364359
45163.44113364359
45163.44113364359
45163.44113364359
45163.44113364359
45163.44113364359
44236.20302965591
44236.20302965591
44236.20302965591
44236.20302965591
44236.20302965591
44236.20302965591
44236.20302965591
44236.20302965591
44236.20302965591
44236.20302965591
44236.20302965591
44236.20302965591
44236.20302965591
44236.20302965591
44236.20302965591
44236.20302965591
44183.41477514028
44183.41477514028
44183.41477514028
44183.41477514028
44183.41477514028
44183.41477514028
44183.41477514028
44183.41477514028
44183.41477514028
44183.41477514028
44183.41477514028
44183.41477514028
44183.41477514028
44183.41477514028
44183.41477514028
44183.41477514028
44183.41477514028
44183.41477514028
44183.41477514028
44183.41477514028
44183.41477514028
44183.41477514028
42789.50886117827
42789.50886117827
42789.50886117827
42789.50886117827
42789.50886117827
42789.50886117827
42789.50886117827
42789.50886117827
42789.50886117827
42789.50886117827
42789.50886117827
42789.50886117827
42789.50886117827
42789.50886117827
42789.50886117827
42789.50886117827
42789.50886117827
42789.50886117827
42789.50886117827
42789.50886117827
42789.50886117827
42789.50886117827
42789.50886117827
42789.50886117827
42789.50886117827
42789.50886117827
42789.50886117827
42789.50886117827
42593.844565922685
42593.844565922685
42593.844565922685
42593.844565922685
42593.844565922685
42593.844565922685
42593.844565922685
42593.844565922685
42593.844565922685
42593.844565922685
42593.844565922685
42593.844565922685
42593.844565922685
42593.844565922685
42593.844565922685
42593.844565922685
42593.844565922685
42593.844565922685
42593.844565922685
42593.844565922685
42593.844565922685
42593.844565922685
42593.844565922685
41706.21264710258
41706.21264710258
41706.21264710258
41706.21264710258
41706.21264710258
41706.21264710258
41706.21264710258
41706.21264710258
41706.21264710258
41706.21264710258
41091.728116909995
41091.728116909995
41091.728116909995
41091.728116909995
41091.728116909995
41091.728116909995
41091.728116909995
41091.728116909995
41091.728116909995
41091.728116909995
41091.728116909995
41091.728116909995
41091.728116909995
41091.728116909995
41091.728116909995
41091.728116909995
41091.728116909995
41091.728116909995
41091.728116909995
41091.728116909995
41091.728116909995
41091.728116909995
41091.728116909995
41091.728116909995
41091.728116909995
41091.728116909995
41091.728116909995
41091.728116909995
41091.728116909995
41091.728116909995
41091.728116909995
41091.728116909995
41091.728116909995
41091.728116909995
41091.728116909995
41091.728116909995
41091.728116909995
41091.728116909995
41091.728116909995
41091.728116909995
41091.728116909995
41091.728116909995
41091.728116909995
41091.728116909995
41091.728116909995
41091.728116909995
41091.728116909995
41091.728116909995
41091.728116909995
41091.728116909995
41091.728116909995
41091.728116909995
41091.728116909995
41091.728116909995
41091.728116909995
41091.728116909995
41091.728116909995
41091.728116909995
41091.728116909995
41091.728116909995
41091.728116909995
41091.728116909995
41091.728116909995
41091.728116909995
41091.728116909995
41091.728116909995
41091.728116909995
41091.728116909995
41091.728116909995
41091.728116909995
41091.728116909995
41091.728116909995
41091.728116909995
41091.728116909995
41091.728116909995
41091.728116909995
41091.728116909995
41091.728116909995
41091.728116909995
41091.728116909995
41091.728116909995
41091.728116909995
41091.728116909995
41091.728116909995
41091.728116909995
41091.728116909995
41091.728116909995
41091.728116909995
41091.728116909995
41091.728116909995
41091.728116909995
41091.728116909995
41091.728116909995
41091.728116909995
41091.728116909995
40940.32513866746
40940.32513866746
40940.32513866746
40940.32513866746
40940.32513866746
40940.32513866746
40940.32513866746
40940.32513866746
40940.32513866746
40419.44446994588
40419.44446994588
40419.44446994588
40419.44446994588
40419.44446994588
40419.44446994588
40419.44446994588
40408.9116369952
40408.9116369952
40408.9116369952
40408.9116369952
38149.80568266825
38149.80568266825
38149.80568266825
38149.80568266825
38149.80568266825
38149.80568266825
38149.80568266825
38149.80568266825
38149.80568266825
38149.80568266825
38149.80568266825
38149.80568266825
38149.80568266825
38149.80568266825
38149.80568266825
38149.80568266825
38149.80568266825
38149.80568266825
38149.80568266825
38149.80568266825
38149.80568266825
38149.80568266825
38149.80568266825
38149.80568266825
38149.80568266825
38149.80568266825
38149.80568266825
38149.80568266825
38149.80568266825
38149.80568266825
38149.80568266825
38149.80568266825
38149.80568266825
38149.80568266825
38149.80568266825
38149.80568266825
38149.80568266825
38149.80568266825
38149.80568266825
38149.80568266825
38149.80568266825
38149.80568266825
38149.80568266825
38149.80568266825
38149.80568266825
38149.80568266825
38149.80568266825
38149.80568266825
38149.80568266825
38149.80568266825
38149.80568266825
38149.80568266825
38149.80568266825
38149.80568266825
38149.80568266825
38149.80568266825
38149.80568266825
38149.80568266825
38149.80568266825
38149.80568266825
38149.80568266825
38149.80568266825
38149.80568266825
38149.80568266825
38149.80568266825
38149.80568266825
38149.80568266825
38149.80568266825
38149.80568266825
38149.80568266825
38149.80568266825
38149.80568266825
38149.80568266825
38149.80568266825
38149.80568266825
37592.58921212863
37592.58921212863
37592.58921212863
37592.58921212863
37592.58921212863
37592.58921212863
37592.58921212863
37592.58921212863
37592.58921212863
37592.58921212863
37592.58921212863
37592.58921212863
37592.58921212863
37592.58921212863
37592.58921212863
37592.58921212863
37592.58921212863
37592.58921212863
37592.58921212863
37592.58921212863
37592.58921212863
37592.58921212863
37592.58921212863
37592.58921212863
37592.58921212863
37592.58921212863
37592.58921212863
37592.58921212863
37592.58921212863
37592.58921212863
37592.58921212863
37592.58921212863
37592.58921212863
37592.58921212863
37592.58921212863
37592.58921212863
37592.58921212863
37592.58921212863
37592.58921212863
37535.35167602863
37535.35167602863
37535.35167602863
37535.35167602863
37535.35167602863
37535.35167602863
37535.35167602863
37535.35167602863
37535.35167602863
37535.35167602863
37535.35167602863
37535.35167602863
37309.79787797017
37309.79787797017
37309.79787797017
37309.79787797017
37309.79787797017
37309.79787797017
37309.79787797017
37309.79787797017
37309.79787797017
37309.79787797017
37309.79787797017
37309.79787797017
37309.79787797017
37309.79787797017
37309.79787797017
37309.79787797017
37309.79787797017
37309.79787797017
37309.79787797017
37309.79787797017
37309.79787797017
37309.79787797017
36584.082333389095
36584.082333389095
36584.082333389095
36352.38227285272
36352.38227285272
36352.38227285272
36352.38227285272
36352.38227285272
36352.38227285272
36352.38227285272
36352.38227285272
36352.38227285272
36352.38227285272
36352.38227285272
36352.38227285272
36352.38227285272
36352.38227285272
35857.29700233949
35857.29700233949
35857.29700233949
35857.29700233949
35857.29700233949
35857.29700233949
35249.571680671404
35249.571680671404
35249.571680671404
35249.571680671404
35249.571680671404
35249.571680671404
35249.571680671404
35249.571680671404
35249.571680671404
35249.571680671404
35249.571680671404
35249.571680671404
34492.248153409644
34492.248153409644
34492.248153409644
34492.248153409644
34492.248153409644
34492.248153409644
34492.248153409644
34492.248153409644
34492.248153409644
34492.248153409644
34492.248153409644
34492.248153409644
34492.248153409644
34492.248153409644
34492.248153409644
34492.248153409644
34492.248153409644
34492.248153409644
34492.248153409644
34492.248153409644
34492.248153409644
34492.248153409644
34492.248153409644
34492.248153409644
34492.248153409644
34492.248153409644
34492.248153409644
34492.248153409644
34492.248153409644
34492.248153409644
34492.248153409644
34492.248153409644
34492.248153409644
34492.248153409644
34492.248153409644
34492.248153409644
34492.248153409644
34492.248153409644
34492.248153409644
34492.248153409644
34492.248153409644
34492.248153409644
34492.248153409644
34492.248153409644
34492.248153409644
34492.248153409644
34492.248153409644
34492.248153409644
34492.248153409644
34492.248153409644
34492.248153409644
34492.248153409644
34492.248153409644
34492.248153409644
34492.248153409644
34492.248153409644
34492.248153409644
34492.248153409644
34492.248153409644
34492.248153409644
34492.248153409644
34492.248153409644
34492.248153409644
34492.248153409644
34492.248153409644
34492.248153409644
34492.248153409644
34492.248153409644
34492.248153409644
34492.248153409644
34492.248153409644
34492.248153409644
34492.248153409644
34492.248153409644
34492.248153409644
34492.248153409644
34492.248153409644
34492.248153409644
34492.248153409644
34492.248153409644
34492.248153409644
34492.248153409644
34492.248153409644
34492.248153409644
34492.248153409644
34492.248153409644
34492.248153409644
34492.248153409644
34348.57433674132
34348.57433674132
34348.57433674132
34348.57433674132
34348.57433674132
34348.57433674132
34348.57433674132
34348.57433674132
34348.57433674132
34348.57433674132
34348.57433674132
34348.57433674132
33644.95174698606
33644.95174698606
33644.95174698606
33644.95174698606
33616.19200834258
33616.19200834258
33616.19200834258
33616.19200834258
33616.19200834258
33616.19200834258
33616.19200834258
33616.19200834258
33616.19200834258
33616.19200834258
33616.19200834258
33616.19200834258
33616.19200834258
33616.19200834258
33616.19200834258
33544.0383699421
33544.0383699421
33544.0383699421
33544.0383699421
33544.0383699421
33544.0383699421
33544.0383699421
33544.0383699421
33544.0383699421
33544.0383699421
33544.0383699421
33544.0383699421
33544.0383699421
33544.0383699421
33544.0383699421
33544.0383699421
33544.0383699421
33544.0383699421
33544.0383699421
33544.0383699421
33544.0383699421
33544.0383699421
33544.0383699421
33544.0383699421
33544.0383699421
33544.0383699421
33544.0383699421
33544.0383699421
33544.0383699421
33544.0383699421
33544.0383699421
33544.0383699421
33544.0383699421
33544.0383699421
33544.0383699421
33544.0383699421
33544.0383699421
33544.0383699421
33122.25412832437
33122.25412832437
33122.25412832437
33122.25412832437
33039.92921321925
33039.92921321925
33039.92921321925
33039.92921321925
33039.92921321925
33039.92921321925
33039.92921321925
33039.92921321925
33039.92921321925
33039.92921321925
33039.92921321925
33039.92921321925
33039.92921321925
33039.92921321925
33039.92921321925
33039.92921321925
33039.92921321925
32962.47940444266
32962.47940444266
32962.47940444266
32962.47940444266
32962.47940444266
32962.47940444266
32962.47940444266
32962.47940444266
32962.47940444266
32962.47940444266
32962.47940444266
32962.47940444266
32962.47940444266
32962.47940444266
32962.47940444266
32962.47940444266
32962.47940444266
32962.47940444266
32962.47940444266
32962.47940444266
32962.47940444266
32962.47940444266
32962.47940444266
32962.47940444266
32962.47940444266
32954.85327298476
32954.85327298476
32954.85327298476
32954.85327298476
32954.85327298476
32954.85327298476
32954.85327298476
32954.85327298476
32954.85327298476
32954.85327298476
32954.85327298476
32892.939128647646
32892.939128647646
32892.939128647646
32892.939128647646
32892.939128647646
32892.939128647646
32892.939128647646
32737.266715021815
32676.53407743519
32564.467403041483
32564.467403041483
32564.467403041483
32564.467403041483
32564.467403041483
32564.467403041483
32564.467403041483
32564.467403041483
32564.467403041483
32564.467403041483
32564.467403041483
32564.467403041483
32564.467403041483
32564.467403041483
32564.467403041483
32564.467403041483
32564.467403041483
32564.467403041483
32564.467403041483
32564.467403041483
32564.467403041483
32564.467403041483
32564.467403041483
32564.467403041483
32344.889395316786
32344.889395316786
32344.889395316786
32344.889395316786
32344.889395316786
32344.889395316786
32344.889395316786
32344.889395316786
32344.889395316786
32344.889395316786
32344.889395316786
32274.53551484787
32274.53551484787
32274.53551484787
32274.53551484787
32274.53551484787
32274.53551484787
32274.53551484787
32274.53551484787
32274.53551484787
32274.53551484787
32274.53551484787
32274.53551484787
32274.53551484787
32274.53551484787
32274.53551484787
32274.53551484787
32274.53551484787
32274.53551484787
32274.53551484787
32274.53551484787
32065.460706373044
32065.460706373044
32065.460706373044
32065.460706373044
31494.616361214434
31494.616361214434
31494.616361214434
31494.616361214434
31494.616361214434
31494.616361214434
31494.616361214434
31494.616361214434
31494.616361214434
31494.616361214434
31494.616361214434
31494.616361214434
31494.616361214434
31494.616361214434
31494.616361214434
31494.616361214434
31494.616361214434
31494.616361214434
31494.616361214434
31494.616361214434
31494.616361214434
31494.616361214434
31494.616361214434
31494.616361214434
31494.616361214434
31494.616361214434
31494.616361214434
31494.616361214434
31494.616361214434
31494.616361214434
31494.616361214434
31494.616361214434
31494.616361214434
31494.616361214434
31494.616361214434
31494.616361214434
31494.616361214434
31494.616361214434
31494.616361214434
31494.616361214434
31494.616361214434
31494.616361214434
31494.616361214434
31494.616361214434
31494.616361214434
31494.616361214434
31494.616361214434
31494.616361214434
31494.616361214434
31494.616361214434
31494.616361214434
31425.821781452807
31425.821781452807
31425.821781452807
31425.821781452807
31425.821781452807
31425.821781452807
31425.821781452807
31425.821781452807
31425.821781452807
31425.821781452807
31425.821781452807
31425.821781452807
31425.821781452807
31425.821781452807
31425.821781452807
31425.821781452807
31425.821781452807
31425.821781452807
31425.821781452807
31425.821781452807
31425.821781452807
31337.1113173288
31337.1113173288
31337.1113173288
31337.1113173288
31337.1113173288
31337.1113173288
31337.1113173288
31337.1113173288
31337.1113173288
31337.1113173288
31337.1113173288
31337.1113173288
31337.1113173288
31337.1113173288
31337.1113173288
31337.1113173288
31337.1113173288
31337.1113173288
31337.1113173288
31337.1113173288
31337.1113173288
31337.1113173288
31337.1113173288
31337.1113173288
31337.1113173288
31337.1113173288
31337.1113173288
31337.1113173288
31337.1113173288
31337.1113173288
31242.300643084705
31242.300643084705
31242.300643084705
31242.300643084705
31242.300643084705
31242.300643084705
31242.300643084705
31242.300643084705
31242.300643084705
31242.300643084705
31242.300643084705
31242.300643084705
31242.300643084705
31242.300643084705
31242.300643084705
31242.300643084705
31242.300643084705
31242.300643084705
31242.300643084705
31242.300643084705
31242.300643084705
31242.300643084705
31242.300643084705
31242.300643084705
31242.300643084705
31242.300643084705
31242.300643084705
31242.300643084705
31242.300643084705
31242.300643084705
31242.300643084705
31242.300643084705
31242.300643084705
31242.300643084705
31242.300643084705
31242.300643084705
31242.300643084705
31242.300643084705
31242.300643084705
31242.300643084705
31242.300643084705
31242.300643084705
31242.300643084705
31242.300643084705
31242.300643084705
31242.300643084705
31242.300643084705
31077.05281096735
31077.05281096735
31077.05281096735
31077.05281096735
31077.05281096735
31077.05281096735
31077.05281096735
31077.05281096735
31077.05281096735
31077.05281096735
31077.05281096735
31077.05281096735
31077.05281096735
31077.05281096735
31077.05281096735
31077.05281096735
31077.05281096735
31077.05281096735
31077.05281096735
31077.05281096735
31068.574357590176
31068.574357590176
31068.574357590176
31068.574357590176
31068.574357590176
31068.574357590176
31068.574357590176
31068.574357590176
31068.574357590176
31068.574357590176
31068.574357590176
31068.574357590176
31068.574357590176
31068.574357590176
31068.574357590176
31068.574357590176
31068.574357590176
31068.574357590176
31027.695928551944
31027.695928551944
30735.442875104894
30735.442875104894
30735.442875104894
30735.442875104894
30735.442875104894
30735.442875104894
30735.442875104894
30735.442875104894
30735.442875104894
30735.442875104894
30735.442875104894
30735.442875104894
30735.442875104894
30735.442875104894
30735.442875104894
30735.442875104894
30735.442875104894
30735.442875104894
30735.442875104894
30735.442875104894
30735.442875104894
30735.442875104894
30110.974182180304
30110.974182180304
30110.974182180304
30110.974182180304
30110.974182180304
30110.974182180304
30110.974182180304
30110.974182180304
30110.974182180304
30110.974182180304
30110.974182180304
30110.974182180304
30110.974182180304
30110.974182180304
30110.974182180304
30110.974182180304
30110.974182180304
30110.974182180304
30110.974182180304
30110.974182180304
30110.974182180304
30110.974182180304
30110.974182180304
30110.974182180304
30110.974182180304
30110.974182180304
30110.974182180304
30110.974182180304
30110.974182180304
30110.974182180304
30110.974182180304
30110.974182180304
30110.974182180304
30110.974182180304
30110.974182180304
30110.974182180304
30110.974182180304
30110.974182180304
30110.974182180304
30110.974182180304
30110.974182180304
30110.974182180304
30110.974182180304
30110.974182180304
30110.974182180304
30110.974182180304
30110.974182180304
30110.974182180304
30110.974182180304
30110.974182180304
30110.974182180304
30110.974182180304
30110.974182180304
30110.974182180304
30110.974182180304
30110.974182180304
30110.974182180304
30110.974182180304
30110.974182180304
30110.974182180304
30110.974182180304
30110.974182180304
30110.974182180304
30110.974182180304
30110.974182180304
30110.974182180304
30110.974182180304
30110.974182180304
30110.974182180304
30110.974182180304
30110.974182180304
30110.974182180304
30110.974182180304
30110.974182180304
30110.974182180304
30110.974182180304
30110.974182180304
29951.103764671167
29951.103764671167
29951.103764671167
29951.103764671167
29951.103764671167
29951.103764671167
29951.103764671167
29951.103764671167
29951.103764671167
29951.103764671167
29951.103764671167
29951.103764671167
29951.103764671167
29951.103764671167
29951.103764671167
29951.103764671167
29951.103764671167
29951.103764671167
29951.103764671167
29951.103764671167
29951.103764671167
29951.103764671167
29951.103764671167
29951.103764671167
29951.103764671167
29951.103764671167
29951.103764671167
29951.103764671167
29951.103764671167
29951.103764671167
29951.103764671167
29951.103764671167
29951.103764671167
29951.103764671167
29951.103764671167
29951.103764671167
29951.103764671167
29951.103764671167
29951.103764671167
29951.103764671167
29951.103764671167
29951.103764671167
29272.484542019913
29272.484542019913
29272.484542019913
29272.484542019913
29272.484542019913
29272.484542019913
29272.484542019913
29272.484542019913
29272.484542019913
29272.484542019913
29272.484542019913
29272.484542019913
29272.484542019913
29272.484542019913
29272.484542019913
29272.484542019913
29272.484542019913
29272.484542019913
29272.484542019913
29272.484542019913
29272.484542019913
29272.484542019913
29272.484542019913
29272.484542019913
29272.484542019913
29272.484542019913
29272.484542019913
29272.484542019913
29272.484542019913
29272.484542019913
29272.484542019913
29272.484542019913
29272.484542019913
29272.484542019913
29272.484542019913
29272.484542019913
29272.484542019913
29272.484542019913
29272.484542019913
29272.484542019913
29272.484542019913
29272.484542019913
29272.484542019913
Time: 110.73910403251648 seconds 
Best solution: 29272.484542019913 [23, 31, 32, 33, 15, 20, 6, 2, 30, 37, 18, 25, 24, 12, 8, 9, 16, 19, 27, 7, 3, 4, 5, 14, 13, 35, 34, 104, 47, 43, 42, 36, 38, 39, 60, 66, 70, 88, 99, 98, 90, 89, 76, 74, 69, 80, 75, 73, 64, 59, 55, 40, 67, 68, 79, 85, 84, 82, 83, 93, 97, 101, 102, 91, 92, 96, 86, 72, 77, 100, 94, 81, 78, 71, 95, 87, 61, 65, 62, 63, 51, 53, 58, 52, 46, 41, 48, 45, 50, 56, 49, 105, 57, 44, 54, 26, 17, 103, 21, 29, 11, 10, 1, 22, 28]
Avg solution: 50022.1282925688