Alg:2, Run: 7, file: C:\Users\gabri\Documents\AN 3 SEM 2\AI\Lab\Lab3\\lin105.tsp, population number: 1000, generations: 2500 
103836.76644193465
103836.76644193465
103836.76644193465
103836.76644193465
103039.42371976985
95532.8409852055
95532.8409852055
95532.8409852055
95532.8409852055
95532.8409852055
95532.8409852055
95532.8409852055
94119.64582331816
94119.64582331816
94119.64582331816
94119.64582331816
94119.64582331816
94119.64582331816
94119.64582331816
94119.64582331816
94119.64582331816
94119.64582331816
94119.64582331816
94119.64582331816
94119.64582331816
94119.64582331816
92989.9831444881
92989.9831444881
92989.9831444881
92989.9831444881
92989.9831444881
92989.9831444881
92989.9831444881
92989.9831444881
92989.9831444881
92989.9831444881
89604.3325786023
89604.3325786023
89604.3325786023
89604.3325786023
89604.3325786023
89604.3325786023
89604.3325786023
89604.3325786023
89604.3325786023
89604.3325786023
89604.3325786023
89604.3325786023
88832.25820236566
88832.25820236566
88832.25820236566
88750.9007063298
88750.9007063298
88750.9007063298
88750.9007063298
88750.9007063298
88652.93704025942
88652.93704025942
88652.93704025942
88652.93704025942
88652.93704025942
88652.93704025942
88652.93704025942
88652.93704025942
88652.93704025942
87339.59001714276
87339.59001714276
87339.59001714276
87339.59001714276
87339.59001714276
87339.59001714276
87116.85560478392
87116.85560478392
87116.85560478392
87116.85560478392
87116.85560478392
86144.17902298512
86144.17902298512
86144.17902298512
83792.76279449448
83792.76279449448
83792.76279449448
83792.76279449448
83792.76279449448
83792.76279449448
83792.76279449448
83792.76279449448
83792.76279449448
83792.76279449448
83792.76279449448
83792.76279449448
83787.13377478975
83787.13377478975
83787.13377478975
81553.75288119535
81553.75288119535
81553.75288119535
81553.75288119535
81553.75288119535
81156.52093367289
81156.52093367289
81156.52093367289
81156.52093367289
81156.52093367289
81156.52093367289
79656.33246623816
79656.33246623816
79656.33246623816
79656.33246623816
79656.33246623816
79656.33246623816
79656.33246623816
79656.33246623816
79656.33246623816
79656.33246623816
79656.33246623816
79656.33246623816
79656.33246623816
79656.33246623816
79656.33246623816
79656.33246623816
79656.33246623816
79656.33246623816
79656.33246623816
79656.33246623816
79656.33246623816
79656.33246623816
79656.33246623816
79656.33246623816
79656.33246623816
79656.33246623816
79570.6404194159
79570.6404194159
79570.6404194159
79570.6404194159
79570.6404194159
79570.6404194159
79570.6404194159
79570.6404194159
79570.6404194159
79570.6404194159
79570.6404194159
79570.6404194159
79570.6404194159
79567.95819086583
79567.95819086583
79567.95819086583
79567.95819086583
79567.95819086583
79567.95819086583
79567.95819086583
79567.95819086583
79567.95819086583
79567.95819086583
79567.95819086583
79567.95819086583
79567.95819086583
78856.58819580545
78856.58819580545
78856.58819580545
78856.58819580545
78856.58819580545
78856.58819580545
78856.58819580545
78856.58819580545
78856.58819580545
78856.58819580545
78856.58819580545
78645.7597663419
78645.7597663419
78645.7597663419
78645.7597663419
76208.26258587101
76097.4173985862
76097.4173985862
76097.4173985862
76097.4173985862
75707.3386608349
75707.3386608349
75707.3386608349
75707.3386608349
75707.3386608349
75707.3386608349
75707.3386608349
75707.3386608349
75707.3386608349
75707.3386608349
75707.3386608349
75707.3386608349
75707.3386608349
75707.3386608349
75707.3386608349
75287.79641258006
75287.79641258006
75287.79641258006
73135.55938592798
73135.55938592798
73135.55938592798
73135.55938592798
73135.55938592798
73135.55938592798
73135.55938592798
73135.55938592798
73135.55938592798
73135.55938592798
73135.55938592798
73135.55938592798
73135.55938592798
73135.55938592798
73135.55938592798
73135.55938592798
73135.55938592798
73135.55938592798
73135.55938592798
73135.55938592798
73135.55938592798
73135.55938592798
73135.55938592798
73135.55938592798
73135.55938592798
73135.55938592798
73135.55938592798
73135.55938592798
73135.55938592798
73135.55938592798
73135.55938592798
73135.55938592798
73135.55938592798
73135.55938592798
73135.55938592798
73135.55938592798
73135.55938592798
73135.55938592798
73135.55938592798
73135.55938592798
73135.55938592798
73135.55938592798
73135.55938592798
73135.55938592798
73135.55938592798
73135.55938592798
73135.55938592798
73135.55938592798
70972.49150448706
70972.49150448706
70972.49150448706
70972.49150448706
70972.49150448706
70251.0204778454
70251.0204778454
70251.0204778454
70251.0204778454
70251.0204778454
70251.0204778454
70251.0204778454
70251.0204778454
70251.0204778454
70251.0204778454
70251.0204778454
70251.0204778454
70251.0204778454
70251.0204778454
70251.0204778454
70251.0204778454
70251.0204778454
70251.0204778454
70251.0204778454
70251.0204778454
70251.0204778454
70251.0204778454
70251.0204778454
70251.0204778454
70251.0204778454
70251.0204778454
70251.0204778454
70251.0204778454
70251.0204778454
70251.0204778454
70251.0204778454
70251.0204778454
70251.0204778454
70251.0204778454
70251.0204778454
70251.0204778454
70251.0204778454
70251.0204778454
70251.0204778454
70251.0204778454
70251.0204778454
70251.0204778454
70251.0204778454
70251.0204778454
70251.0204778454
70251.0204778454
70251.0204778454
70251.0204778454
70251.0204778454
69571.86259817646
69571.86259817646
69571.86259817646
69571.86259817646
69571.86259817646
69571.86259817646
69571.86259817646
69571.86259817646
69571.86259817646
69571.86259817646
69376.8425470532
69376.8425470532
69376.8425470532
69376.8425470532
69376.8425470532
69376.8425470532
69376.8425470532
68601.81109195319
68601.81109195319
68601.81109195319
68601.81109195319
68601.81109195319
68601.81109195319
68399.78369154419
68399.78369154419
68399.78369154419
68399.78369154419
68399.78369154419
68399.78369154419
68399.78369154419
68399.78369154419
68399.78369154419
68399.78369154419
68399.78369154419
68399.78369154419
68399.78369154419
68399.78369154419
67701.08997979292
67701.08997979292
67701.08997979292
67701.08997979292
67701.08997979292
67701.08997979292
67701.08997979292
67701.08997979292
67591.54302588392
67591.54302588392
67591.54302588392
66951.49357488
66176.98761623944
66176.98761623944
66176.98761623944
66176.98761623944
66176.98761623944
66176.98761623944
66176.98761623944
66176.98761623944
66176.98761623944
66176.98761623944
66176.98761623944
66176.98761623944
66176.98761623944
66176.98761623944
66176.98761623944
66176.98761623944
66176.98761623944
62818.67210241014
62818.67210241014
62818.67210241014
62818.67210241014
62818.67210241014
62818.67210241014
62818.67210241014
62818.67210241014
62818.67210241014
62818.67210241014
62818.67210241014
62818.67210241014
62818.67210241014
62818.67210241014
62818.67210241014
62818.67210241014
62818.67210241014
62818.67210241014
62818.67210241014
62818.67210241014
62818.67210241014
62818.67210241014
62818.67210241014
62818.67210241014
62818.67210241014
62818.67210241014
62818.67210241014
62818.67210241014
62818.67210241014
62818.67210241014
62818.67210241014
62818.67210241014
62818.67210241014
62818.67210241014
62818.67210241014
62818.67210241014
62818.67210241014
62818.67210241014
62818.67210241014
62818.67210241014
62818.67210241014
62818.67210241014
62818.67210241014
62818.67210241014
62818.67210241014
62818.67210241014
62818.67210241014
62818.67210241014
62818.67210241014
62818.67210241014
62818.67210241014
62818.67210241014
62818.67210241014
62818.67210241014
62818.67210241014
62818.67210241014
62818.67210241014
62818.67210241014
62818.67210241014
62818.67210241014
62818.67210241014
62818.67210241014
62818.67210241014
62818.67210241014
62818.67210241014
62818.67210241014
62818.67210241014
62818.67210241014
62818.67210241014
62818.67210241014
62818.67210241014
62818.67210241014
62818.67210241014
62818.67210241014
62818.67210241014
62818.67210241014
58278.14910587032
58278.14910587032
58278.14910587032
58278.14910587032
58278.14910587032
58278.14910587032
58278.14910587032
58278.14910587032
58278.14910587032
58278.14910587032
58278.14910587032
58278.14910587032
58278.14910587032
58278.14910587032
58278.14910587032
58278.14910587032
58278.14910587032
58278.14910587032
58278.14910587032
58278.14910587032
58278.14910587032
58278.14910587032
58278.14910587032
58278.14910587032
58278.14910587032
58278.14910587032
58278.14910587032
58278.14910587032
58278.14910587032
58278.14910587032
58278.14910587032
58278.14910587032
58278.14910587032
58278.14910587032
58278.14910587032
58278.14910587032
58278.14910587032
58278.14910587032
58278.14910587032
58278.14910587032
58278.14910587032
58278.14910587032
58278.14910587032
58278.14910587032
58278.14910587032
58278.14910587032
58278.14910587032
58278.14910587032
58278.14910587032
58278.14910587032
58278.14910587032
58278.14910587032
58278.14910587032
58278.14910587032
58278.14910587032
58278.14910587032
58278.14910587032
58278.14910587032
58278.14910587032
58278.14910587032
58278.14910587032
58278.14910587032
58278.14910587032
58278.14910587032
58278.14910587032
58278.14910587032
58278.14910587032
58278.14910587032
58278.14910587032
58278.14910587032
58278.14910587032
58278.14910587032
58278.14910587032
58278.14910587032
58278.14910587032
58278.14910587032
58278.14910587032
58278.14910587032
58278.14910587032
58278.14910587032
58278.14910587032
58278.14910587032
58278.14910587032
58278.14910587032
58278.14910587032
58278.14910587032
58278.14910587032
58278.14910587032
58278.14910587032
58278.14910587032
58278.14910587032
58278.14910587032
58278.14910587032
58278.14910587032
58278.14910587032
58278.14910587032
58278.14910587032
58278.14910587032
58278.14910587032
58278.14910587032
58278.14910587032
58278.14910587032
58278.14910587032
58278.14910587032
58278.14910587032
58278.14910587032
58278.14910587032
58278.14910587032
58278.14910587032
58278.14910587032
58278.14910587032
58278.14910587032
58278.14910587032
58278.14910587032
58278.14910587032
58278.14910587032
58278.14910587032
58278.14910587032
58278.14910587032
58278.14910587032
58278.14910587032
58278.14910587032
58278.14910587032
58278.14910587032
58278.14910587032
58278.14910587032
56714.43953573727
56714.43953573727
56714.43953573727
56714.43953573727
56714.43953573727
56714.43953573727
56714.43953573727
56714.43953573727
56714.43953573727
56714.43953573727
56714.43953573727
56714.43953573727
56714.43953573727
56714.43953573727
56714.43953573727
56714.43953573727
56714.43953573727
56714.43953573727
56714.43953573727
56714.43953573727
56714.43953573727
56714.43953573727
56714.43953573727
56714.43953573727
56714.43953573727
56714.43953573727
56427.05137196924
56427.05137196924
56427.05137196924
56427.05137196924
56427.05137196924
56427.05137196924
56427.05137196924
56427.05137196924
56427.05137196924
56427.05137196924
56427.05137196924
56427.05137196924
56427.05137196924
56427.05137196924
56427.05137196924
56427.05137196924
56427.05137196924
56427.05137196924
56427.05137196924
56427.05137196924
56427.05137196924
56367.52720012612
56367.52720012612
54333.99976322743
54333.99976322743
54333.99976322743
54333.99976322743
54333.99976322743
54333.99976322743
54333.99976322743
54333.99976322743
54333.99976322743
54333.99976322743
54333.99976322743
54333.99976322743
54333.99976322743
54333.99976322743
54333.99976322743
54333.99976322743
54333.99976322743
54333.99976322743
54333.99976322743
54333.99976322743
54333.99976322743
54333.99976322743
54333.99976322743
54333.99976322743
54333.99976322743
54333.99976322743
54333.99976322743
54333.99976322743
54333.99976322743
54294.32839744293
54294.32839744293
54294.32839744293
54294.32839744293
54294.32839744293
54294.32839744293
54294.32839744293
53517.800128328614
53517.800128328614
53517.800128328614
53517.800128328614
53517.800128328614
53517.800128328614
53517.800128328614
53517.800128328614
53517.800128328614
53517.800128328614
53517.800128328614
53517.800128328614
53517.800128328614
53517.800128328614
53517.800128328614
53517.800128328614
53517.800128328614
53517.800128328614
53517.800128328614
53517.800128328614
53517.800128328614
53517.800128328614
53517.800128328614
53517.800128328614
53517.800128328614
53517.800128328614
53517.800128328614
53517.800128328614
53517.800128328614
53517.800128328614
53517.800128328614
53517.800128328614
53517.800128328614
53517.800128328614
53517.800128328614
53517.800128328614
53517.800128328614
53517.800128328614
53517.800128328614
53517.800128328614
53517.800128328614
53517.800128328614
53517.800128328614
53517.800128328614
53517.800128328614
53009.53238250934
53009.53238250934
53009.53238250934
53009.53238250934
53009.53238250934
53009.53238250934
53009.53238250934
53009.53238250934
53009.53238250934
53009.53238250934
53009.53238250934
53009.53238250934
53009.53238250934
53009.53238250934
53009.53238250934
53009.53238250934
53009.53238250934
52894.480940743066
52894.480940743066
52894.480940743066
52894.480940743066
52894.480940743066
52894.480940743066
52894.480940743066
52894.480940743066
52894.480940743066
52894.480940743066
52894.480940743066
52894.480940743066
52894.480940743066
52894.480940743066
52894.480940743066
52894.480940743066
52894.480940743066
52894.480940743066
52894.480940743066
52894.480940743066
52894.480940743066
52712.620101514156
52712.620101514156
52712.620101514156
52712.620101514156
52712.620101514156
52240.543908187836
52240.543908187836
52240.543908187836
52240.543908187836
52240.543908187836
52240.543908187836
52240.543908187836
52240.543908187836
52240.543908187836
52240.543908187836
52240.543908187836
52240.543908187836
52240.543908187836
52240.543908187836
52240.543908187836
52240.543908187836
52240.543908187836
52240.543908187836
52240.543908187836
52240.543908187836
52012.788431099194
51181.73704574236
51181.73704574236
51181.73704574236
51181.73704574236
51181.73704574236
51181.73704574236
51181.73704574236
51181.73704574236
51181.73704574236
51181.73704574236
51181.73704574236
51181.73704574236
51181.73704574236
51181.73704574236
51181.73704574236
51181.73704574236
51181.73704574236
51181.73704574236
51181.73704574236
51181.73704574236
51181.73704574236
51181.73704574236
50482.968600455606
50482.968600455606
50482.968600455606
50482.968600455606
50482.968600455606
50482.968600455606
50482.968600455606
50482.968600455606
50177.904945277754
50177.904945277754
50177.904945277754
50177.904945277754
50177.904945277754
50177.904945277754
50177.904945277754
50177.904945277754
50177.904945277754
50177.904945277754
50177.904945277754
50177.904945277754
50177.904945277754
50177.904945277754
49613.71072929308
49613.71072929308
49613.71072929308
49613.71072929308
49613.71072929308
49613.71072929308
49613.71072929308
49613.71072929308
49613.71072929308
49613.71072929308
49613.71072929308
49613.71072929308
49613.71072929308
49613.71072929308
49613.71072929308
49613.71072929308
49613.71072929308
49613.71072929308
49613.71072929308
49613.71072929308
49613.71072929308
49613.71072929308
49613.71072929308
49613.71072929308
49613.71072929308
49613.71072929308
49613.71072929308
49613.71072929308
49613.71072929308
49613.71072929308
49613.71072929308
49613.71072929308
49613.71072929308
49613.71072929308
49613.71072929308
49613.71072929308
49613.71072929308
49613.71072929308
49613.71072929308
49613.71072929308
49613.71072929308
49613.71072929308
49613.71072929308
49507.90449888775
49507.90449888775
49507.90449888775
49507.90449888775
49507.90449888775
49507.90449888775
49507.90449888775
49507.90449888775
49507.90449888775
49323.0307342928
49323.0307342928
49323.0307342928
49323.0307342928
49323.0307342928
49323.0307342928
49323.0307342928
49323.0307342928
49323.0307342928
49323.0307342928
49323.0307342928
49323.0307342928
49323.0307342928
49323.0307342928
48771.882188949035
48771.882188949035
48771.882188949035
48771.882188949035
48771.882188949035
48771.882188949035
48771.882188949035
48771.882188949035
48771.882188949035
48771.882188949035
48270.59556011174
48270.59556011174
48270.59556011174
48270.59556011174
48270.59556011174
48270.59556011174
48270.59556011174
48049.95384457768
48049.95384457768
48049.95384457768
48049.95384457768
48049.95384457768
48049.95384457768
48049.95384457768
48049.95384457768
48049.95384457768
48049.95384457768
48049.95384457768
48049.95384457768
48049.95384457768
48049.95384457768
48049.95384457768
48049.95384457768
48049.95384457768
48049.95384457768
48049.95384457768
48049.95384457768
48049.95384457768
48049.95384457768
48049.95384457768
48049.95384457768
48049.95384457768
48049.95384457768
48049.95384457768
47932.434320729015
47932.434320729015
47932.434320729015
47932.434320729015
47932.434320729015
47932.434320729015
47932.434320729015
46505.18725733381
46505.18725733381
46505.18725733381
46505.18725733381
46505.18725733381
46505.18725733381
46505.18725733381
46505.18725733381
46505.18725733381
46505.18725733381
46505.18725733381
46505.18725733381
46505.18725733381
46505.18725733381
46505.18725733381
46505.18725733381
46505.18725733381
46505.18725733381
46505.18725733381
46505.18725733381
46505.18725733381
46505.18725733381
46505.18725733381
46505.18725733381
46505.18725733381
46505.18725733381
46505.18725733381
46505.18725733381
46505.18725733381
46505.18725733381
46505.18725733381
46505.18725733381
46505.18725733381
46505.18725733381
46505.18725733381
46505.18725733381
46505.18725733381
46505.18725733381
46505.18725733381
46505.18725733381
46505.18725733381
46505.18725733381
46505.18725733381
46505.18725733381
46505.18725733381
46505.18725733381
46505.18725733381
46505.18725733381
46505.18725733381
45428.09602574435
45428.09602574435
45428.09602574435
45428.09602574435
45428.09602574435
45428.09602574435
45428.09602574435
45428.09602574435
45428.09602574435
45428.09602574435
45428.09602574435
45428.09602574435
45428.09602574435
45428.09602574435
45428.09602574435
45428.09602574435
45428.09602574435
45428.09602574435
45428.09602574435
45428.09602574435
45428.09602574435
45428.09602574435
45428.09602574435
45428.09602574435
45428.09602574435
45428.09602574435
45428.09602574435
45428.09602574435
45428.09602574435
45428.09602574435
45428.09602574435
45428.09602574435
45428.09602574435
45428.09602574435
45428.09602574435
45428.09602574435
45428.09602574435
45428.09602574435
45428.09602574435
45428.09602574435
45428.09602574435
45428.09602574435
45428.09602574435
45428.09602574435
45428.09602574435
45428.09602574435
45428.09602574435
45428.09602574435
45428.09602574435
45428.09602574435
45428.09602574435
45428.09602574435
45428.09602574435
45428.09602574435
45428.09602574435
45428.09602574435
45428.09602574435
45428.09602574435
45428.09602574435
45428.09602574435
45428.09602574435
45428.09602574435
45428.09602574435
45428.09602574435
45428.09602574435
45428.09602574435
45428.09602574435
45428.09602574435
45428.09602574435
45428.09602574435
45428.09602574435
45428.09602574435
45428.09602574435
45428.09602574435
45428.09602574435
45428.09602574435
45428.09602574435
45428.09602574435
45428.09602574435
45428.09602574435
45428.09602574435
45428.09602574435
45428.09602574435
45428.09602574435
45428.09602574435
45428.09602574435
45428.09602574435
45428.09602574435
45428.09602574435
45428.09602574435
45428.09602574435
45428.09602574435
45428.09602574435
45428.09602574435
45428.09602574435
45428.09602574435
45428.09602574435
45428.09602574435
45428.09602574435
45428.09602574435
45428.09602574435
45428.09602574435
45428.09602574435
44542.141328307895
44542.141328307895
43876.69885335616
43876.69885335616
43749.34853796225
43749.34853796225
43749.34853796225
43749.34853796225
43749.34853796225
43749.34853796225
43749.34853796225
43749.34853796225
43749.34853796225
43749.34853796225
43749.34853796225
43749.34853796225
43749.34853796225
43749.34853796225
43749.34853796225
43749.34853796225
43749.34853796225
43749.34853796225
43749.34853796225
43749.34853796225
43749.34853796225
43749.34853796225
43749.34853796225
42749.54607740287
42749.54607740287
42749.54607740287
42749.54607740287
42749.54607740287
42749.54607740287
42749.54607740287
42749.54607740287
42749.54607740287
42749.54607740287
42749.54607740287
42749.54607740287
42749.54607740287
42749.54607740287
42749.54607740287
42749.54607740287
42749.54607740287
42749.54607740287
42749.54607740287
42749.54607740287
42749.54607740287
42749.54607740287
42749.54607740287
42749.54607740287
42749.54607740287
42749.54607740287
42749.54607740287
42749.54607740287
42749.54607740287
42749.54607740287
42749.54607740287
42749.54607740287
42749.54607740287
42749.54607740287
42749.54607740287
42749.54607740287
42749.54607740287
42749.54607740287
42749.54607740287
42749.54607740287
42749.54607740287
42749.54607740287
42749.54607740287
42749.54607740287
42749.54607740287
42749.54607740287
42749.54607740287
42749.54607740287
42749.54607740287
42749.54607740287
42749.54607740287
42749.54607740287
42749.54607740287
42749.54607740287
42749.54607740287
42749.54607740287
42749.54607740287
42749.54607740287
42749.54607740287
42749.54607740287
42749.54607740287
42749.54607740287
42749.54607740287
42567.51518604386
42567.51518604386
42567.51518604386
42567.51518604386
42567.51518604386
42567.51518604386
42567.51518604386
42567.51518604386
42567.51518604386
42567.51518604386
42567.51518604386
42567.51518604386
42567.51518604386
42567.51518604386
42567.51518604386
42567.51518604386
42567.51518604386
42567.51518604386
42567.51518604386
42567.51518604386
42567.51518604386
42567.51518604386
42567.51518604386
42567.51518604386
42567.51518604386
42567.51518604386
42567.51518604386
42567.51518604386
42567.51518604386
42567.51518604386
42567.51518604386
42567.51518604386
42567.51518604386
42567.51518604386
42567.51518604386
42567.51518604386
42567.51518604386
42567.51518604386
42567.51518604386
42567.51518604386
42567.51518604386
42567.51518604386
42567.51518604386
42567.51518604386
42567.51518604386
42567.51518604386
42567.51518604386
42567.51518604386
42567.51518604386
42567.51518604386
42567.51518604386
42567.51518604386
42567.51518604386
42567.51518604386
42567.51518604386
42567.51518604386
42567.51518604386
42567.51518604386
42567.51518604386
42567.51518604386
42567.51518604386
42567.51518604386
42567.51518604386
42567.51518604386
42567.51518604386
42567.51518604386
42109.07585013513
42109.07585013513
42109.07585013513
42109.07585013513
42109.07585013513
42109.07585013513
42109.07585013513
42109.07585013513
42109.07585013513
42109.07585013513
42109.07585013513
42109.07585013513
42109.07585013513
42109.07585013513
42109.07585013513
42109.07585013513
42109.07585013513
42109.07585013513
42109.07585013513
42109.07585013513
42109.07585013513
42109.07585013513
42109.07585013513
42109.07585013513
41720.45804993526
41720.45804993526
41720.45804993526
41720.45804993526
41720.45804993526
41720.45804993526
41720.45804993526
41720.45804993526
41720.45804993526
41720.45804993526
41720.45804993526
41720.45804993526
41720.45804993526
41720.45804993526
41720.45804993526
41720.45804993526
41720.45804993526
41720.45804993526
41720.45804993526
41720.45804993526
41720.45804993526
41720.45804993526
41720.45804993526
41720.45804993526
41720.45804993526
41720.45804993526
41720.45804993526
41720.45804993526
41720.45804993526
41720.45804993526
41720.45804993526
41720.45804993526
41204.91373673824
41204.91373673824
41204.91373673824
41204.91373673824
41204.91373673824
41204.91373673824
41204.91373673824
41204.91373673824
41204.91373673824
41204.91373673824
41204.91373673824
41204.91373673824
41204.91373673824
41204.91373673824
41204.91373673824
41204.91373673824
41204.91373673824
41204.91373673824
41204.91373673824
41204.91373673824
41204.91373673824
41204.91373673824
41204.91373673824
41204.91373673824
41204.91373673824
41204.91373673824
41204.91373673824
41204.91373673824
41204.91373673824
41204.91373673824
41204.91373673824
41204.91373673824
39772.09083080093
39772.09083080093
39772.09083080093
39772.09083080093
39772.09083080093
39772.09083080093
39772.09083080093
39772.09083080093
39772.09083080093
39772.09083080093
39772.09083080093
39772.09083080093
39772.09083080093
39772.09083080093
39772.09083080093
39772.09083080093
39772.09083080093
39772.09083080093
39772.09083080093
39772.09083080093
39772.09083080093
39772.09083080093
39772.09083080093
39772.09083080093
39772.09083080093
39772.09083080093
39772.09083080093
39772.09083080093
39772.09083080093
39772.09083080093
39772.09083080093
39772.09083080093
39772.09083080093
39772.09083080093
39772.09083080093
39772.09083080093
39772.09083080093
39772.09083080093
39772.09083080093
39772.09083080093
39772.09083080093
39772.09083080093
39772.09083080093
39772.09083080093
39772.09083080093
39772.09083080093
39772.09083080093
39772.09083080093
39772.09083080093
39772.09083080093
39772.09083080093
39772.09083080093
39772.09083080093
39772.09083080093
39772.09083080093
39772.09083080093
39772.09083080093
39772.09083080093
39772.09083080093
39772.09083080093
39772.09083080093
39772.09083080093
39772.09083080093
39772.09083080093
39772.09083080093
39772.09083080093
39772.09083080093
39772.09083080093
39772.09083080093
39772.09083080093
39772.09083080093
39772.09083080093
39772.09083080093
39772.09083080093
39772.09083080093
39772.09083080093
39772.09083080093
39772.09083080093
39772.09083080093
39772.09083080093
39772.09083080093
39772.09083080093
39772.09083080093
39772.09083080093
39772.09083080093
39772.09083080093
39772.09083080093
39772.09083080093
39772.09083080093
39772.09083080093
39772.09083080093
39772.09083080093
39772.09083080093
39772.09083080093
39772.09083080093
39772.09083080093
39772.09083080093
39772.09083080093
39772.09083080093
39652.80968856064
39652.80968856064
39652.80968856064
39652.80968856064
39652.80968856064
39652.80968856064
39652.80968856064
39652.80968856064
39350.78748314868
39350.78748314868
39350.78748314868
39350.78748314868
39350.78748314868
39350.78748314868
39350.78748314868
39350.78748314868
39350.78748314868
39350.78748314868
39350.78748314868
39350.78748314868
39350.78748314868
39350.78748314868
39350.78748314868
39350.78748314868
39350.78748314868
39350.78748314868
39350.78748314868
39350.78748314868
39350.78748314868
39350.78748314868
39350.78748314868
39350.78748314868
39350.78748314868
39350.78748314868
39350.78748314868
39350.78748314868
39350.78748314868
39350.78748314868
39350.78748314868
39281.410805577885
39281.410805577885
39281.410805577885
39281.410805577885
39281.410805577885
39281.410805577885
39281.410805577885
39281.410805577885
39281.410805577885
39281.410805577885
39281.410805577885
39281.410805577885
39281.410805577885
39281.410805577885
39281.410805577885
39281.410805577885
39281.410805577885
39281.410805577885
39281.410805577885
39281.410805577885
39281.410805577885
39281.410805577885
39281.410805577885
39281.410805577885
39281.410805577885
39281.410805577885
39281.410805577885
39281.410805577885
39281.410805577885
39281.410805577885
39281.410805577885
39281.410805577885
39281.410805577885
39126.591732648405
39126.591732648405
39126.591732648405
39126.591732648405
39126.591732648405
39126.591732648405
39126.591732648405
39126.591732648405
39126.591732648405
39126.591732648405
39126.591732648405
38869.525779078685
38869.525779078685
38869.525779078685
38502.85387482916
38502.85387482916
38502.85387482916
38502.85387482916
38502.85387482916
38502.85387482916
38502.85387482916
38502.85387482916
38502.85387482916
38502.85387482916
38502.85387482916
38502.85387482916
38502.85387482916
38502.85387482916
38502.85387482916
38502.85387482916
38502.85387482916
38502.85387482916
38502.85387482916
38502.85387482916
38502.85387482916
38502.85387482916
38502.85387482916
38502.85387482916
38502.85387482916
38502.85387482916
38502.85387482916
38502.85387482916
38502.85387482916
38502.85387482916
38502.85387482916
38502.85387482916
38502.85387482916
38502.85387482916
38502.85387482916
38502.85387482916
38502.85387482916
38502.85387482916
38502.85387482916
38502.85387482916
38502.85387482916
38502.85387482916
38502.85387482916
38502.85387482916
38502.85387482916
37350.61551717071
37350.61551717071
37350.61551717071
37350.61551717071
37350.61551717071
37350.61551717071
37350.61551717071
37350.61551717071
37350.61551717071
37350.61551717071
37350.61551717071
37350.61551717071
37350.61551717071
37350.61551717071
37350.61551717071
37350.61551717071
37350.61551717071
37350.61551717071
37350.61551717071
37350.61551717071
37350.61551717071
37350.61551717071
37350.61551717071
37350.61551717071
37228.9017436986
37228.9017436986
37228.9017436986
37014.690404891146
37014.690404891146
37014.690404891146
37014.690404891146
37014.690404891146
37014.690404891146
37014.690404891146
37014.690404891146
37014.690404891146
37014.690404891146
37014.690404891146
37014.690404891146
37014.690404891146
35411.4904984821
35411.4904984821
35411.4904984821
35411.4904984821
35411.4904984821
35411.4904984821
35411.4904984821
35411.4904984821
35411.4904984821
35411.4904984821
35411.4904984821
35411.4904984821
35411.4904984821
35411.4904984821
35411.4904984821
35411.4904984821
35411.4904984821
35411.4904984821
35411.4904984821
35411.4904984821
35411.4904984821
35411.4904984821
35411.4904984821
35411.4904984821
35411.4904984821
35411.4904984821
35411.4904984821
35411.4904984821
35411.4904984821
35411.4904984821
35411.4904984821
35411.4904984821
35411.4904984821
35411.4904984821
35411.4904984821
35411.4904984821
35411.4904984821
35411.4904984821
35411.4904984821
35411.4904984821
35411.4904984821
35411.4904984821
35411.4904984821
35411.4904984821
35411.4904984821
35411.4904984821
35411.4904984821
35411.4904984821
35411.4904984821
35411.4904984821
35411.4904984821
35411.4904984821
35411.4904984821
35411.4904984821
35411.4904984821
35411.4904984821
35411.4904984821
35411.4904984821
35411.4904984821
35411.4904984821
35411.4904984821
35411.4904984821
35411.4904984821
35411.4904984821
35411.4904984821
35411.4904984821
35411.4904984821
35411.4904984821
35411.4904984821
35411.4904984821
35411.4904984821
35411.4904984821
35411.4904984821
35411.4904984821
35411.4904984821
35411.4904984821
35411.4904984821
35411.4904984821
35411.4904984821
35411.4904984821
35411.4904984821
35411.4904984821
35411.4904984821
35411.4904984821
35411.4904984821
35411.4904984821
35411.4904984821
35411.4904984821
35411.4904984821
35411.4904984821
35411.4904984821
35411.4904984821
35411.4904984821
35411.4904984821
35411.4904984821
35411.4904984821
35411.4904984821
35411.4904984821
35411.4904984821
35411.4904984821
35411.4904984821
35411.4904984821
35411.4904984821
35411.4904984821
35411.4904984821
35411.4904984821
35411.4904984821
35411.4904984821
35411.4904984821
35411.4904984821
35411.4904984821
35411.4904984821
35411.4904984821
35411.4904984821
35411.4904984821
35411.4904984821
35411.4904984821
35411.4904984821
35411.4904984821
35411.4904984821
35411.4904984821
35411.4904984821
35411.4904984821
35411.4904984821
35411.4904984821
35411.4904984821
35411.4904984821
35411.4904984821
35411.4904984821
35411.4904984821
35411.4904984821
35411.4904984821
35411.4904984821
35411.4904984821
35411.4904984821
35411.4904984821
35411.4904984821
35411.4904984821
35411.4904984821
35411.4904984821
35411.4904984821
35411.4904984821
35411.4904984821
35411.4904984821
35411.4904984821
35411.4904984821
35411.4904984821
35411.4904984821
35411.4904984821
35411.4904984821
35411.4904984821
35411.4904984821
35411.4904984821
35411.4904984821
35411.4904984821
35411.4904984821
35411.4904984821
35411.4904984821
35411.4904984821
35411.4904984821
35411.4904984821
35411.4904984821
35411.4904984821
35411.4904984821
35411.4904984821
35411.4904984821
35411.4904984821
35411.4904984821
35307.529127742775
35307.529127742775
35307.529127742775
35307.529127742775
35307.529127742775
35307.529127742775
35307.529127742775
35307.529127742775
35307.529127742775
35307.529127742775
35307.529127742775
35211.44071907336
35211.44071907336
35211.44071907336
35211.44071907336
35211.44071907336
35211.44071907336
35211.44071907336
35211.44071907336
35211.44071907336
35211.44071907336
34514.79738096659
34514.79738096659
34514.79738096659
34514.79738096659
34514.79738096659
34514.79738096659
34514.79738096659
34514.79738096659
34514.79738096659
34514.79738096659
34514.79738096659
34514.79738096659
34514.79738096659
34514.79738096659
34514.79738096659
34514.79738096659
34514.79738096659
34514.79738096659
34514.79738096659
34514.79738096659
34514.79738096659
34514.79738096659
34514.79738096659
34514.79738096659
34514.79738096659
34514.79738096659
34514.79738096659
34514.79738096659
34514.79738096659
34514.79738096659
34514.79738096659
34514.79738096659
34514.79738096659
34514.79738096659
34514.79738096659
34514.79738096659
34514.79738096659
34514.79738096659
34514.79738096659
34514.79738096659
34514.79738096659
34514.79738096659
34514.79738096659
34514.79738096659
34514.79738096659
34514.79738096659
34514.79738096659
34514.79738096659
34514.79738096659
34514.79738096659
34514.79738096659
34514.79738096659
34514.79738096659
34514.79738096659
34514.79738096659
34514.79738096659
34514.79738096659
34514.79738096659
34514.79738096659
34514.79738096659
34514.79738096659
34514.79738096659
34514.79738096659
34514.79738096659
34514.79738096659
34514.79738096659
34514.79738096659
34514.79738096659
34514.79738096659
34514.79738096659
34514.79738096659
34514.79738096659
34514.79738096659
34514.79738096659
34514.79738096659
34514.79738096659
34514.79738096659
34514.79738096659
34514.79738096659
34279.07800710342
34279.07800710342
34279.07800710342
34279.07800710342
34102.05878604017
34102.05878604017
34102.05878604017
33542.246711658125
33542.246711658125
33542.246711658125
33542.246711658125
33542.246711658125
33542.246711658125
33542.246711658125
33542.246711658125
33542.246711658125
33542.246711658125
33117.502993580136
33117.502993580136
33117.502993580136
33117.502993580136
33117.502993580136
33117.502993580136
33117.502993580136
33117.502993580136
33117.502993580136
33117.502993580136
33117.502993580136
33117.502993580136
33117.502993580136
33101.34148509578
33101.34148509578
33101.34148509578
33101.34148509578
33101.34148509578
33101.34148509578
33101.34148509578
33101.34148509578
33101.34148509578
33101.34148509578
33101.34148509578
33101.34148509578
33101.34148509578
33101.34148509578
33101.34148509578
33101.34148509578
32725.31362294506
32725.31362294506
32725.31362294506
32725.31362294506
32725.31362294506
32725.31362294506
32725.31362294506
32725.31362294506
32725.31362294506
32725.31362294506
32725.31362294506
32725.31362294506
32725.31362294506
32725.31362294506
32725.31362294506
32725.31362294506
32725.31362294506
32725.31362294506
32725.31362294506
32725.31362294506
32725.31362294506
32725.31362294506
32725.31362294506
32725.31362294506
32725.31362294506
32725.31362294506
32725.31362294506
32725.31362294506
32725.31362294506
32725.31362294506
32725.31362294506
32725.31362294506
32725.31362294506
32725.31362294506
32118.92649978095
32118.92649978095
32118.92649978095
32118.92649978095
32118.92649978095
32118.92649978095
32118.92649978095
32118.92649978095
32118.92649978095
32118.92649978095
32118.92649978095
32118.92649978095
32118.92649978095
32118.92649978095
32118.92649978095
32118.92649978095
32118.92649978095
32118.92649978095
32118.92649978095
32118.92649978095
32118.92649978095
32118.92649978095
32118.92649978095
32118.92649978095
32118.92649978095
32118.92649978095
32118.92649978095
32118.92649978095
32118.92649978095
32118.92649978095
32118.92649978095
32118.92649978095
32118.92649978095
32118.92649978095
32118.92649978095
32118.92649978095
32118.92649978095
32118.92649978095
32118.92649978095
32118.92649978095
32118.92649978095
32118.92649978095
32118.92649978095
32118.92649978095
32118.92649978095
32118.92649978095
32118.92649978095
32118.92649978095
32118.92649978095
32118.92649978095
32118.92649978095
32118.92649978095
32118.92649978095
32118.92649978095
32118.92649978095
32118.92649978095
32118.92649978095
32118.92649978095
32118.92649978095
32118.92649978095
32118.92649978095
32118.92649978095
32118.92649978095
32118.92649978095
32118.92649978095
32118.92649978095
32118.92649978095
32118.92649978095
32118.92649978095
32118.92649978095
32118.92649978095
32118.92649978095
32118.92649978095
32118.92649978095
32118.92649978095
32118.92649978095
32118.92649978095
32118.92649978095
32118.92649978095
32118.92649978095
32118.92649978095
32118.92649978095
32118.92649978095
32118.92649978095
32118.92649978095
32118.92649978095
32118.92649978095
32118.92649978095
32118.92649978095
32118.92649978095
32118.92649978095
31552.080181169422
31552.080181169422
31552.080181169422
31552.080181169422
31552.080181169422
31552.080181169422
31552.080181169422
31552.080181169422
31552.080181169422
31552.080181169422
31552.080181169422
31552.080181169422
31552.080181169422
31552.080181169422
31552.080181169422
31552.080181169422
31552.080181169422
31552.080181169422
31552.080181169422
31552.080181169422
31552.080181169422
31552.080181169422
31552.080181169422
31358.121961576697
31113.93979040367
31113.93979040367
31113.93979040367
31113.93979040367
31113.93979040367
31113.93979040367
31113.93979040367
31113.93979040367
31113.93979040367
31113.93979040367
31113.93979040367
31113.93979040367
31113.93979040367
31113.93979040367
31113.93979040367
31113.93979040367
31113.93979040367
31113.93979040367
31113.93979040367
31113.93979040367
31113.93979040367
31113.93979040367
31113.93979040367
31113.93979040367
31113.93979040367
31113.93979040367
31113.93979040367
31113.93979040367
31113.93979040367
31113.93979040367
31113.93979040367
31113.93979040367
31113.93979040367
31113.93979040367
31113.93979040367
31113.93979040367
31113.93979040367
31113.93979040367
31113.93979040367
31113.93979040367
31113.93979040367
31113.93979040367
31113.93979040367
31113.93979040367
31113.93979040367
31113.93979040367
31113.93979040367
31113.93979040367
31113.93979040367
31113.93979040367
31113.93979040367
31113.93979040367
31113.93979040367
31113.93979040367
31113.93979040367
31113.93979040367
31113.93979040367
31113.93979040367
31113.93979040367
31113.93979040367
31113.93979040367
31113.93979040367
31113.93979040367
31113.93979040367
31113.93979040367
31113.93979040367
30869.29074751337
30869.29074751337
30869.29074751337
30869.29074751337
30869.29074751337
30869.29074751337
30869.29074751337
30869.29074751337
30869.29074751337
30869.29074751337
30869.29074751337
30869.29074751337
30869.29074751337
30869.29074751337
30869.29074751337
30869.29074751337
30869.29074751337
30869.29074751337
30869.29074751337
30869.29074751337
30869.29074751337
30869.29074751337
30869.29074751337
30869.29074751337
30869.29074751337
30869.29074751337
30869.29074751337
30869.29074751337
30869.29074751337
30869.29074751337
30869.29074751337
30505.410108654974
30505.410108654974
30505.410108654974
30505.410108654974
30505.410108654974
30505.410108654974
30505.410108654974
30505.410108654974
30505.410108654974
30505.410108654974
30505.410108654974
30505.410108654974
30505.410108654974
30505.410108654974
30505.410108654974
30505.410108654974
30505.410108654974
30505.410108654974
30505.410108654974
30505.410108654974
30505.410108654974
30505.410108654974
30505.410108654974
30505.410108654974
30505.410108654974
30331.65077655237
30331.65077655237
30331.65077655237
30331.65077655237
30331.65077655237
30331.65077655237
30331.65077655237
30331.65077655237
30331.65077655237
30331.65077655237
30331.65077655237
30331.65077655237
30331.65077655237
30331.65077655237
30331.65077655237
29992.805979521712
29992.805979521712
29992.805979521712
29992.805979521712
29992.805979521712
29992.805979521712
29992.805979521712
29992.805979521712
29992.805979521712
29992.805979521712
29992.805979521712
29992.805979521712
29992.805979521712
29992.805979521712
29992.805979521712
29992.805979521712
29992.805979521712
29642.040224375563
29642.040224375563
29642.040224375563
29642.040224375563
29642.040224375563
29642.040224375563
29642.040224375563
29642.040224375563
29642.040224375563
29642.040224375563
29642.040224375563
29642.040224375563
29642.040224375563
29642.040224375563
29642.040224375563
29538.66858207975
29538.66858207975
29538.66858207975
29538.66858207975
29069.2504057899
29069.2504057899
29069.2504057899
29069.2504057899
29069.2504057899
29069.2504057899
29069.2504057899
29069.2504057899
29069.2504057899
29069.2504057899
29069.2504057899
29069.2504057899
29069.2504057899
29069.2504057899
29069.2504057899
29069.2504057899
29069.2504057899
29069.2504057899
29069.2504057899
29069.2504057899
29069.2504057899
29069.2504057899
29069.2504057899
29069.2504057899
29069.2504057899
29069.2504057899
29069.2504057899
29069.2504057899
29069.2504057899
29069.2504057899
29069.2504057899
29069.2504057899
29069.2504057899
29069.2504057899
29069.2504057899
29069.2504057899
29069.2504057899
29069.2504057899
29069.2504057899
29069.2504057899
29069.2504057899
29069.2504057899
29069.2504057899
29069.2504057899
29069.2504057899
29069.2504057899
29069.2504057899
29069.2504057899
28872.919980164363
28872.919980164363
28872.919980164363
28872.919980164363
28872.919980164363
28872.919980164363
28872.919980164363
28872.919980164363
28872.919980164363
28872.919980164363
28872.919980164363
28872.919980164363
28872.919980164363
28872.919980164363
28872.919980164363
28872.919980164363
28872.919980164363
28872.919980164363
28872.919980164363
28872.919980164363
28872.919980164363
28872.919980164363
28872.919980164363
28872.919980164363
28872.919980164363
28872.919980164363
28872.919980164363
28872.919980164363
28872.919980164363
28872.919980164363
28872.919980164363
28872.919980164363
28872.919980164363
28872.919980164363
28872.919980164363
28872.919980164363
28872.919980164363
28872.919980164363
28872.919980164363
28872.919980164363
28872.919980164363
28872.919980164363
28872.919980164363
28872.919980164363
28872.919980164363
28872.919980164363
28872.919980164363
28872.919980164363
28872.919980164363
28872.919980164363
28872.919980164363
28872.919980164363
28872.919980164363
28872.919980164363
28872.919980164363
28872.919980164363
28872.919980164363
28872.919980164363
28872.919980164363
28872.919980164363
28872.919980164363
28872.919980164363
28872.919980164363
28872.919980164363
28872.919980164363
28872.919980164363
28821.533261941247
28821.533261941247
28224.957958482213
27335.19195433379
27335.19195433379
27335.19195433379
27335.19195433379
27335.19195433379
27335.19195433379
27335.19195433379
27335.19195433379
27335.19195433379
27335.19195433379
27335.19195433379
27335.19195433379
27335.19195433379
27335.19195433379
27335.19195433379
27335.19195433379
27335.19195433379
27335.19195433379
27335.19195433379
27335.19195433379
27335.19195433379
27335.19195433379
27335.19195433379
27335.19195433379
27335.19195433379
27335.19195433379
27335.19195433379
27335.19195433379
27335.19195433379
27335.19195433379
27335.19195433379
27335.19195433379
27335.19195433379
27335.19195433379
27335.19195433379
27335.19195433379
27335.19195433379
27335.19195433379
27335.19195433379
27335.19195433379
27335.19195433379
27335.19195433379
27335.19195433379
27335.19195433379
27335.19195433379
27335.19195433379
27335.19195433379
27335.19195433379
27335.19195433379
27335.19195433379
27335.19195433379
27335.19195433379
27335.19195433379
27335.19195433379
27335.19195433379
27335.19195433379
27335.19195433379
27335.19195433379
27335.19195433379
27335.19195433379
27335.19195433379
27335.19195433379
27335.19195433379
27335.19195433379
27335.19195433379
27335.19195433379
27335.19195433379
27335.19195433379
27335.19195433379
27335.19195433379
27335.19195433379
27335.19195433379
27335.19195433379
27335.19195433379
27335.19195433379
27335.19195433379
27335.19195433379
27335.19195433379
27335.19195433379
27335.19195433379
27335.19195433379
27335.19195433379
27335.19195433379
27335.19195433379
27335.19195433379
27335.19195433379
27335.19195433379
27335.19195433379
27335.19195433379
27335.19195433379
27335.19195433379
27335.19195433379
27335.19195433379
27335.19195433379
27335.19195433379
27335.19195433379
27335.19195433379
27335.19195433379
27335.19195433379
27335.19195433379
27335.19195433379
27335.19195433379
27335.19195433379
27335.19195433379
27335.19195433379
27335.19195433379
27335.19195433379
27335.19195433379
27335.19195433379
27335.19195433379
27335.19195433379
27335.19195433379
27335.19195433379
27335.19195433379
27335.19195433379
27335.19195433379
27335.19195433379
27335.19195433379
27335.19195433379
27335.19195433379
27335.19195433379
27335.19195433379
27335.19195433379
27335.19195433379
27335.19195433379
27335.19195433379
27335.19195433379
27335.19195433379
27335.19195433379
27335.19195433379
27335.19195433379
27335.19195433379
27335.19195433379
27335.19195433379
27335.19195433379
27335.19195433379
27335.19195433379
27335.19195433379
27335.19195433379
27335.19195433379
27335.19195433379
27335.19195433379
27335.19195433379
27335.19195433379
27335.19195433379
27335.19195433379
27335.19195433379
27335.19195433379
27335.19195433379
27335.19195433379
27335.19195433379
27335.19195433379
27335.19195433379
27335.19195433379
27335.19195433379
27335.19195433379
27335.19195433379
27335.19195433379
27335.19195433379
27335.19195433379
27335.19195433379
Time: 109.28966951370239 seconds 
Best solution: 27335.19195433379 [31, 23, 25, 17, 26, 16, 28, 21, 3, 12, 15, 22, 29, 103, 20, 10, 11, 6, 1, 7, 2, 32, 30, 49, 104, 55, 56, 59, 68, 67, 79, 64, 57, 62, 63, 76, 69, 74, 75, 87, 88, 95, 94, 100, 98, 90, 81, 71, 73, 84, 83, 78, 82, 85, 91, 101, 97, 92, 96, 102, 99, 89, 93, 72, 86, 77, 80, 70, 105, 52, 43, 42, 46, 44, 47, 65, 53, 54, 51, 45, 58, 40, 60, 61, 50, 48, 41, 66, 38, 39, 37, 36, 33, 27, 18, 24, 35, 34, 14, 13, 5, 4, 8, 9, 19]
Avg solution: 46204.95563950513