Alg:2, Run: 8, file: C:\Users\gabri\Documents\AN 3 SEM 2\AI\Lab\Lab3\\lin105.tsp, population number: 1000, generations: 2500 
105551.96931569507
105551.96931569507
103257.64355116994
101966.26701674529
101966.26701674529
100895.83121082181
100895.83121082181
100895.83121082181
100810.38091285418
100115.2601338193
94625.1076394888
94625.1076394888
94625.1076394888
94625.1076394888
94625.1076394888
94625.1076394888
94225.5594943652
94225.5594943652
94225.5594943652
94225.5594943652
94225.5594943652
94225.5594943652
93074.41484668858
93074.41484668858
93074.41484668858
92069.59161810372
92069.59161810372
92069.59161810372
92069.59161810372
92069.59161810372
92069.59161810372
92069.59161810372
92069.59161810372
92069.59161810372
92069.59161810372
92069.59161810372
92069.59161810372
92069.59161810372
92069.59161810372
91133.83855050482
91133.83855050482
91133.83855050482
89309.622279731
89309.622279731
89309.622279731
89309.622279731
89309.622279731
89309.622279731
87198.32582891568
87198.32582891568
87198.32582891568
84327.54592047549
84327.54592047549
84327.54592047549
84327.54592047549
84327.54592047549
84327.54592047549
84327.54592047549
84327.54592047549
84327.54592047549
84327.54592047549
83435.02977623508
83435.02977623508
83435.02977623508
83435.02977623508
83435.02977623508
83435.02977623508
83435.02977623508
83435.02977623508
83435.02977623508
83435.02977623508
83435.02977623508
83435.02977623508
83435.02977623508
83435.02977623508
83435.02977623508
83081.92283598616
83081.92283598616
83081.92283598616
83081.92283598616
82949.61476241557
82949.61476241557
81191.34660793153
81191.34660793153
81191.34660793153
81191.34660793153
81191.34660793153
81191.34660793153
81191.34660793153
81191.34660793153
81191.34660793153
81191.34660793153
81191.34660793153
81191.34660793153
81191.34660793153
81191.34660793153
81191.34660793153
81191.34660793153
81191.34660793153
81191.34660793153
81191.34660793153
81191.34660793153
81191.34660793153
81191.34660793153
81191.34660793153
81191.34660793153
79050.63032739708
79050.63032739708
79050.63032739708
79050.63032739708
79050.63032739708
79050.63032739708
79050.63032739708
79050.63032739708
79050.63032739708
79050.63032739708
79050.63032739708
79050.63032739708
79050.63032739708
79050.63032739708
79050.63032739708
79050.63032739708
79050.63032739708
77759.51885309603
77759.51885309603
77759.51885309603
77759.51885309603
77759.51885309603
77759.51885309603
77759.51885309603
77759.51885309603
77759.51885309603
77759.51885309603
77759.51885309603
77759.51885309603
77759.51885309603
77759.51885309603
77759.51885309603
77759.51885309603
77759.51885309603
77759.51885309603
77759.51885309603
77759.51885309603
76988.10813954742
76988.10813954742
76988.10813954742
76988.10813954742
76988.10813954742
76988.10813954742
76936.87196269749
76936.87196269749
76936.87196269749
76936.87196269749
76936.87196269749
74254.2798112349
74254.2798112349
74254.2798112349
74254.2798112349
74254.2798112349
73406.08708673804
73406.08708673804
73406.08708673804
73406.08708673804
73406.08708673804
73406.08708673804
73406.08708673804
73406.08708673804
73406.08708673804
73406.08708673804
73406.08708673804
73406.08708673804
73406.08708673804
73406.08708673804
73406.08708673804
73406.08708673804
73406.08708673804
73406.08708673804
73406.08708673804
73406.08708673804
73406.08708673804
71091.41606559345
71091.41606559345
71091.41606559345
71091.41606559345
71091.41606559345
71091.41606559345
71091.41606559345
71091.41606559345
71091.41606559345
71091.41606559345
69942.8948578264
69942.8948578264
69942.8948578264
69942.8948578264
69942.8948578264
69942.8948578264
69942.8948578264
69942.8948578264
69942.8948578264
69942.8948578264
69942.8948578264
69942.8948578264
69942.8948578264
69942.8948578264
69942.8948578264
69942.8948578264
69942.8948578264
69942.8948578264
69942.8948578264
69942.8948578264
69942.8948578264
69942.8948578264
69942.8948578264
69942.8948578264
69942.8948578264
69942.8948578264
69942.8948578264
69942.8948578264
69942.8948578264
69942.8948578264
69942.8948578264
69942.8948578264
69942.8948578264
69942.8948578264
69942.8948578264
69942.8948578264
69942.8948578264
69942.8948578264
69942.8948578264
69942.8948578264
69942.8948578264
69942.8948578264
69942.8948578264
69942.8948578264
69942.8948578264
69942.8948578264
69942.8948578264
69942.8948578264
69589.03977201067
69589.03977201067
69589.03977201067
69589.03977201067
69066.12346528881
67971.23541514622
67971.23541514622
67971.23541514622
67971.23541514622
67971.23541514622
67971.23541514622
67971.23541514622
67971.23541514622
67971.23541514622
67971.23541514622
67971.23541514622
67971.23541514622
67971.23541514622
67199.91061211999
67199.91061211999
67199.91061211999
67199.91061211999
67199.91061211999
67199.91061211999
67199.91061211999
67199.91061211999
67199.91061211999
67199.91061211999
67199.91061211999
67199.91061211999
67199.91061211999
67199.91061211999
67199.91061211999
67199.91061211999
67199.91061211999
67199.91061211999
67199.91061211999
67199.91061211999
67199.91061211999
67199.91061211999
67199.91061211999
67199.91061211999
67199.91061211999
67199.91061211999
67199.91061211999
65790.98023963091
65790.98023963091
65790.98023963091
65790.98023963091
65790.98023963091
65790.98023963091
65790.98023963091
65790.98023963091
65790.98023963091
65790.98023963091
65790.98023963091
65790.98023963091
65790.98023963091
65790.98023963091
65790.98023963091
65790.98023963091
65790.98023963091
65790.98023963091
65790.98023963091
65790.98023963091
65790.98023963091
65790.98023963091
65790.98023963091
65790.98023963091
65790.98023963091
65790.98023963091
65790.98023963091
65790.98023963091
65790.98023963091
65790.98023963091
65790.98023963091
65790.98023963091
65790.98023963091
65790.98023963091
65790.98023963091
65790.98023963091
65790.98023963091
65790.98023963091
65790.98023963091
65790.98023963091
65790.98023963091
65790.98023963091
65790.98023963091
65790.98023963091
65254.69373374972
65254.69373374972
65254.69373374972
65254.69373374972
65254.69373374972
65254.69373374972
65254.69373374972
65254.69373374972
65254.69373374972
65254.69373374972
64977.52586963935
64750.953293538914
64750.953293538914
64750.953293538914
64750.953293538914
64750.953293538914
64750.953293538914
64750.953293538914
64750.953293538914
64750.953293538914
64750.953293538914
64750.953293538914
64750.953293538914
64750.953293538914
64750.953293538914
64750.953293538914
64750.953293538914
64750.953293538914
64750.953293538914
64750.953293538914
64750.953293538914
63872.95413917014
63872.95413917014
63138.01893194
63138.01893194
63138.01893194
63138.01893194
63138.01893194
62821.2096145967
62821.2096145967
62821.2096145967
62821.2096145967
62821.2096145967
62821.2096145967
62821.2096145967
62821.2096145967
62821.2096145967
62821.2096145967
62821.2096145967
62821.2096145967
61731.40643772884
61731.40643772884
61731.40643772884
61731.40643772884
61731.40643772884
61731.40643772884
61731.40643772884
61731.40643772884
61731.40643772884
61731.40643772884
61731.40643772884
61731.40643772884
61731.40643772884
61731.40643772884
61731.40643772884
61731.40643772884
61731.40643772884
61731.40643772884
61731.40643772884
61731.40643772884
61731.40643772884
61731.40643772884
61731.40643772884
61731.40643772884
61731.40643772884
61731.40643772884
61731.40643772884
61731.40643772884
61731.40643772884
61731.40643772884
61731.40643772884
61731.40643772884
61731.40643772884
61731.40643772884
61731.40643772884
61731.40643772884
61731.40643772884
61731.40643772884
61731.40643772884
61731.40643772884
61731.40643772884
61731.40643772884
61731.40643772884
61731.40643772884
61731.40643772884
61731.40643772884
61395.175769776324
61395.175769776324
61395.175769776324
61395.175769776324
61395.175769776324
61395.175769776324
61395.175769776324
61395.175769776324
61395.175769776324
61395.175769776324
61395.175769776324
61395.175769776324
61395.175769776324
61395.175769776324
61395.175769776324
61395.175769776324
61395.175769776324
61395.175769776324
61395.175769776324
61395.175769776324
61395.175769776324
61395.175769776324
61395.175769776324
61395.175769776324
61395.175769776324
61395.175769776324
61395.175769776324
61395.175769776324
61395.175769776324
61395.175769776324
61395.175769776324
60459.81352690567
60459.81352690567
60459.81352690567
60459.81352690567
60459.81352690567
60459.81352690567
60459.81352690567
60459.81352690567
60459.81352690567
60459.81352690567
60000.11026140754
60000.11026140754
60000.11026140754
60000.11026140754
60000.11026140754
60000.11026140754
60000.11026140754
60000.11026140754
60000.11026140754
60000.11026140754
60000.11026140754
60000.11026140754
60000.11026140754
59428.830814526664
59428.830814526664
59428.830814526664
59428.830814526664
59428.830814526664
59428.830814526664
59428.830814526664
59428.830814526664
59428.830814526664
58128.35520136481
58128.35520136481
58128.35520136481
58128.35520136481
58128.35520136481
58128.35520136481
58128.35520136481
58128.35520136481
58128.35520136481
58128.35520136481
58128.35520136481
58128.35520136481
58128.35520136481
58128.35520136481
58128.35520136481
58128.35520136481
58128.35520136481
58128.35520136481
58128.35520136481
58128.35520136481
58128.35520136481
58128.35520136481
58128.35520136481
58128.35520136481
58128.35520136481
58128.35520136481
58128.35520136481
58128.35520136481
58128.35520136481
58128.35520136481
58128.35520136481
58128.35520136481
58128.35520136481
58128.35520136481
58128.35520136481
58128.35520136481
58128.35520136481
58128.35520136481
58128.35520136481
58128.35520136481
58128.35520136481
58128.35520136481
58128.35520136481
58128.35520136481
58128.35520136481
58128.35520136481
58128.35520136481
58128.35520136481
58128.35520136481
58128.35520136481
58128.35520136481
58128.35520136481
58128.35520136481
58128.35520136481
58128.35520136481
58128.35520136481
58128.35520136481
58128.35520136481
57821.84536424708
57821.84536424708
57821.84536424708
57821.84536424708
57241.13664129158
57241.13664129158
57241.13664129158
57241.13664129158
57241.13664129158
57241.13664129158
57241.13664129158
57241.13664129158
57241.13664129158
57241.13664129158
57241.13664129158
57241.13664129158
57241.13664129158
57241.13664129158
57241.13664129158
57241.13664129158
57142.649475064085
57142.649475064085
57142.649475064085
57142.649475064085
57142.649475064085
57142.649475064085
57142.649475064085
57142.649475064085
57142.649475064085
57142.649475064085
57142.649475064085
56724.10603267239
56724.10603267239
56724.10603267239
56724.10603267239
56724.10603267239
56724.10603267239
56724.10603267239
56724.10603267239
56724.10603267239
56724.10603267239
56724.10603267239
56724.10603267239
56724.10603267239
56724.10603267239
56724.10603267239
56724.10603267239
56724.10603267239
56724.10603267239
56724.10603267239
56724.10603267239
56724.10603267239
56724.10603267239
56724.10603267239
56724.10603267239
56724.10603267239
56724.10603267239
56724.10603267239
56724.10603267239
56724.10603267239
56724.10603267239
56724.10603267239
56724.10603267239
56724.10603267239
56724.10603267239
56724.10603267239
56724.10603267239
56724.10603267239
56724.10603267239
56724.10603267239
56724.10603267239
56724.10603267239
56724.10603267239
56724.10603267239
56724.10603267239
56724.10603267239
56724.10603267239
56724.10603267239
56724.10603267239
54549.01840108683
53876.6801674524
53876.6801674524
53876.6801674524
53876.6801674524
53876.6801674524
53876.6801674524
53876.6801674524
53876.6801674524
53876.6801674524
53876.6801674524
53876.6801674524
53876.6801674524
53876.6801674524
53876.6801674524
53876.6801674524
53876.6801674524
53876.6801674524
53876.6801674524
53876.6801674524
53876.6801674524
53876.6801674524
53876.6801674524
53876.6801674524
53876.6801674524
53876.6801674524
53876.6801674524
53876.6801674524
53876.6801674524
53876.6801674524
53876.6801674524
53876.6801674524
53876.6801674524
53876.6801674524
53876.6801674524
53876.6801674524
53876.6801674524
53876.6801674524
53876.6801674524
53876.6801674524
53876.6801674524
53876.6801674524
53876.6801674524
53876.6801674524
53876.6801674524
53228.93250575693
53228.93250575693
53228.93250575693
53228.93250575693
53228.93250575693
53228.93250575693
53228.93250575693
53228.93250575693
53228.93250575693
53228.93250575693
53228.93250575693
53228.93250575693
53228.93250575693
53228.93250575693
53228.93250575693
53228.93250575693
53228.93250575693
53228.93250575693
53228.93250575693
53228.93250575693
53228.93250575693
53228.93250575693
53228.93250575693
53228.93250575693
53228.93250575693
53228.93250575693
53228.93250575693
53228.93250575693
53228.93250575693
53228.93250575693
53228.93250575693
53228.93250575693
53228.93250575693
53228.93250575693
53228.93250575693
53228.93250575693
53228.93250575693
53228.93250575693
53228.93250575693
53228.93250575693
53228.93250575693
53228.93250575693
53228.93250575693
53228.93250575693
53228.93250575693
53228.93250575693
52356.76790466413
52356.76790466413
52356.76790466413
52356.76790466413
52356.76790466413
52356.76790466413
52356.76790466413
52356.76790466413
52356.76790466413
52356.76790466413
52356.76790466413
52356.76790466413
52356.76790466413
52356.76790466413
52356.76790466413
52356.76790466413
52356.76790466413
52356.76790466413
52356.76790466413
52356.76790466413
52356.76790466413
52356.76790466413
52356.76790466413
52356.76790466413
52356.76790466413
52356.76790466413
52356.76790466413
52356.76790466413
52356.76790466413
51612.27176014767
51612.27176014767
51612.27176014767
51612.27176014767
51612.27176014767
51612.27176014767
51612.27176014767
51612.27176014767
51612.27176014767
51612.27176014767
51612.27176014767
51612.27176014767
51612.27176014767
51612.27176014767
51612.27176014767
51612.27176014767
51612.27176014767
51612.27176014767
51612.27176014767
51612.27176014767
51612.27176014767
51612.27176014767
51612.27176014767
51612.27176014767
51612.27176014767
51612.27176014767
51612.27176014767
51612.27176014767
51612.27176014767
51612.27176014767
51612.27176014767
51612.27176014767
51612.27176014767
51612.27176014767
51612.27176014767
50740.052988166135
50740.052988166135
50740.052988166135
50740.052988166135
50740.052988166135
50740.052988166135
50740.052988166135
50740.052988166135
49812.82490043926
49812.82490043926
49812.82490043926
49812.82490043926
49812.82490043926
49812.82490043926
49812.82490043926
49812.82490043926
49812.82490043926
49812.82490043926
49812.82490043926
49812.82490043926
49812.82490043926
49812.82490043926
49812.82490043926
49812.82490043926
49812.82490043926
49812.82490043926
49812.82490043926
49812.82490043926
49754.04124018196
49754.04124018196
49378.51336775845
49378.51336775845
49378.51336775845
49378.51336775845
49378.51336775845
49378.51336775845
49378.51336775845
49378.51336775845
49378.51336775845
49378.51336775845
49378.51336775845
48894.83431685444
48894.83431685444
48894.83431685444
48894.83431685444
48894.83431685444
48894.83431685444
48894.83431685444
48894.83431685444
48894.83431685444
48894.83431685444
48894.83431685444
48894.83431685444
48894.83431685444
48894.83431685444
48894.83431685444
48402.76955637576
48402.76955637576
48402.76955637576
48402.76955637576
48402.76955637576
48402.76955637576
48402.76955637576
48402.76955637576
48402.76955637576
48402.76955637576
48402.76955637576
48402.76955637576
48402.76955637576
48402.76955637576
48402.76955637576
48402.76955637576
48402.76955637576
48402.76955637576
48402.76955637576
48402.76955637576
48402.76955637576
48402.76955637576
48402.76955637576
48402.76955637576
48402.76955637576
48402.76955637576
48402.76955637576
48402.76955637576
48402.76955637576
48402.76955637576
48402.76955637576
48402.76955637576
48402.76955637576
48402.76955637576
48402.76955637576
48402.76955637576
48402.76955637576
48402.76955637576
48402.76955637576
48402.76955637576
48402.76955637576
48402.76955637576
48402.76955637576
48402.76955637576
48402.76955637576
48402.76955637576
48402.76955637576
48402.76955637576
48402.76955637576
48402.76955637576
48402.76955637576
48402.76955637576
48402.76955637576
48402.76955637576
48402.76955637576
48402.76955637576
48402.76955637576
48402.76955637576
48402.76955637576
48402.76955637576
48402.76955637576
48402.76955637576
48402.76955637576
48402.76955637576
48402.76955637576
48402.76955637576
48402.76955637576
48402.76955637576
47430.4780922633
47430.4780922633
47430.4780922633
47430.4780922633
47430.4780922633
47430.4780922633
47430.4780922633
47430.4780922633
47430.4780922633
47430.4780922633
47430.4780922633
47430.4780922633
47430.4780922633
47430.4780922633
47430.4780922633
47430.4780922633
47430.4780922633
47430.4780922633
47430.4780922633
47430.4780922633
47430.4780922633
47430.4780922633
47430.4780922633
47430.4780922633
47430.4780922633
47430.4780922633
47430.4780922633
47430.4780922633
47430.4780922633
47430.4780922633
47430.4780922633
47430.4780922633
47430.4780922633
47430.4780922633
47430.4780922633
47430.4780922633
47430.4780922633
47430.4780922633
47430.4780922633
47430.4780922633
47430.4780922633
47430.4780922633
47430.4780922633
47430.4780922633
47430.4780922633
47430.4780922633
46213.349150762646
46213.349150762646
46213.349150762646
46213.349150762646
46213.349150762646
46213.349150762646
46213.349150762646
46213.349150762646
46213.349150762646
46213.349150762646
46213.349150762646
46213.349150762646
46213.349150762646
46213.349150762646
46213.349150762646
46213.349150762646
46213.349150762646
46213.349150762646
46213.349150762646
46213.349150762646
46213.349150762646
46213.349150762646
46213.349150762646
46213.349150762646
46213.349150762646
46213.349150762646
46213.349150762646
46213.349150762646
46213.349150762646
46213.349150762646
46213.349150762646
46213.349150762646
46213.349150762646
46213.349150762646
46213.349150762646
46213.349150762646
46213.349150762646
46213.349150762646
46213.349150762646
46213.349150762646
46213.349150762646
46213.349150762646
46213.349150762646
46213.349150762646
46213.349150762646
46213.349150762646
46213.349150762646
46213.349150762646
46213.349150762646
46213.349150762646
46213.349150762646
46213.349150762646
46213.349150762646
46213.349150762646
46213.349150762646
46213.349150762646
46213.349150762646
46213.349150762646
46213.349150762646
46213.349150762646
46213.349150762646
46213.349150762646
46213.349150762646
46213.349150762646
46213.349150762646
46213.349150762646
46213.349150762646
46213.349150762646
46213.349150762646
46213.349150762646
46213.349150762646
46213.349150762646
46213.349150762646
46213.349150762646
46213.349150762646
46213.349150762646
46213.349150762646
46213.349150762646
46213.349150762646
46213.349150762646
46213.349150762646
46213.349150762646
46213.349150762646
46213.349150762646
46213.349150762646
46213.349150762646
46213.349150762646
46213.349150762646
46213.349150762646
46135.581918469725
46135.581918469725
46135.581918469725
46135.581918469725
46135.581918469725
46135.581918469725
46135.581918469725
46135.581918469725
46135.581918469725
46135.581918469725
46135.581918469725
46135.581918469725
46135.581918469725
46135.581918469725
46135.581918469725
46135.581918469725
46135.581918469725
46135.581918469725
46135.581918469725
46135.581918469725
46135.581918469725
46135.581918469725
46135.581918469725
46135.581918469725
46135.581918469725
46135.581918469725
46135.581918469725
46135.581918469725
46135.581918469725
46135.581918469725
46135.581918469725
46135.581918469725
46135.581918469725
46135.581918469725
46135.581918469725
46135.581918469725
46135.581918469725
46135.581918469725
46135.581918469725
46135.581918469725
46135.581918469725
46135.581918469725
46135.581918469725
46135.581918469725
46135.581918469725
46135.581918469725
46135.581918469725
46135.581918469725
46135.581918469725
46135.581918469725
46135.581918469725
46135.581918469725
46135.581918469725
46135.581918469725
46135.581918469725
46135.581918469725
46135.581918469725
46135.581918469725
46135.581918469725
45722.554516127035
45722.554516127035
45722.554516127035
45722.554516127035
45722.554516127035
45722.554516127035
45722.554516127035
45722.554516127035
45722.554516127035
45722.554516127035
45722.554516127035
45722.554516127035
45722.554516127035
45570.293663262244
45570.293663262244
45570.293663262244
45570.293663262244
45570.293663262244
45570.293663262244
45570.293663262244
45570.293663262244
45570.293663262244
45570.293663262244
45570.293663262244
45570.293663262244
45570.293663262244
45570.293663262244
45570.293663262244
45570.293663262244
45570.293663262244
45570.293663262244
45570.293663262244
45570.293663262244
45570.293663262244
43607.509564503314
43607.509564503314
43607.509564503314
43607.509564503314
43607.509564503314
43607.509564503314
43607.509564503314
43607.509564503314
43607.509564503314
43607.509564503314
43607.509564503314
43607.509564503314
43607.509564503314
43607.509564503314
43607.509564503314
43607.509564503314
43607.509564503314
43607.509564503314
43607.509564503314
43607.509564503314
43607.509564503314
43607.509564503314
43607.509564503314
43607.509564503314
43607.509564503314
43607.509564503314
43607.509564503314
43607.509564503314
43607.509564503314
43607.509564503314
43607.509564503314
43607.509564503314
43607.509564503314
43607.509564503314
43607.509564503314
43607.509564503314
43607.509564503314
43607.509564503314
43607.509564503314
43607.509564503314
43607.509564503314
43607.509564503314
43607.509564503314
43607.509564503314
43607.509564503314
43607.509564503314
43607.509564503314
43607.509564503314
43607.509564503314
43607.509564503314
43607.509564503314
43607.509564503314
43607.509564503314
43607.509564503314
43607.509564503314
43607.509564503314
43607.509564503314
43607.509564503314
43607.509564503314
43607.509564503314
43607.509564503314
43607.509564503314
43607.509564503314
43607.509564503314
43607.509564503314
43607.509564503314
43607.509564503314
43607.509564503314
43607.509564503314
43607.509564503314
43607.509564503314
43607.509564503314
43607.509564503314
43607.509564503314
43607.509564503314
43607.509564503314
43607.509564503314
43607.509564503314
43607.509564503314
43607.509564503314
43607.509564503314
43607.509564503314
43398.00307190861
43398.00307190861
43398.00307190861
43398.00307190861
43398.00307190861
43398.00307190861
43398.00307190861
43398.00307190861
43398.00307190861
43398.00307190861
43398.00307190861
43398.00307190861
43398.00307190861
43398.00307190861
43398.00307190861
43398.00307190861
43398.00307190861
43398.00307190861
43398.00307190861
43398.00307190861
43398.00307190861
43398.00307190861
43398.00307190861
43398.00307190861
43398.00307190861
43398.00307190861
43398.00307190861
43398.00307190861
43398.00307190861
43398.00307190861
43398.00307190861
43398.00307190861
43398.00307190861
43398.00307190861
43398.00307190861
43398.00307190861
43398.00307190861
43398.00307190861
43398.00307190861
43398.00307190861
43398.00307190861
43398.00307190861
43398.00307190861
43398.00307190861
43398.00307190861
43398.00307190861
43398.00307190861
43398.00307190861
43398.00307190861
43398.00307190861
43398.00307190861
43398.00307190861
43398.00307190861
43398.00307190861
43398.00307190861
43398.00307190861
43398.00307190861
43398.00307190861
43398.00307190861
43398.00307190861
43398.00307190861
43398.00307190861
43398.00307190861
43398.00307190861
43398.00307190861
43398.00307190861
43398.00307190861
43398.00307190861
43398.00307190861
43398.00307190861
43398.00307190861
43398.00307190861
43398.00307190861
43398.00307190861
43398.00307190861
43398.00307190861
43398.00307190861
43398.00307190861
43398.00307190861
43398.00307190861
43398.00307190861
43398.00307190861
43398.00307190861
43398.00307190861
43398.00307190861
43398.00307190861
43398.00307190861
43398.00307190861
43398.00307190861
43398.00307190861
43398.00307190861
43398.00307190861
43398.00307190861
43398.00307190861
43398.00307190861
43398.00307190861
43398.00307190861
43398.00307190861
43398.00307190861
43398.00307190861
43398.00307190861
43398.00307190861
43398.00307190861
43398.00307190861
43398.00307190861
43398.00307190861
43398.00307190861
43398.00307190861
43398.00307190861
43398.00307190861
43398.00307190861
43398.00307190861
42924.228774547104
42924.228774547104
42924.228774547104
42924.228774547104
42924.228774547104
42924.228774547104
42924.228774547104
42924.228774547104
42924.228774547104
42924.228774547104
42924.228774547104
42924.228774547104
42924.228774547104
42924.228774547104
42924.228774547104
42924.228774547104
42924.228774547104
42924.228774547104
42924.228774547104
42924.228774547104
42924.228774547104
42924.228774547104
42924.228774547104
42924.228774547104
42924.228774547104
42924.228774547104
42924.228774547104
42924.228774547104
42924.228774547104
42924.228774547104
42924.228774547104
42924.228774547104
42924.228774547104
42924.228774547104
42924.228774547104
42924.228774547104
42924.228774547104
42924.228774547104
42924.228774547104
42924.228774547104
42924.228774547104
42924.228774547104
42924.228774547104
42924.228774547104
42924.228774547104
42924.228774547104
42924.228774547104
42924.228774547104
42924.228774547104
42924.228774547104
42924.228774547104
42924.228774547104
42924.228774547104
42914.48407101707
42914.48407101707
42914.48407101707
42914.48407101707
42914.48407101707
42914.48407101707
42914.48407101707
42914.48407101707
42914.48407101707
42914.48407101707
42914.48407101707
42914.48407101707
42914.48407101707
42914.48407101707
42914.48407101707
42914.48407101707
42914.48407101707
42880.06248644151
42880.06248644151
42880.06248644151
42880.06248644151
42880.06248644151
42880.06248644151
42880.06248644151
42880.06248644151
42615.85794224924
42615.85794224924
42615.85794224924
42615.85794224924
42615.85794224924
42615.85794224924
42615.85794224924
42615.85794224924
42615.85794224924
42615.85794224924
42615.85794224924
42615.85794224924
42615.85794224924
42615.85794224924
42615.85794224924
42615.85794224924
42615.85794224924
42615.85794224924
42615.85794224924
42615.85794224924
42615.85794224924
42615.85794224924
42600.81217368532
42407.69830627856
42407.69830627856
42407.69830627856
42407.69830627856
42407.69830627856
42407.69830627856
42407.69830627856
42407.69830627856
42407.69830627856
42407.69830627856
42407.69830627856
42407.69830627856
42407.69830627856
42407.69830627856
42407.69830627856
42407.69830627856
42407.69830627856
42407.69830627856
42407.69830627856
42407.69830627856
42407.69830627856
42407.69830627856
42407.69830627856
42407.69830627856
42291.669861610055
41787.38987548339
41787.38987548339
41787.38987548339
41787.38987548339
41787.38987548339
41787.38987548339
40958.04534349592
40958.04534349592
40958.04534349592
40958.04534349592
40958.04534349592
40958.04534349592
40958.04534349592
40958.04534349592
40958.04534349592
40958.04534349592
40958.04534349592
40958.04534349592
40958.04534349592
40958.04534349592
40958.04534349592
40958.04534349592
40958.04534349592
40958.04534349592
40958.04534349592
40958.04534349592
40958.04534349592
40958.04534349592
40958.04534349592
40958.04534349592
40958.04534349592
40958.04534349592
40958.04534349592
40958.04534349592
40958.04534349592
40958.04534349592
40958.04534349592
40958.04534349592
40958.04534349592
40958.04534349592
40958.04534349592
40958.04534349592
40958.04534349592
40958.04534349592
40958.04534349592
40958.04534349592
40958.04534349592
40958.04534349592
40958.04534349592
40958.04534349592
40958.04534349592
40958.04534349592
40958.04534349592
40958.04534349592
40958.04534349592
40958.04534349592
40958.04534349592
40958.04534349592
40958.04534349592
40958.04534349592
40958.04534349592
40958.04534349592
40958.04534349592
40958.04534349592
40958.04534349592
40958.04534349592
40958.04534349592
40958.04534349592
40958.04534349592
40958.04534349592
40958.04534349592
40958.04534349592
40958.04534349592
40958.04534349592
40958.04534349592
40958.04534349592
40958.04534349592
40958.04534349592
40958.04534349592
40958.04534349592
40958.04534349592
40958.04534349592
40958.04534349592
40901.882833200376
40901.882833200376
40901.882833200376
40901.882833200376
40901.882833200376
40901.882833200376
40901.882833200376
40901.882833200376
40593.94726140424
40593.94726140424
40593.94726140424
40593.94726140424
40593.94726140424
40593.94726140424
40593.94726140424
40593.94726140424
40593.94726140424
40593.94726140424
40593.94726140424
40593.94726140424
40593.94726140424
40593.94726140424
40593.94726140424
40593.94726140424
40593.94726140424
40593.94726140424
40593.94726140424
40593.94726140424
40394.20638951032
40394.20638951032
40299.30125611277
40299.30125611277
40299.30125611277
40299.30125611277
40299.30125611277
40299.30125611277
40299.30125611277
40299.30125611277
40299.30125611277
40299.30125611277
40299.30125611277
40299.30125611277
40299.30125611277
40299.30125611277
40299.30125611277
40299.30125611277
40299.30125611277
40299.30125611277
40299.30125611277
40299.30125611277
40299.30125611277
40299.30125611277
40299.30125611277
40299.30125611277
40299.30125611277
40299.30125611277
40299.30125611277
40299.30125611277
40299.30125611277
40299.30125611277
40299.30125611277
40299.30125611277
40299.30125611277
40299.30125611277
40299.30125611277
40299.30125611277
40299.30125611277
40299.30125611277
40299.30125611277
40299.30125611277
40299.30125611277
40299.30125611277
40299.30125611277
40299.30125611277
40299.30125611277
40299.30125611277
40299.30125611277
40299.30125611277
40299.30125611277
40299.30125611277
40299.30125611277
40299.30125611277
40299.30125611277
40299.30125611277
40299.30125611277
40299.30125611277
40299.30125611277
40299.30125611277
40299.30125611277
39441.30738252286
39441.30738252286
39441.30738252286
39441.30738252286
39441.30738252286
39441.30738252286
39441.30738252286
39441.30738252286
39441.30738252286
39441.30738252286
39441.30738252286
39441.30738252286
39441.30738252286
39441.30738252286
39441.30738252286
39441.30738252286
39441.30738252286
39441.30738252286
39441.30738252286
39441.30738252286
39441.30738252286
39441.30738252286
39441.30738252286
39441.30738252286
39441.30738252286
39441.30738252286
39441.30738252286
39441.30738252286
39441.30738252286
39441.30738252286
39441.30738252286
39441.30738252286
39441.30738252286
39441.30738252286
39441.30738252286
39441.30738252286
39441.30738252286
39441.30738252286
39441.30738252286
39441.30738252286
39441.30738252286
39441.30738252286
39441.30738252286
39441.30738252286
39441.30738252286
39441.30738252286
39441.30738252286
39441.30738252286
39441.30738252286
39441.30738252286
39441.30738252286
39441.30738252286
39441.30738252286
39441.30738252286
39441.30738252286
39441.30738252286
39441.30738252286
39441.30738252286
39441.30738252286
39441.30738252286
39441.30738252286
39441.30738252286
39441.30738252286
39441.30738252286
39441.30738252286
39441.30738252286
39383.34570583815
39383.34570583815
39383.34570583815
39383.34570583815
39383.34570583815
39383.34570583815
39182.97586690837
39182.97586690837
39182.97586690837
39182.97586690837
39182.97586690837
39182.97586690837
39182.97586690837
39182.97586690837
39182.97586690837
39182.97586690837
39182.97586690837
39182.97586690837
39182.97586690837
39091.503597083334
39091.503597083334
39091.503597083334
39091.503597083334
39091.503597083334
39091.503597083334
39091.503597083334
39091.503597083334
39091.503597083334
39091.503597083334
39091.503597083334
39091.503597083334
39091.503597083334
39091.503597083334
39091.503597083334
39091.503597083334
39091.503597083334
39091.503597083334
39091.503597083334
39091.503597083334
39091.503597083334
39091.503597083334
38905.63400160039
38905.63400160039
38905.63400160039
38905.63400160039
38905.63400160039
38905.63400160039
38905.63400160039
38905.63400160039
38905.63400160039
38905.63400160039
38905.63400160039
38905.63400160039
38905.63400160039
38905.63400160039
38905.63400160039
38905.63400160039
38905.63400160039
38905.63400160039
38905.63400160039
38905.63400160039
38905.63400160039
38905.63400160039
38905.63400160039
38905.63400160039
38905.63400160039
38905.63400160039
38905.63400160039
38905.63400160039
38905.63400160039
38905.63400160039
38905.63400160039
38905.63400160039
38905.63400160039
38905.63400160039
38905.63400160039
38764.134491823395
38764.134491823395
38764.134491823395
38764.134491823395
38764.134491823395
38764.134491823395
38396.907408731146
38396.907408731146
38396.907408731146
38396.907408731146
38396.907408731146
38396.907408731146
38396.907408731146
38396.907408731146
38396.907408731146
38396.907408731146
38396.907408731146
38396.907408731146
38396.907408731146
38396.907408731146
38396.907408731146
38396.907408731146
38396.907408731146
38396.907408731146
38396.907408731146
38396.907408731146
38396.907408731146
38155.17844984841
38155.17844984841
38155.17844984841
38155.17844984841
38155.17844984841
38155.17844984841
38155.17844984841
38155.17844984841
38155.17844984841
38155.17844984841
38155.17844984841
38155.17844984841
38155.17844984841
38155.17844984841
38155.17844984841
37706.014032354564
37706.014032354564
37706.014032354564
37706.014032354564
37706.014032354564
37706.014032354564
37706.014032354564
37706.014032354564
37706.014032354564
37706.014032354564
37706.014032354564
37706.014032354564
37706.014032354564
37706.014032354564
37706.014032354564
37706.014032354564
37706.014032354564
37706.014032354564
37706.014032354564
37706.014032354564
37706.014032354564
37706.014032354564
37706.014032354564
37706.014032354564
37706.014032354564
37706.014032354564
37706.014032354564
37706.014032354564
37706.014032354564
37706.014032354564
37706.014032354564
37706.014032354564
37706.014032354564
37706.014032354564
37706.014032354564
37706.014032354564
37706.014032354564
37706.014032354564
37706.014032354564
37706.014032354564
37706.014032354564
37706.014032354564
37706.014032354564
37706.014032354564
37706.014032354564
37706.014032354564
37706.014032354564
37706.014032354564
37706.014032354564
37706.014032354564
37706.014032354564
37706.014032354564
37706.014032354564
37706.014032354564
37706.014032354564
37356.68150955903
37356.68150955903
37356.68150955903
37356.68150955903
37356.68150955903
37356.68150955903
37356.68150955903
37356.68150955903
37356.68150955903
37356.68150955903
37356.68150955903
37356.68150955903
37356.68150955903
37356.68150955903
37356.68150955903
37356.68150955903
37356.68150955903
37356.68150955903
37356.68150955903
37356.68150955903
37356.68150955903
37356.68150955903
37356.68150955903
37356.68150955903
37356.68150955903
37356.68150955903
37356.68150955903
37356.68150955903
37356.68150955903
37356.68150955903
37356.68150955903
37356.68150955903
37356.68150955903
37356.68150955903
37356.68150955903
37356.68150955903
37356.68150955903
37356.68150955903
37356.68150955903
37356.68150955903
37356.68150955903
37356.68150955903
37356.68150955903
37356.68150955903
37356.68150955903
37356.68150955903
37356.68150955903
37356.68150955903
37356.68150955903
37356.68150955903
37356.68150955903
37356.68150955903
37356.68150955903
37356.68150955903
37356.68150955903
37356.68150955903
37356.68150955903
37356.68150955903
37356.68150955903
37356.68150955903
37356.68150955903
37356.68150955903
37356.68150955903
36992.1432213097
36992.1432213097
36992.1432213097
36992.1432213097
36992.1432213097
36992.1432213097
36992.1432213097
36992.1432213097
36992.1432213097
36992.1432213097
36992.1432213097
36992.1432213097
36992.1432213097
36992.1432213097
36992.1432213097
36992.1432213097
36992.1432213097
36992.1432213097
36992.1432213097
36992.1432213097
36992.1432213097
36992.1432213097
36992.1432213097
36992.1432213097
36992.1432213097
36992.1432213097
36992.1432213097
36992.1432213097
36992.1432213097
36992.1432213097
36992.1432213097
36992.1432213097
36992.1432213097
36992.1432213097
36992.1432213097
36992.1432213097
36992.1432213097
36992.1432213097
36992.1432213097
36992.1432213097
36992.1432213097
36992.1432213097
36992.1432213097
36992.1432213097
36992.1432213097
36992.1432213097
36992.1432213097
36992.1432213097
36992.1432213097
36992.1432213097
36992.1432213097
36992.1432213097
36992.1432213097
36992.1432213097
36992.1432213097
36992.1432213097
36992.1432213097
36992.1432213097
36992.1432213097
36992.1432213097
36992.1432213097
36992.1432213097
36992.1432213097
36992.1432213097
36992.1432213097
36992.1432213097
36992.1432213097
36992.1432213097
36992.1432213097
36992.1432213097
36992.1432213097
36992.1432213097
36992.1432213097
36992.1432213097
36992.1432213097
36992.1432213097
36992.1432213097
36992.1432213097
36992.1432213097
36992.1432213097
36992.1432213097
36992.1432213097
36992.1432213097
36992.1432213097
36992.1432213097
36992.1432213097
36992.1432213097
36992.1432213097
36992.1432213097
36992.1432213097
36992.1432213097
36992.1432213097
36992.1432213097
36992.1432213097
36992.1432213097
36992.1432213097
36992.1432213097
36992.1432213097
36992.1432213097
36992.1432213097
36992.1432213097
36992.1432213097
36992.1432213097
36992.1432213097
36992.1432213097
36992.1432213097
36992.1432213097
36992.1432213097
36992.1432213097
36992.1432213097
36992.1432213097
36992.1432213097
36992.1432213097
36992.1432213097
36992.1432213097
36992.1432213097
36992.1432213097
36992.1432213097
36992.1432213097
36992.1432213097
36992.1432213097
36846.20369086237
36846.20369086237
36846.20369086237
36846.20369086237
36798.90217406595
36798.90217406595
36798.90217406595
36798.90217406595
36798.90217406595
36798.90217406595
36798.90217406595
36798.90217406595
36798.90217406595
36798.90217406595
36798.90217406595
36798.90217406595
36798.90217406595
36798.90217406595
36798.90217406595
36798.90217406595
36798.90217406595
36798.90217406595
36798.90217406595
36614.371834141086
36614.371834141086
36614.371834141086
36505.04588850834
36505.04588850834
36505.04588850834
36505.04588850834
36505.04588850834
36505.04588850834
36505.04588850834
36505.04588850834
36505.04588850834
36505.04588850834
36505.04588850834
36505.04588850834
36505.04588850834
36505.04588850834
36505.04588850834
36505.04588850834
36505.04588850834
36505.04588850834
36505.04588850834
36505.04588850834
36505.04588850834
36505.04588850834
36505.04588850834
35916.238010672794
35916.238010672794
35916.238010672794
35916.238010672794
35916.238010672794
35916.238010672794
35916.238010672794
35916.238010672794
35916.238010672794
35916.238010672794
35916.238010672794
35916.238010672794
35916.238010672794
35916.238010672794
35916.238010672794
35916.238010672794
35916.238010672794
35916.238010672794
35916.238010672794
35916.238010672794
35916.238010672794
35873.46965045087
35873.46965045087
35873.46965045087
35873.46965045087
35873.46965045087
35873.46965045087
35873.46965045087
35873.46965045087
35873.46965045087
35873.46965045087
35873.46965045087
35873.46965045087
35873.46965045087
35873.46965045087
35873.46965045087
35873.46965045087
35426.48964754855
35426.48964754855
35426.48964754855
35426.48964754855
35426.48964754855
35426.48964754855
35426.48964754855
35426.48964754855
35426.48964754855
35426.48964754855
35426.48964754855
35426.48964754855
35426.48964754855
35426.48964754855
35426.48964754855
35426.48964754855
35426.48964754855
35426.48964754855
35426.48964754855
35426.48964754855
35426.48964754855
35426.48964754855
35426.48964754855
35426.48964754855
35426.48964754855
35426.48964754855
35426.48964754855
35426.48964754855
35426.48964754855
35426.48964754855
35426.48964754855
35426.48964754855
35426.48964754855
35426.48964754855
35426.48964754855
35426.48964754855
35426.48964754855
35426.48964754855
35426.48964754855
35426.48964754855
35426.48964754855
35426.48964754855
35426.48964754855
35426.48964754855
35426.48964754855
35426.48964754855
35426.48964754855
35426.48964754855
35426.48964754855
35426.48964754855
35426.48964754855
35426.48964754855
35426.48964754855
35426.48964754855
35426.48964754855
34796.328052824734
34796.328052824734
34796.328052824734
34796.328052824734
34796.328052824734
34796.328052824734
34796.328052824734
34796.328052824734
34796.328052824734
34796.328052824734
34796.328052824734
34796.328052824734
34796.328052824734
34796.328052824734
34796.328052824734
34796.328052824734
34796.328052824734
34796.328052824734
34796.328052824734
34796.328052824734
34796.328052824734
34796.328052824734
34796.328052824734
34796.328052824734
34796.328052824734
34796.328052824734
34796.328052824734
34796.328052824734
34796.328052824734
34796.328052824734
34796.328052824734
34796.328052824734
34796.328052824734
34796.328052824734
34796.328052824734
34796.328052824734
34796.328052824734
34796.328052824734
34796.328052824734
34796.328052824734
34796.328052824734
34796.328052824734
34796.328052824734
34796.328052824734
34796.328052824734
34796.328052824734
34796.328052824734
34796.328052824734
34796.328052824734
34796.328052824734
34796.328052824734
34796.328052824734
34796.328052824734
34796.328052824734
34796.328052824734
34796.328052824734
34796.328052824734
34796.328052824734
34796.328052824734
34796.328052824734
34796.328052824734
34796.328052824734
34796.328052824734
34796.328052824734
34796.328052824734
34796.328052824734
34796.328052824734
34785.88232670577
34785.88232670577
34785.88232670577
34785.88232670577
34785.88232670577
34785.88232670577
34785.88232670577
34785.88232670577
34785.88232670577
34785.88232670577
34785.88232670577
34785.88232670577
34785.88232670577
34785.88232670577
34785.88232670577
34785.88232670577
34785.88232670577
34785.88232670577
34785.88232670577
34785.88232670577
34785.88232670577
34785.88232670577
34785.88232670577
34785.88232670577
34785.88232670577
34785.88232670577
34785.88232670577
34785.88232670577
34785.88232670577
34785.88232670577
34785.88232670577
34785.88232670577
34785.88232670577
34785.88232670577
34785.88232670577
34785.88232670577
34785.88232670577
34785.88232670577
34785.88232670577
34785.88232670577
34785.88232670577
34785.88232670577
34692.42837997621
34692.42837997621
34342.46564570785
34342.46564570785
34342.46564570785
34342.46564570785
34342.46564570785
34342.46564570785
34342.46564570785
34342.46564570785
34342.46564570785
34342.46564570785
34342.46564570785
34342.46564570785
34342.46564570785
34342.46564570785
34342.46564570785
34342.46564570785
34022.92534449979
34022.92534449979
34022.92534449979
34022.92534449979
34022.92534449979
34022.92534449979
34022.92534449979
33469.989734754665
33469.989734754665
33469.989734754665
33469.989734754665
33469.989734754665
33469.989734754665
33469.989734754665
33469.989734754665
33469.989734754665
33469.989734754665
33469.989734754665
33469.989734754665
33469.989734754665
33469.989734754665
33469.989734754665
33469.989734754665
33469.989734754665
33469.989734754665
33469.989734754665
33469.989734754665
33469.989734754665
33469.989734754665
33469.989734754665
33469.989734754665
33469.989734754665
33469.989734754665
33469.989734754665
33469.989734754665
33469.989734754665
33469.989734754665
33469.989734754665
33469.989734754665
33469.989734754665
33469.989734754665
33469.989734754665
33469.989734754665
33469.989734754665
33469.989734754665
33469.989734754665
33469.989734754665
33469.989734754665
33469.989734754665
33469.989734754665
33469.989734754665
33469.989734754665
33469.989734754665
33469.989734754665
33469.989734754665
33469.989734754665
33469.989734754665
33469.989734754665
33469.989734754665
33469.989734754665
33469.989734754665
33469.989734754665
33469.989734754665
33469.989734754665
33469.989734754665
33469.989734754665
33469.989734754665
33469.989734754665
33469.989734754665
33469.989734754665
33469.989734754665
33446.95603322643
33446.95603322643
33446.95603322643
33446.95603322643
33446.95603322643
33446.95603322643
33446.95603322643
33446.95603322643
33446.95603322643
33446.95603322643
33446.95603322643
33446.95603322643
33446.95603322643
33446.95603322643
33446.95603322643
33446.95603322643
33446.95603322643
33446.95603322643
33446.95603322643
33446.95603322643
33446.95603322643
33446.95603322643
33446.95603322643
33446.95603322643
33446.95603322643
33446.95603322643
33446.95603322643
33446.95603322643
33446.95603322643
33446.95603322643
33446.95603322643
33446.95603322643
33446.95603322643
33446.95603322643
33446.95603322643
33446.95603322643
33446.95603322643
33446.95603322643
33446.95603322643
33446.95603322643
33446.95603322643
33446.95603322643
33446.95603322643
33446.95603322643
33446.95603322643
33446.95603322643
33446.95603322643
33446.95603322643
33446.95603322643
33446.95603322643
33446.95603322643
33446.95603322643
33446.95603322643
33446.95603322643
33446.95603322643
33446.95603322643
33446.95603322643
33446.95603322643
33446.95603322643
33446.95603322643
33446.95603322643
33446.95603322643
33446.95603322643
33446.95603322643
33446.95603322643
33446.95603322643
33446.95603322643
33446.95603322643
33446.95603322643
33446.95603322643
33446.95603322643
33446.95603322643
33446.95603322643
33322.447296869344
33322.447296869344
33322.447296869344
33322.447296869344
33322.447296869344
33322.447296869344
33322.447296869344
33322.447296869344
33322.447296869344
33322.447296869344
33322.447296869344
33322.447296869344
33322.447296869344
33322.447296869344
33322.447296869344
33322.447296869344
33322.447296869344
33322.447296869344
33322.447296869344
33322.447296869344
33322.447296869344
33322.447296869344
33322.447296869344
33322.447296869344
33322.447296869344
33322.447296869344
33322.447296869344
33322.447296869344
33322.447296869344
33322.447296869344
33322.447296869344
33322.447296869344
33322.447296869344
33322.447296869344
33322.447296869344
33322.447296869344
33322.447296869344
33226.66142785404
33226.66142785404
33226.66142785404
33226.66142785404
33226.66142785404
33226.66142785404
Time: 109.21610593795776 seconds 
Best solution: 33226.66142785404 [96, 102, 101, 97, 73, 86, 94, 100, 98, 93, 99, 75, 62, 57, 41, 35, 34, 38, 39, 26, 27, 45, 104, 36, 42, 43, 46, 49, 48, 50, 17, 32, 12, 2, 9, 58, 29, 8, 11, 10, 37, 1, 53, 60, 52, 44, 66, 19, 88, 61, 33, 95, 47, 3, 105, 16, 65, 59, 24, 13, 14, 5, 4, 25, 21, 28, 22, 103, 30, 31, 20, 15, 6, 7, 23, 18, 40, 55, 56, 51, 54, 63, 78, 71, 80, 79, 77, 89, 81, 74, 69, 70, 87, 90, 84, 76, 68, 67, 64, 72, 85, 83, 82, 92, 91]
Avg solution: 48092.13570079721