Alg:2, Run: 5, file: C:\Users\gabri\Documents\AN 3 SEM 2\AI\Lab\Lab3\\lin105.tsp, population number: 1000, generations: 2500 
102633.56974418927
102633.56974418927
102633.56974418927
102633.56974418927
100641.39418140463
100641.39418140463
100641.39418140463
100641.39418140463
97201.39365191858
97201.39365191858
95578.6072263549
95578.6072263549
95578.6072263549
95578.6072263549
95578.6072263549
95578.6072263549
95578.6072263549
95578.6072263549
95578.6072263549
95578.6072263549
95578.6072263549
95578.6072263549
95578.6072263549
93631.1816713109
93006.59674680335
93006.59674680335
90410.56410420279
90410.56410420279
90410.56410420279
90052.24369260581
90052.24369260581
90052.24369260581
90052.24369260581
90052.24369260581
90052.24369260581
90052.24369260581
89152.18226122102
89152.18226122102
89152.18226122102
89152.18226122102
88777.95200250101
88777.95200250101
88777.95200250101
88777.95200250101
88777.95200250101
88777.95200250101
86462.9257188877
86462.9257188877
86462.9257188877
86070.70746222117
86070.70746222117
86070.70746222117
86070.70746222117
86070.70746222117
86057.49681172587
86057.49681172587
86057.49681172587
86057.49681172587
86057.49681172587
86057.49681172587
86057.49681172587
86057.49681172587
86057.49681172587
83400.84348984162
83400.84348984162
83400.84348984162
83400.84348984162
83054.8909391263
83054.8909391263
83054.8909391263
83054.8909391263
83054.8909391263
83054.8909391263
83054.8909391263
83054.8909391263
83054.8909391263
83054.8909391263
83054.8909391263
83054.8909391263
83054.8909391263
83002.26987327568
83002.26987327568
83002.26987327568
83002.26987327568
83002.26987327568
79527.23278153584
79527.23278153584
79527.23278153584
79527.23278153584
79527.23278153584
79527.23278153584
79527.23278153584
79527.23278153584
79527.23278153584
79527.23278153584
79527.23278153584
79527.23278153584
79527.23278153584
79527.23278153584
79527.23278153584
77302.18178640504
77302.18178640504
77302.18178640504
77302.18178640504
77302.18178640504
77302.18178640504
77302.18178640504
77302.18178640504
77302.18178640504
77302.18178640504
77302.18178640504
77302.18178640504
77302.18178640504
77302.18178640504
77302.18178640504
77302.18178640504
77302.18178640504
77302.18178640504
77302.18178640504
77302.18178640504
77302.18178640504
77302.18178640504
77302.18178640504
77302.18178640504
77302.18178640504
77302.18178640504
77302.18178640504
77302.18178640504
77302.18178640504
77302.18178640504
77302.18178640504
77302.18178640504
77302.18178640504
77302.18178640504
77302.18178640504
77302.18178640504
77302.18178640504
77302.18178640504
77302.18178640504
77302.18178640504
77302.18178640504
77302.18178640504
77302.18178640504
76541.93916524702
76541.93916524702
76541.93916524702
76541.93916524702
76541.93916524702
76541.93916524702
76541.93916524702
76541.93916524702
76491.2980274519
74542.84119803482
74542.84119803482
74542.84119803482
74542.84119803482
74269.34260303387
74269.34260303387
74269.34260303387
74269.34260303387
74269.34260303387
74269.34260303387
74269.34260303387
74269.34260303387
74269.34260303387
74269.34260303387
74269.34260303387
74269.34260303387
74269.34260303387
74269.34260303387
74269.34260303387
74269.34260303387
74269.34260303387
74269.34260303387
74269.34260303387
74269.34260303387
74269.34260303387
74269.34260303387
74269.34260303387
74269.34260303387
74037.42133354473
74037.42133354473
74037.42133354473
74037.42133354473
74037.42133354473
74037.42133354473
74037.42133354473
74037.42133354473
70445.56955153738
70445.56955153738
70445.56955153738
70445.56955153738
70445.56955153738
70445.56955153738
70445.56955153738
70445.56955153738
70445.56955153738
70445.56955153738
70445.56955153738
70445.56955153738
70445.56955153738
70445.56955153738
70445.56955153738
70445.56955153738
70445.56955153738
70445.56955153738
70445.56955153738
70445.56955153738
70445.56955153738
70445.56955153738
70445.56955153738
70445.56955153738
70445.56955153738
70445.56955153738
70445.56955153738
70445.56955153738
70445.56955153738
70445.56955153738
70445.56955153738
70445.56955153738
70445.56955153738
70445.56955153738
70445.56955153738
70445.56955153738
70445.56955153738
70445.56955153738
70445.56955153738
70445.56955153738
70445.56955153738
70445.56955153738
70445.56955153738
70445.56955153738
70445.56955153738
70288.48431089534
70288.48431089534
70288.48431089534
70288.48431089534
70288.48431089534
70288.48431089534
70288.48431089534
70288.48431089534
70288.48431089534
70288.48431089534
70288.48431089534
70288.48431089534
70288.48431089534
70288.48431089534
70288.48431089534
70288.48431089534
70288.48431089534
70288.48431089534
70288.48431089534
70288.48431089534
70288.48431089534
70288.48431089534
70288.48431089534
70288.48431089534
70288.48431089534
70288.48431089534
70288.48431089534
70288.48431089534
70288.48431089534
70288.48431089534
70288.48431089534
70288.48431089534
70288.48431089534
70288.48431089534
70288.48431089534
70288.48431089534
70288.48431089534
70288.48431089534
70288.48431089534
70288.48431089534
70288.48431089534
70288.48431089534
70288.48431089534
70288.48431089534
70288.48431089534
69673.95221253284
69673.95221253284
69673.95221253284
69673.95221253284
69673.95221253284
69673.95221253284
69673.95221253284
69673.95221253284
69673.95221253284
69673.95221253284
69673.95221253284
69673.95221253284
69673.95221253284
68338.0995040725
68338.0995040725
68338.0995040725
68338.0995040725
68338.0995040725
68338.0995040725
68338.0995040725
68338.0995040725
68338.0995040725
68338.0995040725
68338.0995040725
68338.0995040725
68338.0995040725
68338.0995040725
68074.38520119523
68074.38520119523
68074.38520119523
68074.38520119523
68074.38520119523
67333.66216213474
67333.66216213474
67333.66216213474
67333.66216213474
67333.66216213474
67333.66216213474
67333.66216213474
67333.66216213474
67333.66216213474
67333.66216213474
67333.66216213474
67333.66216213474
67333.66216213474
66119.70824364219
66119.70824364219
66119.70824364219
66119.70824364219
65400.01432604942
65400.01432604942
65400.01432604942
65400.01432604942
65400.01432604942
65400.01432604942
65400.01432604942
65400.01432604942
65400.01432604942
65400.01432604942
65400.01432604942
65400.01432604942
65400.01432604942
65400.01432604942
65400.01432604942
65400.01432604942
65400.01432604942
65400.01432604942
65400.01432604942
65400.01432604942
65400.01432604942
65400.01432604942
65400.01432604942
65400.01432604942
65400.01432604942
65400.01432604942
65400.01432604942
65400.01432604942
65400.01432604942
65400.01432604942
65400.01432604942
65400.01432604942
65400.01432604942
65400.01432604942
65400.01432604942
65400.01432604942
65400.01432604942
65400.01432604942
64846.83911703754
64846.83911703754
64846.83911703754
64846.83911703754
64846.83911703754
64846.83911703754
64846.83911703754
64846.83911703754
64846.83911703754
64846.83911703754
64846.83911703754
64846.83911703754
64846.83911703754
64846.83911703754
64846.83911703754
64846.83911703754
64846.83911703754
64846.83911703754
64846.83911703754
64846.83911703754
64846.83911703754
64846.83911703754
64846.83911703754
64846.83911703754
64846.83911703754
64846.83911703754
64846.83911703754
64846.83911703754
64846.83911703754
64846.83911703754
64846.83911703754
64846.83911703754
64846.83911703754
64846.83911703754
64846.83911703754
64846.83911703754
64846.83911703754
64846.83911703754
64846.83911703754
64846.83911703754
64846.83911703754
64846.83911703754
63919.099131126975
63919.099131126975
63919.099131126975
63919.099131126975
63919.099131126975
63919.099131126975
63919.099131126975
63919.099131126975
63919.099131126975
63919.099131126975
63919.099131126975
63919.099131126975
63919.099131126975
63919.099131126975
63919.099131126975
63919.099131126975
63919.099131126975
63919.099131126975
63919.099131126975
63919.099131126975
63919.099131126975
63919.099131126975
63919.099131126975
63919.099131126975
63919.099131126975
63919.099131126975
63919.099131126975
63919.099131126975
63919.099131126975
63919.099131126975
63919.099131126975
63919.099131126975
63919.099131126975
63919.099131126975
63919.099131126975
63919.099131126975
63919.099131126975
63919.099131126975
63919.099131126975
63919.099131126975
63919.099131126975
63919.099131126975
63919.099131126975
63919.099131126975
63919.099131126975
63919.099131126975
63919.099131126975
63919.099131126975
63919.099131126975
63919.099131126975
63919.099131126975
63919.099131126975
63919.099131126975
63919.099131126975
63919.099131126975
63919.099131126975
63919.099131126975
63919.099131126975
63919.099131126975
63919.099131126975
63279.40315822987
63279.40315822987
63279.40315822987
63279.40315822987
63279.40315822987
63279.40315822987
63279.40315822987
63279.40315822987
63279.40315822987
63078.0543073093
62660.11110968987
62660.11110968987
62660.11110968987
62660.11110968987
62660.11110968987
62660.11110968987
62258.08838897533
62258.08838897533
62258.08838897533
62258.08838897533
62258.08838897533
62258.08838897533
62258.08838897533
62258.08838897533
62258.08838897533
62258.08838897533
62258.08838897533
62258.08838897533
62258.08838897533
62258.08838897533
62258.08838897533
61921.39912270933
61921.39912270933
61921.39912270933
61921.39912270933
60910.156252926536
60910.156252926536
60910.156252926536
60910.156252926536
60910.156252926536
60910.156252926536
60910.156252926536
60910.156252926536
60910.156252926536
60910.156252926536
60910.156252926536
60910.156252926536
60910.156252926536
60910.156252926536
60910.156252926536
60910.156252926536
60910.156252926536
60910.156252926536
60910.156252926536
60910.156252926536
60910.156252926536
60910.156252926536
60910.156252926536
60910.156252926536
60910.156252926536
60910.156252926536
60910.156252926536
60910.156252926536
60910.156252926536
60910.156252926536
60910.156252926536
60910.156252926536
60910.156252926536
60910.156252926536
60910.156252926536
60910.156252926536
60910.156252926536
60910.156252926536
60910.156252926536
60910.156252926536
60910.156252926536
60910.156252926536
60910.156252926536
60910.156252926536
60910.156252926536
60910.156252926536
60910.156252926536
60910.156252926536
60910.156252926536
60910.156252926536
60910.156252926536
60910.156252926536
60910.156252926536
60910.156252926536
60910.156252926536
60910.156252926536
60350.98299409651
60350.98299409651
60350.98299409651
60350.98299409651
60350.98299409651
60350.98299409651
60350.98299409651
60350.98299409651
59873.2683858914
59415.310364518635
59415.310364518635
59415.310364518635
58955.30710202032
58955.30710202032
58955.30710202032
58955.30710202032
58955.30710202032
58955.30710202032
58955.30710202032
58955.30710202032
58955.30710202032
58955.30710202032
58955.30710202032
58955.30710202032
58955.30710202032
58955.30710202032
58955.30710202032
58955.30710202032
58955.30710202032
58955.30710202032
58955.30710202032
58955.30710202032
58955.30710202032
58955.30710202032
58955.30710202032
58955.30710202032
58955.30710202032
58955.30710202032
58726.18713524431
58726.18713524431
58726.18713524431
58726.18713524431
58726.18713524431
58726.18713524431
58726.18713524431
56456.38733356526
56456.38733356526
56456.38733356526
56456.38733356526
56456.38733356526
56456.38733356526
56456.38733356526
56456.38733356526
56456.38733356526
56456.38733356526
56456.38733356526
56456.38733356526
56456.38733356526
56456.38733356526
56456.38733356526
56456.38733356526
56456.38733356526
56456.38733356526
56456.38733356526
56456.38733356526
56456.38733356526
56456.38733356526
56456.38733356526
56456.38733356526
56456.38733356526
56456.38733356526
56456.38733356526
56456.38733356526
56456.38733356526
56456.38733356526
55953.50284383896
55953.50284383896
55953.50284383896
55953.50284383896
55953.50284383896
55953.50284383896
55953.50284383896
55953.50284383896
55953.50284383896
55953.50284383896
55953.50284383896
55953.50284383896
55953.50284383896
55953.50284383896
55953.50284383896
55953.50284383896
55953.50284383896
55953.50284383896
55953.50284383896
55953.50284383896
55953.50284383896
55953.50284383896
55953.50284383896
55953.50284383896
55953.50284383896
55953.50284383896
55953.50284383896
55953.50284383896
55953.50284383896
55953.50284383896
55953.50284383896
55953.50284383896
55953.50284383896
55953.50284383896
55953.50284383896
55953.50284383896
55953.50284383896
55953.50284383896
55953.50284383896
55953.50284383896
55953.50284383896
55953.50284383896
55953.50284383896
55953.50284383896
55953.50284383896
55953.50284383896
55953.50284383896
55953.50284383896
55953.50284383896
55953.50284383896
55953.50284383896
55953.50284383896
55953.50284383896
55953.50284383896
55953.50284383896
55302.59694106581
55302.59694106581
55302.59694106581
55302.59694106581
55302.59694106581
55302.59694106581
55302.59694106581
55302.59694106581
55302.59694106581
55302.59694106581
55302.59694106581
55302.59694106581
55302.59694106581
55302.59694106581
55302.59694106581
55302.59694106581
55302.59694106581
55302.59694106581
55302.59694106581
55302.59694106581
55302.59694106581
55302.59694106581
55302.59694106581
55302.59694106581
55302.59694106581
55302.59694106581
55302.59694106581
55302.59694106581
55302.59694106581
55302.59694106581
55302.59694106581
55302.59694106581
55302.59694106581
55302.59694106581
55302.59694106581
55302.59694106581
55302.59694106581
55302.59694106581
55302.59694106581
55302.59694106581
55302.59694106581
55302.59694106581
55302.59694106581
55302.59694106581
55302.59694106581
55302.59694106581
55302.59694106581
55302.59694106581
55302.59694106581
55302.59694106581
55302.59694106581
55302.59694106581
55302.59694106581
54598.53115211748
54598.53115211748
54598.53115211748
54598.53115211748
54598.53115211748
54598.53115211748
54598.53115211748
54598.53115211748
54598.53115211748
54598.53115211748
54598.53115211748
54598.53115211748
54598.53115211748
54598.53115211748
54598.53115211748
54598.53115211748
54598.53115211748
54598.53115211748
54598.53115211748
54598.53115211748
54598.53115211748
54598.53115211748
54598.53115211748
54598.53115211748
54598.53115211748
54598.53115211748
54598.53115211748
54598.53115211748
54598.53115211748
54598.53115211748
54598.53115211748
54598.53115211748
54598.53115211748
54598.53115211748
54598.53115211748
54598.53115211748
54598.53115211748
54598.53115211748
54598.53115211748
54598.53115211748
51499.22795508907
51499.22795508907
51499.22795508907
51499.22795508907
51499.22795508907
51499.22795508907
51499.22795508907
51499.22795508907
51499.22795508907
51499.22795508907
51499.22795508907
51499.22795508907
51499.22795508907
51499.22795508907
51499.22795508907
51499.22795508907
51499.22795508907
51499.22795508907
51499.22795508907
51499.22795508907
51499.22795508907
51499.22795508907
51499.22795508907
51499.22795508907
51499.22795508907
51499.22795508907
51499.22795508907
51499.22795508907
51499.22795508907
51499.22795508907
51499.22795508907
51499.22795508907
51499.22795508907
51499.22795508907
51499.22795508907
51499.22795508907
51499.22795508907
51499.22795508907
51499.22795508907
51499.22795508907
51499.22795508907
51499.22795508907
51499.22795508907
50744.24372920197
50744.24372920197
50744.24372920197
50744.24372920197
50744.24372920197
50744.24372920197
50744.24372920197
50744.24372920197
50744.24372920197
50744.24372920197
50744.24372920197
50744.24372920197
50744.24372920197
50744.24372920197
50744.24372920197
50744.24372920197
50744.24372920197
50744.24372920197
50744.24372920197
50744.24372920197
50744.24372920197
50744.24372920197
50744.24372920197
50744.24372920197
50744.24372920197
50744.24372920197
50744.24372920197
50744.24372920197
50744.24372920197
50744.24372920197
50744.24372920197
50744.24372920197
50744.24372920197
50744.24372920197
50744.24372920197
50744.24372920197
50744.24372920197
50744.24372920197
50744.24372920197
50744.24372920197
50744.24372920197
50744.24372920197
50744.24372920197
50744.24372920197
50744.24372920197
50744.24372920197
50744.24372920197
50744.24372920197
50744.24372920197
50744.24372920197
50744.24372920197
50744.24372920197
50744.24372920197
50744.24372920197
50744.24372920197
50744.24372920197
50744.24372920197
50744.24372920197
50744.24372920197
50744.24372920197
50744.24372920197
50744.24372920197
50744.24372920197
50744.24372920197
50744.24372920197
50744.24372920197
50744.24372920197
50744.24372920197
50744.24372920197
50744.24372920197
50744.24372920197
50744.24372920197
50744.24372920197
50744.24372920197
50744.24372920197
50744.24372920197
50744.24372920197
50744.24372920197
50744.24372920197
50114.54133911464
50114.54133911464
50114.54133911464
50114.54133911464
50114.54133911464
50114.54133911464
50114.54133911464
50114.54133911464
50114.54133911464
50114.54133911464
50114.54133911464
50114.54133911464
50114.54133911464
50114.54133911464
50114.54133911464
50114.54133911464
50114.54133911464
50114.54133911464
50114.54133911464
50114.54133911464
50114.54133911464
50114.54133911464
50114.54133911464
50114.54133911464
50114.54133911464
50114.54133911464
50114.54133911464
50114.54133911464
50114.54133911464
50114.54133911464
50114.54133911464
50114.54133911464
50114.54133911464
50114.54133911464
50114.54133911464
50114.54133911464
50114.54133911464
50114.54133911464
50114.54133911464
49993.2601437471
49993.2601437471
49993.2601437471
49993.2601437471
49993.2601437471
49993.2601437471
49993.2601437471
49993.2601437471
49993.2601437471
49993.2601437471
49993.2601437471
49993.2601437471
49993.2601437471
49993.2601437471
49993.2601437471
49993.2601437471
49993.2601437471
49877.21625175186
49877.21625175186
49877.21625175186
48040.86289332567
48040.86289332567
48040.86289332567
48040.86289332567
48040.86289332567
48040.86289332567
48040.86289332567
48040.86289332567
48040.86289332567
48040.86289332567
48040.86289332567
48040.86289332567
48040.86289332567
48040.86289332567
48040.86289332567
48040.86289332567
48040.86289332567
48040.86289332567
48040.86289332567
48040.86289332567
47932.51091203166
47932.51091203166
47932.51091203166
47932.51091203166
47932.51091203166
47932.51091203166
47932.51091203166
47932.51091203166
47932.51091203166
47932.51091203166
47932.51091203166
47932.51091203166
47932.51091203166
47932.51091203166
47932.51091203166
47932.51091203166
47932.51091203166
47932.51091203166
47932.51091203166
47932.51091203166
47932.51091203166
47932.51091203166
47932.51091203166
47932.51091203166
47932.51091203166
47932.51091203166
47932.51091203166
47932.51091203166
47932.51091203166
47932.51091203166
47932.51091203166
47932.51091203166
47932.51091203166
47932.51091203166
47932.51091203166
47932.51091203166
47932.51091203166
47932.51091203166
47932.51091203166
47932.51091203166
47932.51091203166
47932.51091203166
47932.51091203166
47932.51091203166
47932.51091203166
47932.51091203166
47932.51091203166
47932.51091203166
47932.51091203166
47932.51091203166
47932.51091203166
47932.51091203166
47932.51091203166
47932.51091203166
47932.51091203166
46472.4087747478
46472.4087747478
46472.4087747478
46472.4087747478
46472.4087747478
46472.4087747478
46472.4087747478
46472.4087747478
46472.4087747478
46472.4087747478
46472.4087747478
46472.4087747478
46472.4087747478
46472.4087747478
46472.4087747478
46472.4087747478
46472.4087747478
46472.4087747478
46472.4087747478
46472.4087747478
46472.4087747478
46472.4087747478
46472.4087747478
46472.4087747478
46472.4087747478
46472.4087747478
46472.4087747478
46472.4087747478
46472.4087747478
46472.4087747478
46472.4087747478
46472.4087747478
46472.4087747478
46472.4087747478
46472.4087747478
46472.4087747478
46472.4087747478
46472.4087747478
46472.4087747478
46472.4087747478
46472.4087747478
46472.4087747478
46472.4087747478
46472.4087747478
46472.4087747478
46472.4087747478
46472.4087747478
46472.4087747478
46472.4087747478
46472.4087747478
46472.4087747478
46472.4087747478
46472.4087747478
46472.4087747478
46472.4087747478
46472.4087747478
46472.4087747478
46472.4087747478
46472.4087747478
46472.4087747478
44490.14317159245
44490.14317159245
44490.14317159245
44490.14317159245
44490.14317159245
44490.14317159245
44490.14317159245
44490.14317159245
44490.14317159245
44490.14317159245
44490.14317159245
44490.14317159245
44490.14317159245
44490.14317159245
44490.14317159245
44490.14317159245
44490.14317159245
44490.14317159245
44490.14317159245
44490.14317159245
44490.14317159245
44490.14317159245
44490.14317159245
44490.14317159245
44490.14317159245
44490.14317159245
44490.14317159245
44490.14317159245
44490.14317159245
44490.14317159245
44490.14317159245
44490.14317159245
44490.14317159245
44490.14317159245
44490.14317159245
44490.14317159245
44490.14317159245
44490.14317159245
44490.14317159245
44490.14317159245
44490.14317159245
44490.14317159245
44490.14317159245
44490.14317159245
44490.14317159245
44490.14317159245
44490.14317159245
44490.14317159245
44490.14317159245
44490.14317159245
44490.14317159245
44490.14317159245
44490.14317159245
44490.14317159245
44490.14317159245
44490.14317159245
44490.14317159245
44490.14317159245
44490.14317159245
44490.14317159245
44490.14317159245
44490.14317159245
44490.14317159245
44091.58549086856
44091.58549086856
44091.58549086856
43896.339751521045
43896.339751521045
43896.339751521045
43896.339751521045
43896.339751521045
43896.339751521045
43896.339751521045
43896.339751521045
43744.466265116396
43744.466265116396
43744.466265116396
43744.466265116396
43744.466265116396
43744.466265116396
43744.466265116396
43658.94050215775
43658.94050215775
43658.94050215775
43658.94050215775
43658.94050215775
43658.94050215775
43658.94050215775
43658.94050215775
43658.94050215775
43658.94050215775
43658.94050215775
43658.94050215775
43658.94050215775
42821.91272359441
42821.91272359441
42821.91272359441
42821.91272359441
42821.91272359441
42821.91272359441
42821.91272359441
42821.91272359441
42821.91272359441
42821.91272359441
42821.91272359441
42821.91272359441
42821.91272359441
42821.91272359441
42821.91272359441
42821.91272359441
42821.91272359441
42821.91272359441
42821.91272359441
42821.91272359441
42821.91272359441
42821.91272359441
42821.91272359441
42821.91272359441
42821.91272359441
42784.76494922291
42784.76494922291
42784.76494922291
42784.76494922291
42784.76494922291
42375.608547207354
42375.608547207354
42375.608547207354
42375.608547207354
42375.608547207354
42375.608547207354
42375.608547207354
42375.608547207354
42375.608547207354
42375.608547207354
42375.608547207354
42375.608547207354
42375.608547207354
42375.608547207354
42375.608547207354
42375.608547207354
42150.23450679981
42150.23450679981
42150.23450679981
42150.23450679981
42150.23450679981
42150.23450679981
42150.23450679981
42150.23450679981
42150.23450679981
42150.23450679981
41818.67612853198
41818.67612853198
41818.67612853198
41818.67612853198
41818.67612853198
41818.67612853198
41818.67612853198
41818.67612853198
41818.67612853198
41818.67612853198
41818.67612853198
41818.67612853198
41818.67612853198
41125.81986096607
41125.81986096607
41125.81986096607
41125.81986096607
41125.81986096607
41125.81986096607
41125.81986096607
41125.81986096607
41125.81986096607
41125.81986096607
41125.81986096607
41125.81986096607
41125.81986096607
41125.81986096607
41125.81986096607
41125.81986096607
41125.81986096607
41125.81986096607
41125.81986096607
41125.81986096607
41125.81986096607
41125.81986096607
41125.81986096607
41125.81986096607
41125.81986096607
41125.81986096607
41125.81986096607
41125.81986096607
41122.00336589377
41122.00336589377
41122.00336589377
41122.00336589377
41122.00336589377
41122.00336589377
41122.00336589377
40872.824851340614
40872.824851340614
40872.824851340614
40872.824851340614
40872.824851340614
40872.824851340614
40872.824851340614
40872.824851340614
40872.824851340614
40872.824851340614
40872.824851340614
40872.824851340614
40872.824851340614
40872.824851340614
40872.824851340614
40872.824851340614
40872.824851340614
40872.824851340614
40872.824851340614
40872.824851340614
40872.824851340614
40872.824851340614
40872.824851340614
40872.824851340614
40872.824851340614
40872.824851340614
40872.824851340614
40872.824851340614
40872.824851340614
40872.824851340614
40872.824851340614
40872.824851340614
40872.824851340614
40872.824851340614
40872.824851340614
40872.824851340614
40872.824851340614
40872.824851340614
40872.824851340614
40872.824851340614
40872.824851340614
40872.824851340614
40872.824851340614
40872.824851340614
40872.824851340614
40872.824851340614
40872.824851340614
40872.824851340614
40872.824851340614
40872.824851340614
40872.824851340614
40872.824851340614
40872.824851340614
40872.824851340614
40872.824851340614
40872.824851340614
40872.824851340614
40872.824851340614
40872.824851340614
40872.824851340614
40640.9928698732
40640.9928698732
40640.9928698732
40640.9928698732
40640.9928698732
40640.9928698732
40640.9928698732
40640.9928698732
40640.9928698732
40640.9928698732
40640.9928698732
40640.9928698732
40640.9928698732
40640.9928698732
40640.9928698732
40640.9928698732
40640.9928698732
40640.9928698732
40640.9928698732
40640.9928698732
40640.9928698732
40640.9928698732
40640.9928698732
40640.9928698732
40640.9928698732
40640.9928698732
40640.9928698732
40640.9928698732
40640.9928698732
39397.82745944058
39397.82745944058
39397.82745944058
39397.82745944058
39397.82745944058
39397.82745944058
39397.82745944058
39397.82745944058
39397.82745944058
39397.82745944058
39397.82745944058
39397.82745944058
39397.82745944058
39397.82745944058
39397.82745944058
39397.82745944058
39397.82745944058
39397.82745944058
39397.82745944058
39397.82745944058
39397.82745944058
39397.82745944058
39397.82745944058
39397.82745944058
39397.82745944058
39397.82745944058
39397.82745944058
39397.82745944058
39397.82745944058
39397.82745944058
39397.82745944058
39397.82745944058
39397.82745944058
39397.82745944058
39397.82745944058
39397.82745944058
39397.82745944058
39397.82745944058
39397.82745944058
39010.3963960029
39010.3963960029
39010.3963960029
39010.3963960029
39010.3963960029
38834.238943206496
38834.238943206496
38834.238943206496
38834.238943206496
38834.238943206496
38834.238943206496
38834.238943206496
38834.238943206496
38834.238943206496
38629.28796169967
38629.28796169967
38629.28796169967
38629.28796169967
38629.28796169967
38629.28796169967
38629.28796169967
38629.28796169967
38629.28796169967
38629.28796169967
38629.28796169967
38629.28796169967
38629.28796169967
38629.28796169967
38629.28796169967
38629.28796169967
38629.28796169967
38629.28796169967
38629.28796169967
38629.28796169967
38629.28796169967
38629.28796169967
38629.28796169967
38629.28796169967
38629.28796169967
38629.28796169967
38629.28796169967
38629.28796169967
38629.28796169967
38629.28796169967
38629.28796169967
38629.28796169967
38629.28796169967
38629.28796169967
38629.28796169967
38629.28796169967
38629.28796169967
38629.28796169967
38629.28796169967
38629.28796169967
38629.28796169967
38629.28796169967
38629.28796169967
38629.28796169967
38629.28796169967
38629.28796169967
38629.28796169967
38629.28796169967
38629.28796169967
38629.28796169967
38629.28796169967
38629.28796169967
38629.28796169967
38629.28796169967
38629.28796169967
38629.28796169967
38629.28796169967
38629.28796169967
38629.28796169967
38629.28796169967
38629.28796169967
38629.28796169967
38629.28796169967
38629.28796169967
38629.28796169967
38629.28796169967
38629.28796169967
38629.28796169967
38629.28796169967
38629.28796169967
38629.28796169967
38629.28796169967
38629.28796169967
38629.28796169967
38629.28796169967
38629.28796169967
38629.28796169967
38629.28796169967
38629.28796169967
38629.28796169967
38629.28796169967
38629.28796169967
38629.28796169967
38629.28796169967
38629.28796169967
38629.28796169967
38629.28796169967
38629.28796169967
38629.28796169967
38629.28796169967
38629.28796169967
38629.28796169967
38167.99462473001
38167.99462473001
38167.99462473001
38167.99462473001
38167.99462473001
38167.99462473001
37707.16075306264
37707.16075306264
37707.16075306264
37707.16075306264
37707.16075306264
37707.16075306264
37707.16075306264
37707.16075306264
37707.16075306264
37707.16075306264
37707.16075306264
37707.16075306264
37707.16075306264
37707.16075306264
37707.16075306264
37707.16075306264
37707.16075306264
37707.16075306264
37707.16075306264
37707.16075306264
37707.16075306264
37256.89580869611
37256.89580869611
37256.89580869611
37256.89580869611
37256.89580869611
37256.89580869611
37256.89580869611
37256.89580869611
37256.89580869611
37256.89580869611
37256.89580869611
37256.89580869611
37256.89580869611
37256.89580869611
37256.89580869611
37256.89580869611
37256.89580869611
37256.89580869611
37256.89580869611
37256.89580869611
37256.89580869611
37256.89580869611
37256.89580869611
37256.89580869611
37256.89580869611
37256.89580869611
37256.89580869611
37256.89580869611
37256.89580869611
37256.89580869611
37256.89580869611
37256.89580869611
37256.89580869611
37256.89580869611
37256.89580869611
37256.89580869611
37256.89580869611
37256.89580869611
37256.89580869611
37256.89580869611
37256.89580869611
37256.89580869611
37256.89580869611
37256.89580869611
37256.89580869611
37256.89580869611
37256.89580869611
37256.89580869611
37256.89580869611
37256.89580869611
37256.89580869611
37256.89580869611
37256.89580869611
37256.89580869611
37256.89580869611
37256.89580869611
37256.89580869611
37256.89580869611
37256.89580869611
37256.89580869611
37256.89580869611
37256.89580869611
37256.89580869611
37256.89580869611
37256.89580869611
37256.89580869611
37256.89580869611
37256.89580869611
37256.89580869611
37256.89580869611
37256.89580869611
37256.89580869611
37256.89580869611
37256.89580869611
37256.89580869611
37256.89580869611
37256.89580869611
37256.89580869611
37256.89580869611
37256.89580869611
37256.89580869611
37256.89580869611
37256.89580869611
37256.89580869611
37256.89580869611
37256.89580869611
37256.89580869611
37256.89580869611
37256.89580869611
37256.89580869611
37256.89580869611
37256.89580869611
37256.89580869611
37256.89580869611
37256.89580869611
37256.89580869611
37256.89580869611
37256.89580869611
37256.89580869611
37256.89580869611
37256.89580869611
37256.89580869611
37256.89580869611
37256.89580869611
37256.89580869611
37256.89580869611
37256.89580869611
37256.89580869611
37256.89580869611
37256.89580869611
37256.89580869611
37256.89580869611
37256.89580869611
37256.89580869611
37169.429586302685
37169.429586302685
37169.429586302685
37169.429586302685
37169.429586302685
37169.429586302685
37169.429586302685
37169.429586302685
37169.429586302685
37169.429586302685
37169.429586302685
37169.429586302685
37169.429586302685
37169.429586302685
37169.429586302685
37169.429586302685
37169.429586302685
37169.429586302685
37169.429586302685
37169.429586302685
37169.429586302685
37169.429586302685
37169.429586302685
37169.429586302685
37169.429586302685
37169.429586302685
37169.429586302685
37169.429586302685
37169.429586302685
37169.429586302685
37169.429586302685
37169.429586302685
37169.429586302685
37169.429586302685
37169.429586302685
37169.429586302685
37169.429586302685
37169.429586302685
37169.429586302685
37169.429586302685
37169.429586302685
37169.429586302685
37169.429586302685
37169.429586302685
37169.429586302685
37169.429586302685
37169.429586302685
37169.429586302685
37169.429586302685
37169.429586302685
37169.429586302685
37169.429586302685
37169.429586302685
36948.554894324465
36948.554894324465
36948.554894324465
36948.554894324465
36948.554894324465
36948.554894324465
36948.554894324465
36948.554894324465
36948.554894324465
36948.554894324465
36948.554894324465
36948.554894324465
36948.554894324465
36948.554894324465
36948.554894324465
36948.554894324465
36948.554894324465
36948.554894324465
36948.554894324465
36948.554894324465
36948.554894324465
36948.554894324465
36948.554894324465
36948.554894324465
36948.554894324465
36948.554894324465
36948.554894324465
36948.554894324465
36948.554894324465
36948.554894324465
36948.554894324465
36948.554894324465
36948.554894324465
36948.554894324465
36948.554894324465
36948.554894324465
36948.554894324465
36948.554894324465
36948.554894324465
36948.554894324465
36948.554894324465
36512.63883784175
36512.63883784175
36512.63883784175
36512.63883784175
36512.63883784175
36512.63883784175
36512.63883784175
36512.63883784175
36512.63883784175
36512.63883784175
36512.63883784175
36512.63883784175
36512.63883784175
36512.63883784175
36512.63883784175
36512.63883784175
36512.63883784175
36512.63883784175
36512.63883784175
36512.63883784175
36512.63883784175
36512.63883784175
36512.63883784175
36512.63883784175
36512.63883784175
36512.63883784175
36512.63883784175
36512.63883784175
36512.63883784175
36512.63883784175
36512.63883784175
36512.63883784175
36512.63883784175
36512.63883784175
36512.63883784175
36512.63883784175
36512.63883784175
36512.63883784175
36512.63883784175
36512.63883784175
36512.63883784175
36512.63883784175
36512.63883784175
36512.63883784175
36512.63883784175
36512.63883784175
36512.63883784175
36512.63883784175
36512.63883784175
36512.63883784175
36512.63883784175
36512.63883784175
36512.63883784175
36512.63883784175
36512.63883784175
36512.63883784175
36512.63883784175
36512.63883784175
36512.63883784175
36512.63883784175
36512.63883784175
36512.63883784175
36512.63883784175
36512.63883784175
36512.63883784175
36512.63883784175
36512.63883784175
36512.63883784175
36512.63883784175
36512.63883784175
36512.63883784175
36512.63883784175
36512.63883784175
36512.63883784175
36512.63883784175
36512.63883784175
36512.63883784175
36512.63883784175
36512.63883784175
36512.63883784175
36512.63883784175
36512.63883784175
36209.587278453575
36209.587278453575
36209.587278453575
36209.587278453575
36209.587278453575
36209.587278453575
36209.587278453575
36209.587278453575
36209.587278453575
36209.587278453575
36209.587278453575
36209.587278453575
36209.587278453575
36209.587278453575
36209.587278453575
35958.03476001386
35958.03476001386
35958.03476001386
35958.03476001386
35958.03476001386
35958.03476001386
35958.03476001386
35958.03476001386
35958.03476001386
35958.03476001386
35958.03476001386
35958.03476001386
35958.03476001386
35958.03476001386
35958.03476001386
35958.03476001386
35958.03476001386
35958.03476001386
35958.03476001386
35958.03476001386
35958.03476001386
35958.03476001386
35958.03476001386
35958.03476001386
35958.03476001386
35958.03476001386
35958.03476001386
35958.03476001386
35958.03476001386
35958.03476001386
35958.03476001386
35958.03476001386
35958.03476001386
35958.03476001386
35958.03476001386
35958.03476001386
35958.03476001386
35958.03476001386
35958.03476001386
35958.03476001386
35958.03476001386
35958.03476001386
35958.03476001386
35958.03476001386
35958.03476001386
35958.03476001386
35958.03476001386
35958.03476001386
35958.03476001386
35958.03476001386
35958.03476001386
35958.03476001386
35958.03476001386
35958.03476001386
35958.03476001386
35958.03476001386
35958.03476001386
35958.03476001386
35958.03476001386
35958.03476001386
35804.92666500542
35804.92666500542
35804.92666500542
35804.92666500542
35804.92666500542
35804.92666500542
35804.92666500542
35804.92666500542
35804.92666500542
35804.92666500542
35804.92666500542
35804.92666500542
35804.92666500542
35804.92666500542
35804.92666500542
35804.92666500542
35804.92666500542
35804.92666500542
35804.92666500542
35804.92666500542
35804.92666500542
35804.92666500542
35804.92666500542
35804.92666500542
35804.92666500542
35804.92666500542
35804.92666500542
35804.92666500542
35804.92666500542
35804.92666500542
35804.92666500542
35804.92666500542
35804.92666500542
35804.92666500542
35804.92666500542
35804.92666500542
35804.92666500542
35804.92666500542
35804.92666500542
35804.92666500542
35804.92666500542
35804.92666500542
35804.92666500542
35804.92666500542
35804.92666500542
35804.92666500542
35804.92666500542
35804.92666500542
35804.92666500542
35804.92666500542
35804.92666500542
35804.92666500542
35804.92666500542
35804.92666500542
35804.92666500542
35804.92666500542
35804.92666500542
35804.92666500542
35804.92666500542
35804.92666500542
35804.92666500542
35804.92666500542
35804.92666500542
35804.92666500542
35804.92666500542
35804.92666500542
35804.92666500542
35804.92666500542
35804.92666500542
35804.92666500542
35804.92666500542
35804.92666500542
35804.92666500542
35804.92666500542
35804.92666500542
35804.92666500542
35804.92666500542
35804.92666500542
35804.92666500542
35435.86121727022
35435.86121727022
35435.86121727022
35435.86121727022
35435.86121727022
35435.86121727022
35435.86121727022
35435.86121727022
35435.86121727022
35435.86121727022
35435.86121727022
35435.86121727022
35435.86121727022
35435.86121727022
35435.86121727022
35435.86121727022
35435.86121727022
35435.86121727022
35435.86121727022
35435.86121727022
35435.86121727022
35435.86121727022
35435.86121727022
35435.86121727022
35435.86121727022
35435.86121727022
35435.86121727022
35435.86121727022
35435.86121727022
35435.86121727022
35435.86121727022
35435.86121727022
35435.86121727022
35435.86121727022
35435.86121727022
35435.86121727022
35435.86121727022
35435.86121727022
35435.86121727022
35435.86121727022
35435.86121727022
35435.86121727022
35435.86121727022
35435.86121727022
35435.86121727022
35435.86121727022
35435.86121727022
35435.86121727022
35435.86121727022
35435.86121727022
35435.86121727022
35435.86121727022
35435.86121727022
35435.86121727022
35435.86121727022
35435.86121727022
35253.44347867094
35253.44347867094
35253.44347867094
35253.44347867094
35253.44347867094
35253.44347867094
35253.44347867094
35253.44347867094
35253.44347867094
35253.44347867094
34646.09593356766
34646.09593356766
34646.09593356766
34646.09593356766
34646.09593356766
34646.09593356766
34646.09593356766
34646.09593356766
34646.09593356766
34646.09593356766
34646.09593356766
34646.09593356766
34646.09593356766
34646.09593356766
34646.09593356766
34646.09593356766
34646.09593356766
34646.09593356766
34646.09593356766
34273.08385124352
34273.08385124352
34273.08385124352
34273.08385124352
34273.08385124352
34273.08385124352
34273.08385124352
34273.08385124352
34273.08385124352
34273.08385124352
34273.08385124352
34273.08385124352
34273.08385124352
34273.08385124352
34273.08385124352
34273.08385124352
34273.08385124352
34273.08385124352
34273.08385124352
34273.08385124352
34273.08385124352
34273.08385124352
34273.08385124352
34273.08385124352
34273.08385124352
34273.08385124352
34273.08385124352
34273.08385124352
34273.08385124352
34273.08385124352
34273.08385124352
34273.08385124352
34273.08385124352
34273.08385124352
34273.08385124352
34273.08385124352
34273.08385124352
34273.08385124352
34273.08385124352
34273.08385124352
34273.08385124352
34273.08385124352
34273.08385124352
34273.08385124352
34273.08385124352
34273.08385124352
34273.08385124352
34273.08385124352
34273.08385124352
34273.08385124352
34273.083851243515
34273.083851243515
34273.083851243515
34273.083851243515
34110.78051230452
34110.78051230452
34110.78051230452
34110.78051230452
34110.78051230452
34110.78051230452
34110.78051230452
34110.78051230452
34110.78051230452
34110.78051230452
34110.78051230452
34110.78051230452
34110.78051230452
34110.78051230452
34110.78051230452
34110.78051230452
34110.78051230452
34110.78051230452
34110.78051230452
34110.78051230452
34110.78051230452
34110.78051230452
34110.78051230452
34110.78051230452
34110.78051230452
34110.78051230452
34110.78051230452
34110.78051230452
34110.78051230452
34110.78051230452
34110.78051230452
34110.78051230452
34110.78051230452
34110.78051230452
34110.78051230452
34110.78051230452
34110.78051230452
34110.78051230452
34110.78051230452
34110.78051230452
34007.66978219014
34007.66978219014
34007.66978219014
34007.66978219014
34007.66978219014
34007.66978219014
34007.66978219014
34007.66978219014
34007.66978219014
34007.66978219014
34007.66978219014
34007.66978219014
34007.66978219014
33996.03846380367
33996.03846380367
33879.491377212966
33879.491377212966
33879.491377212966
33879.491377212966
33879.491377212966
33879.491377212966
33879.491377212966
33879.491377212966
33879.491377212966
33879.491377212966
33879.491377212966
33879.491377212966
33879.491377212966
33879.491377212966
33879.491377212966
33879.491377212966
33879.491377212966
33879.491377212966
33879.491377212966
33879.491377212966
33879.491377212966
33879.491377212966
33879.491377212966
33879.491377212966
33879.491377212966
33879.491377212966
33879.491377212966
33879.491377212966
33879.491377212966
33879.491377212966
33879.491377212966
33879.491377212966
33879.491377212966
33879.491377212966
33829.05594780939
33829.05594780939
33829.05594780939
33829.05594780939
33829.05594780939
33829.05594780939
33829.05594780939
33829.05594780939
33829.05594780939
33829.05594780939
33829.05594780939
33829.05594780939
33829.05594780939
33829.05594780939
33829.05594780939
33829.05594780939
33760.26245933779
33760.26245933779
33760.26245933779
33760.26245933779
33760.26245933779
33760.26245933779
33760.26245933779
33760.26245933779
33760.26245933779
33760.26245933779
33760.26245933779
33760.26245933779
33760.26245933779
33717.41148079855
33717.41148079855
33140.93791385496
33140.93791385496
33140.93791385496
33140.93791385496
33140.93791385496
33140.93791385496
33140.93791385496
33140.93791385496
33140.93791385496
33140.93791385496
33140.93791385496
33140.93791385496
33140.93791385496
33140.93791385496
33140.93791385496
33140.93791385496
33140.93791385496
33140.93791385496
33140.93791385496
33140.93791385496
33140.93791385496
33140.93791385496
33140.93791385496
33140.93791385496
33140.93791385496
33140.93791385496
33140.93791385496
33140.93791385496
33140.93791385496
33140.93791385496
33140.93791385496
33140.93791385496
33140.93791385496
33140.93791385496
33140.93791385496
33140.93791385496
33140.93791385496
33140.93791385496
33140.93791385496
33140.93791385496
33140.93791385496
33140.93791385496
33140.93791385496
33140.93791385496
33140.93791385496
33140.93791385496
33140.93791385496
33140.93791385496
33140.93791385496
33139.43790319939
33139.43790319939
33139.43790319939
33139.43790319939
33139.43790319939
33139.43790319939
33139.43790319939
33139.43790319939
33139.43790319939
33139.43790319939
33139.43790319939
33139.43790319939
33139.43790319939
33082.86511788995
33082.86511788995
33082.86511788995
33082.86511788995
33082.86511788995
33082.86511788995
33082.86511788995
33082.86511788995
33082.86511788995
33082.86511788995
33082.86511788995
33082.86511788995
33082.86511788995
33082.86511788995
33082.86511788995
33082.86511788995
33082.86511788995
33082.86511788995
33082.86511788995
33082.86511788995
33082.86511788995
33082.86511788995
33082.86511788995
33082.86511788995
32938.93796620882
32938.93796620882
32938.93796620882
32938.93796620882
32679.034425673242
32679.034425673242
32679.034425673242
32679.034425673242
32679.034425673242
32679.034425673242
32679.034425673242
32679.034425673242
32679.034425673242
32679.034425673242
32679.034425673242
32679.034425673242
32679.034425673242
32679.034425673242
32679.034425673242
32679.034425673242
32679.034425673242
32679.034425673242
32127.378807351575
32127.378807351575
32127.378807351575
32127.378807351575
32127.378807351575
32127.378807351575
32127.378807351575
32127.378807351575
32127.378807351575
32127.378807351575
32127.378807351575
32127.378807351575
32127.378807351575
32127.378807351575
32127.378807351575
32127.378807351575
32127.378807351575
32127.378807351575
32127.378807351575
32127.378807351575
32127.378807351575
32127.378807351575
32127.378807351575
32127.378807351575
32127.378807351575
32127.378807351575
32127.378807351575
32127.378807351575
32127.378807351575
32127.378807351575
32127.378807351575
32127.378807351575
32127.378807351575
32127.378807351575
32127.378807351575
32127.378807351575
32127.378807351575
32127.378807351575
32127.378807351575
32127.378807351575
32127.378807351575
32127.378807351575
32127.378807351575
32127.378807351575
32127.378807351575
32127.378807351575
32127.378807351575
32127.378807351575
32127.378807351575
32127.378807351575
32127.378807351575
32127.378807351575
32127.378807351575
32127.378807351575
32127.378807351575
32127.378807351575
32127.378807351575
32127.378807351575
32127.378807351575
32127.378807351575
32127.378807351575
32127.378807351575
32127.378807351575
32127.378807351575
32127.378807351575
32127.378807351575
32127.378807351575
32127.378807351575
32127.378807351575
32127.378807351575
32127.378807351575
32127.378807351575
32127.378807351575
32127.378807351575
32127.378807351575
32127.378807351575
32127.378807351575
32127.378807351575
32127.378807351575
32127.378807351575
32127.378807351575
32127.378807351575
32127.378807351575
32127.378807351575
32127.378807351575
32127.378807351575
32127.378807351575
32127.378807351575
32127.378807351575
32127.378807351575
32127.378807351575
32127.378807351575
32127.378807351575
32127.378807351575
32127.378807351575
32127.378807351575
32127.378807351575
32127.378807351575
32127.378807351575
32127.378807351575
32127.378807351575
32127.378807351575
32127.378807351575
32127.378807351575
32127.378807351575
32127.378807351575
32127.378807351575
32127.378807351575
32127.378807351575
32127.378807351575
32127.378807351575
32127.378807351575
32127.378807351575
32127.378807351575
32127.378807351575
32127.378807351575
32127.378807351575
32127.378807351575
32127.378807351575
32127.378807351575
32127.378807351575
32127.378807351575
32127.378807351575
32127.378807351575
32127.378807351575
32127.378807351575
32127.378807351575
32127.378807351575
32127.378807351575
32127.378807351575
32127.378807351575
32127.378807351575
32127.378807351575
Time: 110.17034578323364 seconds 
Best solution: 32127.378807351575 [51, 47, 46, 41, 104, 40, 49, 37, 58, 63, 61, 60, 62, 69, 90, 89, 75, 74, 79, 64, 80, 72, 82, 73, 81, 83, 91, 92, 88, 93, 98, 102, 95, 87, 70, 86, 84, 78, 68, 77, 67, 71, 76, 66, 65, 94, 100, 99, 101, 96, 97, 85, 55, 105, 50, 45, 48, 59, 56, 52, 44, 42, 24, 25, 17, 4, 3, 10, 11, 1, 6, 2, 7, 12, 19, 33, 28, 22, 18, 32, 23, 26, 34, 39, 38, 35, 13, 5, 9, 8, 27, 30, 29, 31, 15, 21, 103, 20, 16, 14, 36, 43, 53, 54, 57]
Avg solution: 47902.824813616404