Alg:2, Run: 0, file: C:\Users\gabri\Documents\AN 3 SEM 2\AI\Lab\Lab3\\lin105.tsp, population number: 1000, generations: 2500 
101743.44911139524
101743.44911139524
101743.44911139524
101743.44911139524
99673.98150903327
99673.98150903327
99673.98150903327
99673.98150903327
99673.98150903327
99673.98150903327
99534.80408608812
97468.85176589363
97468.85176589363
97468.85176589363
97468.85176589363
93320.26702975163
93320.26702975163
93320.26702975163
93320.26702975163
93320.26702975163
88315.09426631578
88315.09426631578
88315.09426631578
88315.09426631578
88315.09426631578
88315.09426631578
88315.09426631578
88315.09426631578
87503.78190253001
87503.78190253001
87503.78190253001
87503.78190253001
87503.78190253001
87503.78190253001
87503.78190253001
87503.78190253001
86404.15678824429
86404.15678824429
86404.15678824429
86404.15678824429
86404.15678824429
86404.15678824429
86404.15678824429
86404.15678824429
86404.15678824429
86404.15678824429
86404.15678824429
86404.15678824429
86404.15678824429
86404.15678824429
86404.15678824429
86404.15678824429
86404.15678824429
86404.15678824429
86404.15678824429
86404.15678824429
86404.15678824429
86404.15678824429
86404.15678824429
86361.1129028134
86361.1129028134
86361.1129028134
86361.1129028134
85694.07595129205
85694.07595129205
83848.16780652263
83848.16780652263
83848.16780652263
83848.16780652263
83848.16780652263
83848.16780652263
83848.16780652263
83848.16780652263
83848.16780652263
83848.16780652263
83534.37970902244
83534.37970902244
83534.37970902244
83534.37970902244
83534.37970902244
83534.37970902244
80685.78769189
80685.78769189
80685.78769189
80685.78769189
80685.78769189
80685.78769189
80685.78769189
80685.78769189
80685.78769189
80685.78769189
80685.78769189
80685.78769189
80685.78769189
80685.78769189
80685.78769189
80685.78769189
80685.78769189
80685.78769189
80685.78769189
80685.78769189
80685.78769189
80685.78769189
80685.78769189
80685.78769189
80685.78769189
80685.78769189
80685.78769189
80685.78769189
80685.78769189
80685.78769189
80685.78769189
80685.78769189
80685.78769189
80685.78769189
80685.78769189
80685.78769189
80685.78769189
80685.78769189
80685.78769189
80685.78769189
80685.78769189
80685.78769189
80685.78769189
80685.78769189
80685.78769189
80685.78769189
80685.78769189
80685.78769189
80685.78769189
80638.20027234686
80638.20027234686
80638.20027234686
77402.51660060934
77402.51660060934
77402.51660060934
77402.51660060934
77402.51660060934
77402.51660060934
77402.51660060934
77402.51660060934
77402.51660060934
77402.51660060934
77402.51660060934
77402.51660060934
77402.51660060934
77402.51660060934
77402.51660060934
77402.51660060934
77402.51660060934
77402.51660060934
77402.51660060934
77402.51660060934
77402.51660060934
77402.51660060934
77402.51660060934
77402.51660060934
77402.51660060934
77402.51660060934
77402.51660060934
77402.51660060934
77402.51660060934
77402.51660060934
77402.51660060934
77402.51660060934
77402.51660060934
77402.51660060934
77402.51660060934
77402.51660060934
77402.51660060934
77402.51660060934
77402.51660060934
77402.51660060934
76367.67750638115
76367.67750638115
76367.67750638115
76367.67750638115
76367.67750638115
76367.67750638115
76367.67750638115
76367.67750638115
76367.67750638115
76367.67750638115
76367.67750638115
76367.67750638115
76367.67750638115
76367.67750638115
76367.67750638115
76367.67750638115
76367.67750638115
76367.67750638115
76367.67750638115
76367.67750638115
74654.71237991007
74654.71237991007
74654.71237991007
74654.71237991007
74654.71237991007
74654.71237991007
74654.71237991007
74654.71237991007
74654.71237991007
74654.71237991007
74654.71237991007
74654.71237991007
74654.71237991007
74654.71237991007
74654.71237991007
74654.71237991007
74654.71237991007
74654.71237991007
74654.71237991007
74654.71237991007
74654.71237991007
74654.71237991007
74654.71237991007
73895.8731435185
73895.8731435185
73895.8731435185
73895.8731435185
73895.8731435185
72790.88187314227
72790.88187314227
72790.88187314227
72790.88187314227
72790.88187314227
72790.88187314227
72790.88187314227
72790.88187314227
72790.88187314227
72790.88187314227
70825.33660820831
70825.33660820831
70825.33660820831
70825.33660820831
70825.33660820831
70825.33660820831
70825.33660820831
70825.33660820831
70825.33660820831
70825.33660820831
70825.33660820831
70825.33660820831
70825.33660820831
70825.33660820831
70825.33660820831
69873.15078276728
69873.15078276728
69873.15078276728
69873.15078276728
69873.15078276728
69873.15078276728
69873.15078276728
69873.15078276728
69873.15078276728
69873.15078276728
69873.15078276728
69873.15078276728
69873.15078276728
69873.15078276728
69873.15078276728
69873.15078276728
69873.15078276728
68977.51094384896
68977.51094384896
68977.51094384896
68977.51094384896
68977.51094384896
68977.51094384896
68977.51094384896
68977.51094384896
68977.51094384896
68977.51094384896
68977.51094384896
68977.51094384896
68977.51094384896
68977.51094384896
68977.51094384896
68977.51094384896
68977.51094384896
68977.51094384896
68977.51094384896
68645.64565460442
68645.64565460442
68645.64565460442
68645.64565460442
68645.64565460442
68645.64565460442
68645.64565460442
68645.64565460442
68645.64565460442
68645.64565460442
68645.64565460442
68645.64565460442
68645.64565460442
68645.64565460442
68645.64565460442
68645.64565460442
68645.64565460442
68645.64565460442
68645.64565460442
68645.64565460442
68645.64565460442
68645.64565460442
68645.64565460442
68645.64565460442
68645.64565460442
68645.64565460442
68645.64565460442
68645.64565460442
68645.64565460442
68645.64565460442
68645.64565460442
68645.64565460442
68645.64565460442
68645.64565460442
68645.64565460442
68645.64565460442
67807.98623302163
67807.98623302163
67807.98623302163
67807.98623302163
67807.98623302163
67807.98623302163
67807.98623302163
66399.8445952297
66399.8445952297
66399.8445952297
66399.8445952297
66399.8445952297
66399.8445952297
66399.8445952297
66399.8445952297
66399.8445952297
66399.8445952297
66399.8445952297
66399.8445952297
66399.8445952297
66399.8445952297
66399.8445952297
66399.8445952297
66399.8445952297
66399.8445952297
66399.8445952297
66399.8445952297
66399.8445952297
66399.8445952297
66399.8445952297
66155.1777186226
66155.1777186226
66155.1777186226
66050.01805798722
66050.01805798722
66050.01805798722
66050.01805798722
66050.01805798722
66050.01805798722
66050.01805798722
66050.01805798722
66050.01805798722
66050.01805798722
65128.136276519246
65128.136276519246
65128.136276519246
65128.136276519246
65128.136276519246
65128.136276519246
65128.136276519246
65128.136276519246
65128.136276519246
65128.136276519246
65128.136276519246
65128.136276519246
65128.136276519246
65128.136276519246
65128.136276519246
65128.136276519246
65128.136276519246
65128.136276519246
65128.136276519246
65128.136276519246
65128.136276519246
65128.136276519246
65128.136276519246
64664.77216269954
64664.77216269954
64664.77216269954
64664.77216269954
64664.77216269954
64664.77216269954
64664.77216269954
64664.77216269954
64664.77216269954
64664.77216269954
64664.77216269954
64664.77216269954
64664.77216269954
64664.77216269954
64664.77216269954
64199.59434611621
64199.59434611621
64199.59434611621
64199.59434611621
64199.59434611621
64199.59434611621
64199.59434611621
64199.59434611621
62128.661981577265
62128.661981577265
62128.661981577265
62128.661981577265
62128.661981577265
62128.661981577265
62128.661981577265
62128.661981577265
62128.661981577265
62128.661981577265
62128.661981577265
62128.661981577265
62128.661981577265
62128.661981577265
62128.661981577265
62128.661981577265
62128.661981577265
62128.661981577265
62020.37321966215
62020.37321966215
62020.37321966215
62020.37321966215
62020.37321966215
62020.37321966215
62020.37321966215
62020.37321966215
62020.37321966215
62020.37321966215
62020.37321966215
62020.37321966215
62020.37321966215
62020.37321966215
62020.37321966215
62020.37321966215
62020.37321966215
62020.37321966215
62020.37321966215
62020.37321966215
62020.37321966215
62020.37321966215
62020.37321966215
62020.37321966215
62020.37321966215
62020.37321966215
62020.37321966215
62020.37321966215
62020.37321966215
62020.37321966215
62020.37321966215
62020.37321966215
62020.37321966215
62020.37321966215
62020.37321966215
62020.37321966215
62020.37321966215
62020.37321966215
62020.37321966215
62020.37321966215
62020.37321966215
62020.37321966215
62020.37321966215
60182.36204695063
60182.36204695063
60182.36204695063
60182.36204695063
60182.36204695063
60182.36204695063
60182.36204695063
60182.36204695063
60182.36204695063
60182.36204695063
60182.36204695063
60182.36204695063
60182.36204695063
60182.36204695063
60182.36204695063
60182.36204695063
60182.36204695063
60182.36204695063
60182.36204695063
60182.36204695063
60182.36204695063
60182.36204695063
60182.36204695063
60182.36204695063
60182.36204695063
59849.21407209128
59849.21407209128
59849.21407209128
59849.21407209128
59849.21407209128
59849.21407209128
59849.21407209128
59849.21407209128
59849.21407209128
59849.21407209128
59849.21407209128
59849.21407209128
59849.21407209128
59849.21407209128
59849.21407209128
59849.21407209128
59849.21407209128
59849.21407209128
59849.21407209128
59849.21407209128
59849.21407209128
59849.21407209128
59849.21407209128
59849.21407209128
59849.21407209128
59849.21407209128
59849.21407209128
59849.21407209128
59215.63008279454
59215.63008279454
59215.63008279454
59215.63008279454
59215.63008279454
59215.63008279454
59215.63008279454
59215.63008279454
59215.63008279454
59215.63008279454
59215.63008279454
59215.63008279454
59215.63008279454
59215.63008279454
59215.63008279454
59215.63008279454
59215.63008279454
59215.63008279454
59215.63008279454
59215.63008279454
58530.42710964984
58530.42710964984
58530.42710964984
58530.42710964984
58530.42710964984
58530.42710964984
58530.42710964984
58530.42710964984
58530.42710964984
58530.42710964984
58530.42710964984
58530.42710964984
58530.42710964984
57235.81674054461
57235.81674054461
57235.81674054461
57235.81674054461
55219.61273056386
55219.61273056386
55219.61273056386
55219.61273056386
55219.61273056386
55219.61273056386
55219.61273056386
55219.61273056386
55219.61273056386
55219.61273056386
55219.61273056386
55219.61273056386
55219.61273056386
55219.61273056386
55219.61273056386
55219.61273056386
55219.61273056386
55219.61273056386
55219.61273056386
55219.61273056386
55219.61273056386
55219.61273056386
55219.61273056386
55219.61273056386
55219.61273056386
55219.61273056386
55219.61273056386
55219.61273056386
55219.61273056386
55219.61273056386
55219.61273056386
55219.61273056386
55219.61273056386
55219.61273056386
55219.61273056386
55219.61273056386
55219.61273056386
55219.61273056386
55219.61273056386
55219.61273056386
55219.61273056386
55219.61273056386
55219.61273056386
55219.61273056386
55219.61273056386
55219.61273056386
55219.61273056386
55219.61273056386
55219.61273056386
55219.61273056386
55219.61273056386
55219.61273056386
55219.61273056386
55219.61273056386
55219.61273056386
55219.61273056386
55219.61273056386
55219.61273056386
55219.61273056386
55219.61273056386
55219.61273056386
55219.61273056386
55219.61273056386
55219.61273056386
55219.61273056386
55219.61273056386
55219.61273056386
55219.61273056386
55219.61273056386
55219.61273056386
55219.61273056386
55219.61273056386
55219.61273056386
55219.61273056386
55219.61273056386
55219.61273056386
55219.61273056386
55219.61273056386
55219.61273056386
55219.61273056386
55219.61273056386
55219.61273056386
55219.61273056386
55219.61273056386
55219.61273056386
55219.61273056386
55219.61273056386
55219.61273056386
55219.61273056386
55219.61273056386
55219.61273056386
55219.61273056386
55219.61273056386
55219.61273056386
55219.61273056386
55219.61273056386
55219.61273056386
55219.61273056386
55219.61273056386
55219.61273056386
55219.61273056386
55219.61273056386
55219.61273056386
55219.61273056386
55219.61273056386
55219.61273056386
55219.61273056386
55219.61273056386
55219.61273056386
55219.61273056386
55219.61273056386
55219.61273056386
55219.61273056386
55219.61273056386
55219.61273056386
55219.61273056386
55219.61273056386
55219.61273056386
55219.61273056386
55219.61273056386
55219.61273056386
55219.61273056386
55219.61273056386
55219.61273056386
55219.61273056386
55219.61273056386
55219.61273056386
55219.61273056386
55219.61273056386
55219.61273056386
55219.61273056386
55219.61273056386
55219.61273056386
55219.61273056386
55219.61273056386
55219.61273056386
55219.61273056386
54280.657202536
54280.657202536
54280.657202536
54280.657202536
54280.657202536
54280.657202536
54280.657202536
54280.657202536
54280.657202536
54280.657202536
54280.657202536
54280.657202536
54280.657202536
54280.657202536
54280.657202536
54280.657202536
54280.657202536
54280.657202536
54280.657202536
54280.657202536
54280.657202536
53651.56354517497
53651.56354517497
53651.56354517497
53651.56354517497
53651.56354517497
53651.56354517497
53651.56354517497
53651.56354517497
53651.56354517497
53651.56354517497
53651.56354517497
53651.56354517497
53651.56354517497
53651.56354517497
53651.56354517497
53651.56354517497
53651.56354517497
53651.56354517497
53651.56354517497
53651.56354517497
53651.56354517497
53651.56354517497
53651.56354517497
53651.56354517497
53651.56354517497
53651.56354517497
53651.56354517497
53651.56354517497
53651.56354517497
53651.56354517497
53651.56354517497
53651.56354517497
53651.56354517497
53651.56354517497
53651.56354517497
52569.843523306874
52569.843523306874
52569.843523306874
52569.843523306874
52569.843523306874
52569.843523306874
52569.843523306874
52569.843523306874
52569.843523306874
52569.843523306874
52569.843523306874
52569.843523306874
52569.843523306874
52569.843523306874
52569.843523306874
52569.843523306874
52569.843523306874
52569.843523306874
52569.843523306874
52569.843523306874
52569.843523306874
52569.843523306874
51261.59195902247
51261.59195902247
51261.59195902247
51261.59195902247
51261.59195902247
51261.59195902247
51261.59195902247
51261.59195902247
51261.59195902247
51261.59195902247
51261.59195902247
51261.59195902247
51261.59195902247
51261.59195902247
51261.59195902247
51261.59195902247
51261.59195902247
51261.59195902247
51261.59195902247
51261.59195902247
51261.59195902247
51261.59195902247
51261.59195902247
51261.59195902247
51261.59195902247
51261.59195902247
51261.59195902247
51261.59195902247
51261.59195902247
51261.59195902247
51261.59195902247
51261.59195902247
51261.59195902247
51261.59195902247
51261.59195902247
51261.59195902247
51261.59195902247
51261.59195902247
51261.59195902247
51261.59195902247
51261.59195902247
51261.59195902247
51261.59195902247
51261.59195902247
51261.59195902247
51261.59195902247
51261.59195902247
51261.59195902247
51261.59195902247
51261.59195902247
51261.59195902247
51261.59195902247
51261.59195902247
51261.59195902247
51261.59195902247
51261.59195902247
51261.59195902247
51261.59195902247
51261.59195902247
51261.59195902247
51261.59195902247
51261.59195902247
51261.59195902247
51242.96973062959
51242.96973062959
51242.96973062959
51242.96973062959
51242.96973062959
51242.96973062959
51242.96973062959
51242.96973062959
51242.96973062959
51242.96973062959
51242.96973062959
51242.96973062959
50462.40220917264
50462.40220917264
50462.40220917264
50462.40220917264
50462.40220917264
50462.40220917264
50462.40220917264
50462.40220917264
50462.40220917264
50462.40220917264
50462.40220917264
50462.40220917264
50249.00934668323
50249.00934668323
50249.00934668323
50249.00934668323
50249.00934668323
50249.00934668323
50249.00934668323
50249.00934668323
50249.00934668323
50249.00934668323
50249.00934668323
50249.00934668323
50249.00934668323
50249.00934668323
50249.00934668323
50249.00934668323
50249.00934668323
50249.00934668323
50249.00934668323
50249.00934668323
50249.00934668323
50249.00934668323
50249.00934668323
50249.00934668323
50249.00934668323
50249.00934668323
49764.84411359507
49764.84411359507
49764.84411359507
49764.84411359507
49764.84411359507
49764.84411359507
49764.84411359507
49764.84411359507
48716.680875640246
48716.680875640246
48716.680875640246
48716.680875640246
48716.680875640246
48716.680875640246
48716.680875640246
48716.680875640246
48716.680875640246
48716.680875640246
48716.680875640246
48716.680875640246
48716.680875640246
48716.680875640246
48716.680875640246
48716.680875640246
48716.680875640246
48716.680875640246
48716.680875640246
48716.680875640246
48716.680875640246
48716.680875640246
48716.680875640246
47693.07595692544
47693.07595692544
47693.07595692544
47693.07595692544
47693.07595692544
47693.07595692544
47693.07595692544
47693.07595692544
47693.07595692544
47693.07595692544
47693.07595692544
47693.07595692544
47693.07595692544
47693.07595692544
47693.07595692544
47693.07595692544
47693.07595692544
47693.07595692544
47693.07595692544
47693.07595692544
47693.07595692544
47693.07595692544
47693.07595692544
47693.07595692544
47693.07595692544
47693.07595692544
47693.07595692544
47693.07595692544
47693.07595692544
47693.07595692544
47693.07595692544
47693.07595692544
47693.07595692544
47693.07595692544
47693.07595692544
47693.07595692544
47693.07595692544
47693.07595692544
47693.07595692544
47693.07595692544
47693.07595692544
47693.07595692544
47693.07595692544
47693.07595692544
47693.07595692544
47693.07595692544
47693.07595692544
47693.07595692544
47693.07595692544
47693.07595692544
47693.07595692544
47693.07595692544
47693.07595692544
47693.07595692544
47693.07595692544
47693.07595692544
47693.07595692544
47693.07595692544
47693.07595692544
47693.07595692544
47693.07595692544
47693.07595692544
47693.07595692544
47693.07595692544
47693.07595692544
47693.07595692544
47693.07595692544
47693.07595692544
47693.07595692544
47693.07595692544
47693.07595692544
47693.07595692544
47693.07595692544
47693.07595692544
47693.07595692544
47693.07595692544
47693.07595692544
47693.07595692544
47693.07595692544
47693.07595692544
47693.07595692544
47693.07595692544
47693.07595692544
46374.07259791345
46374.07259791345
46374.07259791345
46374.07259791345
46374.07259791345
46374.07259791345
46374.07259791345
46374.07259791345
46374.07259791345
46374.07259791345
46374.07259791345
46374.07259791345
46374.07259791345
46374.07259791345
46374.07259791345
46374.07259791345
46374.07259791345
46374.07259791345
46374.07259791345
46374.07259791345
46374.07259791345
46374.07259791345
46374.07259791345
46374.07259791345
46374.07259791345
46374.07259791345
46374.07259791345
46374.07259791345
46374.07259791345
46374.07259791345
46374.07259791345
46374.07259791345
46374.07259791345
46374.07259791345
46374.07259791345
46374.07259791345
46374.07259791345
46374.07259791345
46374.07259791345
46374.07259791345
46343.588488622656
46343.588488622656
46343.588488622656
46343.588488622656
46343.588488622656
46343.588488622656
46343.588488622656
46343.588488622656
46343.588488622656
46343.588488622656
46343.588488622656
46306.47941068664
46306.47941068664
46306.47941068664
46306.47941068664
46306.47941068664
46306.47941068664
46306.47941068664
46306.47941068664
46306.47941068664
46306.47941068664
46306.47941068664
46306.47941068664
46306.47941068664
46306.47941068664
46306.47941068664
46306.47941068664
46306.47941068664
46306.47941068664
46306.47941068664
46306.47941068664
46306.47941068664
46306.47941068664
46306.47941068664
43842.99306779472
43842.99306779472
43842.99306779472
43842.99306779472
43842.99306779472
43842.99306779472
43842.99306779472
43842.99306779472
43842.99306779472
43842.99306779472
43842.99306779472
43842.99306779472
43842.99306779472
43842.99306779472
43842.99306779472
43842.99306779472
43842.99306779472
43842.99306779472
43842.99306779472
43842.99306779472
43842.99306779472
43842.99306779472
43842.99306779472
43842.99306779472
43842.99306779472
43842.99306779472
43842.99306779472
43842.99306779472
43842.99306779472
43842.99306779472
43842.99306779472
43842.99306779472
43842.99306779472
43842.99306779472
43842.99306779472
43842.99306779472
43842.99306779472
43842.99306779472
43842.99306779472
43842.99306779472
43842.99306779472
43842.99306779472
43842.99306779472
43842.99306779472
43842.99306779472
43842.99306779472
43842.99306779472
43842.99306779472
43842.99306779472
43842.99306779472
43842.99306779472
43842.99306779472
43842.99306779472
43842.99306779472
43842.99306779472
43842.99306779472
43842.99306779472
43842.99306779472
43842.99306779472
43842.99306779472
43842.99306779472
43842.99306779472
43842.99306779472
43842.99306779472
43842.99306779472
43842.99306779472
43842.99306779472
43842.99306779472
43842.99306779472
43842.99306779472
43842.99306779472
43842.99306779472
43842.99306779472
43842.99306779472
43842.99306779472
43842.99306779472
43842.99306779472
43842.99306779472
43842.99306779472
43842.99306779472
43842.99306779472
43838.653271878175
43838.653271878175
43838.653271878175
43838.653271878175
43838.653271878175
43838.653271878175
43838.653271878175
43838.653271878175
43838.653271878175
43838.653271878175
43838.653271878175
43838.653271878175
43838.653271878175
43838.653271878175
43838.653271878175
43838.653271878175
43838.653271878175
43838.653271878175
43838.653271878175
43838.653271878175
43838.653271878175
43838.653271878175
43838.653271878175
43838.653271878175
43838.653271878175
43838.653271878175
43838.653271878175
43838.653271878175
43838.653271878175
43784.01356409966
43784.01356409966
43784.01356409966
43784.01356409966
43784.01356409966
43784.01356409966
43784.01356409966
43784.01356409966
41313.23062887745
41313.23062887745
41313.23062887745
41313.23062887745
41313.23062887745
41313.23062887745
41313.23062887745
41313.23062887745
41313.23062887745
41313.23062887745
41313.23062887745
41313.23062887745
41313.23062887745
41313.23062887745
41313.23062887745
41313.23062887745
41313.23062887745
41313.23062887745
41313.23062887745
41313.23062887745
41313.23062887745
41313.23062887745
41313.23062887745
41313.23062887745
41313.23062887745
41313.23062887745
41313.23062887745
41313.23062887745
41313.23062887745
41313.23062887745
41313.23062887745
41313.23062887745
41313.23062887745
41313.23062887745
41313.23062887745
41313.23062887745
41313.23062887745
41313.23062887745
41313.23062887745
41313.23062887745
41313.23062887745
41313.23062887745
41313.23062887745
41313.23062887745
41313.23062887745
41313.23062887745
41313.23062887745
41313.23062887745
41313.23062887745
41313.23062887745
41313.23062887745
41313.23062887745
41313.23062887745
41313.23062887745
41313.23062887745
41313.23062887745
41313.23062887745
41313.23062887745
41313.23062887745
41313.23062887745
41313.23062887745
41313.23062887745
41294.46245901186
41294.46245901186
41294.46245901186
41294.46245901186
41294.46245901186
41008.64214260221
41008.64214260221
41008.64214260221
41008.64214260221
41008.64214260221
41008.64214260221
41008.64214260221
41008.64214260221
41008.64214260221
41008.64214260221
41008.64214260221
41008.64214260221
41008.64214260221
41008.64214260221
41008.64214260221
41008.64214260221
41008.64214260221
41008.64214260221
41008.64214260221
41008.64214260221
41008.64214260221
41008.64214260221
41008.64214260221
41008.64214260221
41008.64214260221
39758.27887491798
39758.27887491798
39758.27887491798
39758.27887491798
39758.27887491798
39758.27887491798
39758.27887491798
39758.27887491798
39758.27887491798
39758.27887491798
39758.27887491798
39758.27887491798
39758.27887491798
39758.27887491798
39758.27887491798
39758.27887491798
39758.27887491798
39758.27887491798
39758.27887491798
39758.27887491798
39758.27887491798
39758.27887491798
39758.27887491798
39758.27887491798
39758.27887491798
39758.27887491798
39758.27887491798
39758.27887491798
39758.27887491798
39758.27887491798
39758.27887491798
39758.27887491798
39758.27887491798
39758.27887491798
39758.27887491798
39758.27887491798
39758.27887491798
39758.27887491798
39758.27887491798
39758.27887491798
39758.27887491798
39758.27887491798
39758.27887491798
39758.27887491798
39758.27887491798
39758.27887491798
39758.27887491798
39758.27887491798
39758.27887491798
39758.27887491798
39758.27887491798
39758.27887491798
39758.27887491798
39758.27887491798
39758.27887491798
39758.27887491798
39758.27887491798
39758.27887491798
39758.27887491798
39758.27887491798
38984.38555665146
38984.38555665146
38984.38555665146
38984.38555665146
38984.38555665146
38984.38555665146
38984.38555665146
38984.38555665146
38984.38555665146
38984.38555665146
38984.38555665146
38984.38555665146
38984.38555665146
38984.38555665146
38984.38555665146
38984.38555665146
38984.38555665146
38984.38555665146
38984.38555665146
38984.38555665146
38984.38555665146
38984.38555665146
38984.38555665146
38984.38555665146
38984.38555665146
38984.38555665146
38984.38555665146
38984.38555665146
38984.38555665146
38984.38555665146
38984.38555665146
38984.38555665146
38984.38555665146
38984.38555665146
38984.38555665146
38984.38555665146
38984.38555665146
38984.38555665146
38984.38555665146
38984.38555665146
38984.38555665146
38984.38555665146
38984.38555665146
38984.38555665146
38984.38555665146
38984.38555665146
38984.38555665146
38984.38555665146
38984.38555665146
38984.38555665146
38984.38555665146
38984.38555665146
38984.38555665146
38984.38555665146
38984.38555665146
38984.38555665146
38984.38555665146
38984.38555665146
38984.38555665146
38984.38555665146
38984.38555665146
38984.38555665146
38984.38555665146
38984.38555665146
38984.38555665146
38984.38555665146
38984.38555665146
38984.38555665146
38984.38555665146
38984.38555665146
38984.38555665146
38984.38555665146
38984.38555665146
38984.38555665146
38984.38555665146
38984.38555665146
38984.38555665146
38984.38555665146
38984.38555665146
38984.38555665146
38984.38555665146
38984.38555665146
38984.38555665146
38984.38555665146
38984.38555665146
38401.36924226767
38401.36924226767
38401.36924226767
38401.36924226767
38401.36924226767
38401.36924226767
38401.36924226767
38401.36924226767
38401.36924226767
38401.36924226767
38401.36924226767
38401.36924226767
38401.36924226767
38401.36924226767
38401.36924226767
38401.36924226767
38401.36924226767
38401.36924226767
38401.36924226767
38401.36924226767
38401.36924226767
37667.89848257348
37667.89848257348
37460.340851983485
37460.340851983485
37460.340851983485
37460.340851983485
37460.340851983485
37460.340851983485
37460.340851983485
37460.340851983485
37460.340851983485
37460.340851983485
37460.340851983485
37460.340851983485
37460.340851983485
37460.340851983485
37460.340851983485
37460.340851983485
37460.340851983485
37460.340851983485
37460.340851983485
37460.340851983485
37460.340851983485
37460.340851983485
37460.340851983485
37460.340851983485
37460.340851983485
37460.340851983485
37460.340851983485
37460.340851983485
37460.340851983485
37460.340851983485
37460.340851983485
37460.340851983485
37460.340851983485
37460.340851983485
37460.340851983485
37460.340851983485
37460.340851983485
37460.340851983485
37460.340851983485
37377.405447590034
37377.405447590034
37377.405447590034
37377.405447590034
37377.405447590034
37377.405447590034
37377.405447590034
37377.405447590034
37377.405447590034
37377.405447590034
37377.405447590034
37377.405447590034
37377.405447590034
37377.405447590034
37377.405447590034
37377.405447590034
37377.405447590034
37377.405447590034
37377.405447590034
37377.405447590034
37377.405447590034
37377.405447590034
37377.405447590034
37377.405447590034
37377.405447590034
37377.405447590034
37377.405447590034
37377.405447590034
37377.405447590034
37377.405447590034
37377.405447590034
37377.405447590034
37377.405447590034
37377.405447590034
37377.405447590034
37377.405447590034
37377.405447590034
37377.405447590034
37377.405447590034
37377.405447590034
37377.405447590034
37377.405447590034
37377.405447590034
37377.405447590034
37377.405447590034
37377.405447590034
37377.405447590034
37377.405447590034
37377.405447590034
37377.405447590034
37377.405447590034
37377.405447590034
37377.405447590034
37377.405447590034
37377.405447590034
37377.405447590034
37377.405447590034
37377.405447590034
37377.405447590034
37377.405447590034
37377.405447590034
37377.405447590034
37377.405447590034
37377.405447590034
37377.405447590034
37377.405447590034
37377.405447590034
37377.405447590034
37377.405447590034
37377.405447590034
37377.405447590034
37377.405447590034
37377.405447590034
37377.405447590034
37377.405447590034
37377.405447590034
37377.405447590034
37377.405447590034
37377.405447590034
37377.405447590034
37377.405447590034
37377.405447590034
37377.405447590034
37377.405447590034
37377.405447590034
37377.405447590034
37377.405447590034
37377.405447590034
37377.405447590034
37377.405447590034
37377.405447590034
37377.405447590034
37377.405447590034
37377.405447590034
37377.405447590034
37377.405447590034
37377.405447590034
37377.405447590034
37089.74502249018
37089.74502249018
37089.74502249018
37089.74502249018
37089.74502249018
37089.74502249018
37089.74502249018
36357.7801089295
36357.7801089295
36357.7801089295
36357.7801089295
36357.7801089295
36357.7801089295
36357.7801089295
36357.7801089295
36357.7801089295
36357.7801089295
36357.7801089295
36357.7801089295
36357.7801089295
36357.7801089295
36357.7801089295
36357.7801089295
36357.7801089295
36357.7801089295
36357.7801089295
36357.7801089295
36357.7801089295
36357.7801089295
36357.7801089295
36357.7801089295
36357.7801089295
36357.7801089295
36357.7801089295
36357.7801089295
36357.7801089295
36357.7801089295
36357.7801089295
36357.7801089295
36357.7801089295
36357.7801089295
36357.7801089295
36357.7801089295
36357.7801089295
36357.7801089295
36357.7801089295
36357.7801089295
36357.7801089295
36357.7801089295
36357.7801089295
36357.7801089295
36357.7801089295
36357.7801089295
35648.65819598984
35648.65819598984
35648.65819598984
35648.65819598984
35648.65819598984
35648.65819598984
35648.65819598984
35648.65819598984
35648.65819598984
35648.65819598984
35648.65819598984
35648.65819598984
35648.65819598984
35648.65819598984
35648.65819598984
35648.65819598984
35648.65819598984
35648.65819598984
35648.65819598984
35648.65819598984
35648.65819598984
35648.65819598984
35648.65819598984
35648.65819598984
35648.65819598984
35648.65819598984
35648.65819598984
35648.65819598984
35648.65819598984
35648.65819598984
35648.65819598984
35648.65819598984
35648.65819598984
35648.65819598984
35648.65819598984
35648.65819598984
35648.65819598984
35648.65819598984
35648.65819598984
35648.65819598984
35648.65819598984
35648.65819598984
35648.65819598984
35648.65819598984
35648.65819598984
35648.65819598984
35648.65819598984
35648.65819598984
35648.65819598984
35648.65819598984
35648.65819598984
35648.65819598984
35648.65819598984
35648.65819598984
35648.65819598984
35648.65819598984
35648.65819598984
35648.65819598984
35648.65819598984
35648.65819598984
35648.65819598984
35648.65819598984
35648.65819598984
35648.65819598984
35259.54559278193
35259.54559278193
35259.54559278193
35259.54559278193
35259.54559278193
35259.54559278193
35259.54559278193
35259.54559278193
35259.54559278193
35259.54559278193
35259.54559278193
35259.54559278193
35259.54559278193
35259.54559278193
35259.54559278193
35259.54559278193
35259.54559278193
35259.54559278193
35259.54559278193
35259.54559278193
35259.54559278193
35259.54559278193
35259.54559278193
35259.54559278193
35259.54559278193
35259.54559278193
35259.54559278193
35259.54559278193
35259.54559278193
35259.54559278193
35259.54559278193
35259.54559278193
35259.54559278193
35259.54559278193
35259.54559278193
35259.54559278193
35259.54559278193
35259.54559278193
35259.54559278193
35259.54559278193
35259.54559278193
35259.54559278193
35259.54559278193
35259.54559278193
35259.54559278193
35259.54559278193
35259.54559278193
35259.54559278193
35259.54559278193
35259.54559278193
35259.54559278193
35259.54559278193
35259.54559278193
35259.54559278193
35259.54559278193
35259.54559278193
35259.54559278193
35259.54559278193
35259.54559278193
35259.54559278193
35259.54559278193
35259.54559278193
35259.54559278193
35259.54559278193
35259.54559278193
35259.54559278193
35227.67655906437
35227.67655906437
35227.67655906437
35227.67655906437
35227.67655906437
35227.67655906437
35227.67655906437
35227.67655906437
35227.67655906437
35227.67655906437
35227.67655906437
35227.67655906437
35227.67655906437
35227.67655906437
35227.67655906437
35227.67655906437
35227.67655906437
35227.67655906437
35227.67655906437
35227.67655906437
35227.67655906437
35227.67655906437
35227.67655906437
35092.25184162853
35092.25184162853
35092.25184162853
35092.25184162853
35092.25184162853
35092.25184162853
35092.25184162853
35092.25184162853
35092.25184162853
35092.25184162853
35092.25184162853
35092.25184162853
35092.25184162853
35092.25184162853
35092.25184162853
35092.25184162853
35092.25184162853
35092.25184162853
35092.25184162853
35092.25184162853
35092.25184162853
35092.25184162853
35088.74688663225
35088.74688663225
35088.74688663225
35088.74688663225
35088.74688663225
35088.74688663225
35088.74688663225
35088.74688663225
35076.32913358279
35076.32913358279
35076.32913358279
35076.32913358279
35076.32913358279
35076.32913358279
35076.32913358279
35076.32913358279
35076.32913358279
35076.32913358279
35076.32913358279
35076.32913358279
35076.32913358279
35076.32913358279
35076.32913358279
35076.32913358279
35076.32913358279
34691.38789937897
34691.38789937897
34691.38789937897
34691.38789937897
34691.38789937897
34691.38789937897
34691.38789937897
34691.38789937897
34691.38789937897
34691.38789937897
34691.38789937897
34691.38789937897
34691.38789937897
34691.38789937897
34691.38789937897
34691.38789937897
34691.38789937897
34691.38789937897
34691.38789937897
34691.38789937897
34691.38789937897
34691.38789937897
33543.729114069414
33543.729114069414
33543.729114069414
33543.729114069414
33543.729114069414
33543.729114069414
33543.729114069414
33543.729114069414
33543.729114069414
33543.729114069414
33543.729114069414
33543.729114069414
33543.729114069414
33543.729114069414
33543.729114069414
33543.729114069414
33543.729114069414
33543.729114069414
33543.729114069414
33543.729114069414
33543.729114069414
33543.729114069414
33543.729114069414
33543.729114069414
33543.729114069414
33543.729114069414
33543.729114069414
33543.729114069414
33543.729114069414
33543.729114069414
33543.729114069414
33543.729114069414
33543.729114069414
33543.729114069414
33543.729114069414
33543.729114069414
33543.729114069414
33543.729114069414
33543.729114069414
33543.729114069414
33543.729114069414
33543.729114069414
33543.729114069414
33543.729114069414
33543.729114069414
33543.729114069414
33543.729114069414
33543.729114069414
33543.729114069414
33543.729114069414
33543.729114069414
33543.729114069414
33543.729114069414
33543.729114069414
33543.729114069414
33543.729114069414
33543.729114069414
33543.729114069414
33543.729114069414
33543.729114069414
33543.729114069414
33543.729114069414
33543.729114069414
33543.729114069414
33543.729114069414
33543.729114069414
33543.729114069414
33543.729114069414
33543.729114069414
33543.729114069414
33543.729114069414
33543.729114069414
33543.729114069414
33543.729114069414
33543.729114069414
33543.729114069414
33543.729114069414
33543.729114069414
33543.729114069414
33543.729114069414
33543.729114069414
33543.729114069414
33543.729114069414
33543.729114069414
33543.729114069414
33543.729114069414
33543.729114069414
33543.729114069414
33543.729114069414
33543.729114069414
33543.729114069414
33543.729114069414
33543.729114069414
33543.729114069414
33543.729114069414
33543.729114069414
33543.729114069414
33543.729114069414
33543.729114069414
33543.729114069414
33543.729114069414
33543.729114069414
33543.729114069414
33248.310926505554
33248.310926505554
33248.310926505554
33248.310926505554
33248.310926505554
33248.310926505554
33248.310926505554
33248.310926505554
33248.310926505554
33248.310926505554
33248.310926505554
33248.310926505554
33248.310926505554
33248.310926505554
33248.310926505554
33248.310926505554
33248.310926505554
33248.310926505554
33248.310926505554
33248.310926505554
33248.310926505554
33248.310926505554
33248.310926505554
33248.310926505554
33248.310926505554
33248.310926505554
33248.310926505554
33248.310926505554
33248.310926505554
33248.310926505554
33248.310926505554
33248.310926505554
33248.310926505554
33248.310926505554
33248.310926505554
33248.310926505554
33248.310926505554
33248.310926505554
33248.310926505554
33248.310926505554
33248.310926505554
33248.310926505554
33248.310926505554
33248.310926505554
33248.310926505554
33248.310926505554
33248.310926505554
33248.310926505554
33248.310926505554
33248.310926505554
33248.310926505554
33248.310926505554
33248.310926505554
33248.310926505554
33248.310926505554
33248.310926505554
33248.310926505554
33248.310926505554
33248.310926505554
33248.310926505554
33248.310926505554
33248.310926505554
33248.310926505554
33248.310926505554
33248.310926505554
33248.310926505554
33248.310926505554
33248.310926505554
33248.310926505554
33248.310926505554
33248.310926505554
33248.310926505554
33248.310926505554
33248.310926505554
33248.310926505554
33248.310926505554
33248.310926505554
33248.310926505554
33248.310926505554
33248.310926505554
33248.310926505554
33248.310926505554
32643.013271537973
32643.013271537973
32643.013271537973
32643.013271537973
32643.013271537973
32643.013271537973
32643.013271537973
32643.013271537973
32643.013271537973
32643.013271537973
32643.013271537973
32643.013271537973
32643.013271537973
32643.013271537973
32643.013271537973
32643.013271537973
32643.013271537973
32643.013271537973
32643.013271537973
32643.013271537973
32643.013271537973
32643.013271537973
32643.013271537973
32643.013271537973
32643.013271537973
32643.013271537973
32643.013271537973
32643.013271537973
32643.013271537973
32643.013271537973
32643.013271537973
32643.013271537973
32643.013271537973
32643.013271537973
32643.013271537973
32643.013271537973
32643.013271537973
32643.013271537973
32643.013271537973
32643.013271537973
32643.013271537973
32643.013271537973
32643.013271537973
32643.013271537973
32643.013271537973
32643.013271537973
32643.013271537973
32643.013271537973
32643.013271537973
32643.013271537973
32643.013271537973
32643.013271537973
32643.013271537973
32643.013271537973
32643.013271537973
32643.013271537973
32643.013271537973
32643.013271537973
32643.013271537973
32643.013271537973
32643.013271537973
32643.013271537973
32643.013271537973
32643.013271537973
32643.013271537973
32643.013271537973
32643.013271537973
32643.013271537973
32643.013271537973
32643.013271537973
32643.013271537973
32643.013271537973
32643.013271537973
32643.013271537973
32643.013271537973
32643.013271537973
32643.013271537973
32643.013271537973
32245.001005460686
32245.001005460686
32245.001005460686
32245.001005460686
32245.001005460686
32245.001005460686
32245.001005460686
32245.001005460686
32245.001005460686
32245.001005460686
32245.001005460686
32245.001005460686
32245.001005460686
32245.001005460686
32245.001005460686
32245.001005460686
32245.001005460686
32245.001005460686
32245.001005460686
32245.001005460686
32245.001005460686
32245.001005460686
32245.001005460686
32245.001005460686
32245.001005460686
32245.001005460686
32245.001005460686
32245.001005460686
32245.001005460686
32245.001005460686
32245.001005460686
32245.001005460686
31736.387766494
31736.387766494
31736.387766494
31736.387766494
31736.387766494
31736.387766494
31736.387766494
31736.387766494
31736.387766494
31736.387766494
31736.387766494
31736.387766494
31736.387766494
31736.387766494
31736.387766494
31736.387766494
31736.387766494
31736.387766494
31736.387766494
31453.564701003426
31453.564701003426
31453.564701003426
31453.564701003426
31453.564701003426
31453.564701003426
31453.564701003426
31453.564701003426
31453.564701003426
31453.564701003426
31453.564701003426
31453.564701003426
31453.564701003426
31453.564701003426
31453.564701003426
31453.564701003426
31453.564701003426
31174.6158032831
31174.6158032831
31174.6158032831
31174.6158032831
31174.6158032831
31174.6158032831
31174.6158032831
31174.6158032831
31174.6158032831
31174.6158032831
31174.6158032831
31174.6158032831
31174.6158032831
31174.6158032831
31174.6158032831
31174.6158032831
31174.6158032831
31174.6158032831
31174.6158032831
31174.6158032831
31174.6158032831
31174.6158032831
31174.6158032831
31174.6158032831
31174.6158032831
31174.6158032831
31174.6158032831
31174.6158032831
31174.6158032831
31174.6158032831
31174.6158032831
31174.6158032831
31174.6158032831
31174.6158032831
31174.6158032831
31174.6158032831
31174.6158032831
31174.6158032831
31174.6158032831
31174.6158032831
31174.6158032831
31174.6158032831
31174.6158032831
31174.6158032831
31174.6158032831
31174.6158032831
31174.6158032831
31174.6158032831
31174.6158032831
31174.6158032831
31174.6158032831
31174.6158032831
31174.6158032831
31174.6158032831
31174.6158032831
31174.6158032831
31174.6158032831
31174.6158032831
31174.6158032831
31174.6158032831
31174.6158032831
31174.6158032831
31174.6158032831
31174.6158032831
31174.6158032831
31174.6158032831
31174.6158032831
31174.6158032831
31174.6158032831
31174.6158032831
31174.6158032831
31174.6158032831
31174.6158032831
31174.6158032831
31174.6158032831
31174.6158032831
31174.6158032831
31174.6158032831
31174.6158032831
31174.6158032831
31174.6158032831
31174.6158032831
31174.6158032831
31174.6158032831
31174.6158032831
31174.6158032831
31174.6158032831
31174.6158032831
31174.6158032831
31174.6158032831
31174.6158032831
31174.6158032831
31174.6158032831
31174.6158032831
31174.6158032831
31174.6158032831
31174.6158032831
31174.6158032831
31174.6158032831
31174.6158032831
31174.6158032831
31174.6158032831
31174.6158032831
31174.6158032831
31174.6158032831
31174.6158032831
31174.6158032831
31174.6158032831
31174.6158032831
31174.6158032831
31174.6158032831
31174.6158032831
31174.6158032831
31174.6158032831
31174.6158032831
31174.6158032831
31174.6158032831
31174.6158032831
31174.6158032831
31174.6158032831
31174.6158032831
31174.6158032831
30531.353059610985
30531.353059610985
30531.353059610985
30531.353059610985
30531.353059610985
30531.353059610985
30531.353059610985
30531.353059610985
30531.353059610985
30531.353059610985
30531.353059610985
30531.353059610985
30531.353059610985
30531.353059610985
30531.353059610985
30531.353059610985
30531.353059610985
30531.353059610985
30531.353059610985
30531.353059610985
30266.595746240706
30266.595746240706
30266.595746240706
30266.595746240706
30266.595746240706
30266.595746240706
30266.595746240706
30266.595746240706
30266.595746240706
30266.595746240706
30266.595746240706
30266.595746240706
30266.595746240706
30266.595746240706
30266.595746240706
30266.595746240706
30266.595746240706
30266.595746240706
30266.595746240706
30266.595746240706
30266.595746240706
30266.595746240706
30266.595746240706
30266.595746240706
30266.595746240706
30266.595746240706
30266.595746240706
30266.595746240706
30266.595746240706
30266.595746240706
30266.595746240706
30266.595746240706
30266.595746240706
30266.595746240706
30266.595746240706
30266.595746240706
30266.595746240706
30266.595746240706
30266.595746240706
30266.595746240706
30266.595746240706
30266.595746240706
30266.595746240706
30266.595746240706
30266.595746240706
30266.595746240706
30266.595746240706
30266.595746240706
30266.595746240706
30266.595746240706
30266.595746240706
30266.595746240706
30266.595746240706
30266.595746240706
30266.595746240706
30266.595746240706
30266.595746240706
30266.595746240706
30266.595746240706
30266.595746240706
30266.595746240706
30266.595746240706
30248.024009837456
30248.024009837456
30248.024009837456
30248.024009837456
30248.024009837456
30248.024009837456
30248.024009837456
30248.024009837456
30248.024009837456
30248.024009837456
30248.024009837456
30248.024009837456
30248.024009837456
30248.024009837456
30248.024009837456
30248.024009837456
30248.024009837456
30248.024009837456
30248.024009837456
30248.024009837456
30248.024009837456
30248.024009837456
30248.024009837456
30248.024009837456
30248.024009837456
30248.024009837456
30248.024009837456
30248.024009837456
30248.024009837456
30248.024009837456
30248.024009837456
30248.024009837456
30248.024009837456
30248.024009837456
30248.024009837456
30248.024009837456
30248.024009837456
30248.024009837456
30248.024009837456
30248.024009837456
30248.024009837456
30248.024009837456
30248.024009837456
30248.024009837456
30248.024009837456
30248.024009837456
30248.024009837456
30248.024009837456
30248.024009837456
30248.024009837456
30248.024009837456
30248.024009837456
30248.024009837456
30248.024009837456
30248.024009837456
30248.024009837456
30248.024009837456
30248.024009837456
30248.024009837456
30248.024009837456
30248.024009837456
30248.024009837456
30248.024009837456
30248.024009837456
30248.024009837456
30248.024009837456
30248.024009837456
30248.024009837456
30248.024009837456
30248.024009837456
30248.024009837456
30248.024009837456
30248.024009837456
30248.024009837456
30248.024009837456
30248.024009837456
30248.024009837456
30248.024009837456
30248.024009837456
30248.024009837456
30248.024009837456
30248.024009837456
30248.024009837456
30248.024009837456
30248.024009837456
30248.024009837456
30248.024009837456
30248.024009837456
30248.024009837456
30248.024009837456
30248.024009837456
30248.024009837456
30248.024009837456
30248.024009837456
30248.024009837456
30248.024009837456
30248.024009837456
30248.024009837456
30248.024009837456
30248.024009837456
30248.024009837456
Time: 136.83170437812805 seconds 
Best solution: 30248.024009837456 [50, 56, 104, 52, 53, 57, 54, 49, 59, 55, 47, 62, 64, 67, 70, 75, 63, 81, 80, 98, 90, 99, 100, 94, 95, 89, 74, 72, 77, 68, 71, 82, 93, 97, 92, 102, 101, 96, 91, 69, 73, 76, 86, 83, 78, 85, 84, 79, 66, 87, 88, 65, 60, 61, 35, 34, 33, 103, 19, 27, 24, 17, 26, 21, 32, 30, 29, 12, 28, 16, 9, 8, 3, 13, 1, 36, 4, 11, 20, 18, 2, 5, 38, 22, 10, 23, 7, 37, 6, 25, 15, 31, 14, 39, 46, 43, 40, 105, 42, 41, 44, 58, 51, 48, 45]
Avg solution: 46775.26916159787