Alg:2, Run: 8, file: C:\Users\gabri\Documents\AN 3 SEM 2\AI\Lab\Lab3\\lin105.tsp, population number: 1000, generations: 500 
100610.74568685456
100610.74568685456
100610.74568685456
97669.8216325437
97669.8216325437
97669.8216325437
97669.8216325437
97669.8216325437
97581.53115134858
97581.53115134858
97581.53115134858
97581.53115134858
95328.0355751685
95328.0355751685
95328.0355751685
95328.0355751685
95309.5221155725
94833.79147397667
94833.79147397667
94833.79147397667
94833.79147397667
89764.49790425465
89764.49790425465
89764.49790425465
89764.49790425465
89764.49790425465
89764.49790425465
89764.49790425465
89764.49790425465
89764.49790425465
89764.49790425465
89764.49790425465
89764.49790425465
89764.49790425465
89764.49790425465
89764.49790425465
89764.49790425465
88832.25731331007
87791.20304838545
87791.20304838545
87791.20304838545
87791.20304838545
87791.20304838545
87791.20304838545
87791.20304838545
87791.20304838545
87791.20304838545
87791.20304838545
87791.20304838545
87791.20304838545
87791.20304838545
87791.20304838545
87458.89839142298
87458.89839142298
87458.89839142298
87458.89839142298
87458.89839142298
87458.89839142298
87458.89839142298
87432.23170090349
87432.23170090349
85372.0396245265
85372.0396245265
85372.0396245265
85372.0396245265
85372.0396245265
85372.0396245265
85372.0396245265
85372.0396245265
85372.0396245265
85372.0396245265
85372.0396245265
85372.0396245265
85372.0396245265
85372.0396245265
85372.0396245265
85372.0396245265
85372.0396245265
85372.0396245265
85372.0396245265
85372.0396245265
85372.0396245265
85372.0396245265
79736.7801628591
79736.7801628591
79736.7801628591
79736.7801628591
79736.7801628591
79736.7801628591
79736.7801628591
79736.7801628591
79736.7801628591
79736.7801628591
79736.7801628591
79736.7801628591
79736.7801628591
79736.7801628591
79736.7801628591
79736.7801628591
78805.51325761486
78805.51325761486
78805.51325761486
78805.51325761486
78805.51325761486
78805.51325761486
78805.51325761486
78805.51325761486
78805.51325761486
78805.51325761486
78805.51325761486
78805.51325761486
78805.51325761486
78805.51325761486
78805.51325761486
78805.51325761486
78805.51325761486
78805.51325761486
78805.51325761486
78805.51325761486
78805.51325761486
78805.51325761486
78805.51325761486
78805.51325761486
77080.64292171145
77080.64292171145
77080.64292171145
77080.64292171145
77080.64292171145
77080.64292171145
77080.64292171145
77080.64292171145
77080.64292171145
77080.64292171145
77080.64292171145
77080.64292171145
77080.64292171145
77080.64292171145
77080.64292171145
77080.64292171145
77080.64292171145
77080.64292171145
77080.64292171145
77080.64292171145
77080.64292171145
77080.64292171145
77080.64292171145
77080.64292171145
77080.64292171145
77080.64292171145
77080.64292171145
77080.64292171145
77080.64292171145
77080.64292171145
77080.64292171145
77080.64292171145
77080.64292171145
77080.64292171145
77080.64292171145
77080.64292171145
77080.64292171145
77080.64292171145
77080.64292171145
77080.64292171145
77080.64292171145
77080.64292171145
77080.64292171145
77080.64292171145
77080.64292171145
77080.64292171145
77030.55660774233
77030.55660774233
74255.91693901994
74255.91693901994
74255.91693901994
74255.91693901994
74255.91693901994
74255.91693901994
74255.91693901994
74255.91693901994
74255.91693901994
74255.91693901994
74255.91693901994
74255.91693901994
74255.91693901994
74255.91693901994
74255.91693901994
74255.91693901994
74255.91693901994
74255.91693901994
72087.29441852914
72087.29441852914
72087.29441852914
72087.29441852914
72087.29441852914
72087.29441852914
72087.29441852914
72087.29441852914
72087.29441852914
72087.29441852914
72087.29441852914
72087.29441852914
72087.29441852914
71988.37828074423
71988.37828074423
71988.37828074423
71988.37828074423
71988.37828074423
71988.37828074423
71988.37828074423
71988.37828074423
71988.37828074423
71988.37828074423
71988.37828074423
71988.37828074423
71988.37828074423
71988.37828074423
71988.37828074423
71988.37828074423
71988.37828074423
71988.37828074423
71988.37828074423
71988.37828074423
71988.37828074423
71988.37828074423
71988.37828074423
71988.37828074423
71988.37828074423
71988.37828074423
71988.37828074423
71988.37828074423
71988.37828074423
71918.80410815358
71918.80410815358
71918.80410815358
71918.80410815358
71918.80410815358
71918.80410815358
71918.80410815358
71918.80410815358
71918.80410815358
71918.80410815358
71918.80410815358
71918.80410815358
71208.67989604134
71208.67989604134
71208.67989604134
71208.67989604134
71208.67989604134
71208.67989604134
71208.67989604134
71208.67989604134
71208.67989604134
71208.67989604134
71208.67989604134
71208.67989604134
71208.67989604134
71208.67989604134
71208.67989604134
71208.67989604134
71208.67989604134
71208.67989604134
70394.06557256973
68978.34412274724
68978.34412274724
68978.34412274724
68978.34412274724
68978.34412274724
68978.34412274724
68978.34412274724
68978.34412274724
68978.34412274724
68978.34412274724
68978.34412274724
68978.34412274724
68978.34412274724
68978.34412274724
68978.34412274724
68978.34412274724
68978.34412274724
68978.34412274724
68978.34412274724
68978.34412274724
68978.34412274724
68978.34412274724
68978.34412274724
68978.34412274724
68978.34412274724
68978.34412274724
68978.34412274724
68978.34412274724
68978.34412274724
68978.34412274724
68978.34412274724
68978.34412274724
63385.691252840086
63385.691252840086
63385.691252840086
63385.691252840086
63385.691252840086
63385.691252840086
63385.691252840086
63385.691252840086
63385.691252840086
63385.691252840086
63385.691252840086
63385.691252840086
63385.691252840086
63385.691252840086
63385.691252840086
63385.691252840086
63385.691252840086
63385.691252840086
63385.691252840086
63385.691252840086
63385.691252840086
63385.691252840086
63385.691252840086
63385.691252840086
63385.691252840086
63385.691252840086
63385.691252840086
63385.691252840086
63385.691252840086
63385.691252840086
63385.691252840086
63385.691252840086
63385.691252840086
63385.691252840086
63385.691252840086
63385.691252840086
63385.691252840086
63385.691252840086
63385.691252840086
63385.691252840086
63385.691252840086
63385.691252840086
63385.691252840086
63385.691252840086
63385.691252840086
63385.691252840086
63385.691252840086
63385.691252840086
63385.691252840086
63385.691252840086
63385.691252840086
63385.691252840086
63385.691252840086
63385.691252840086
63385.691252840086
63385.691252840086
63385.691252840086
63385.691252840086
63385.691252840086
63385.691252840086
63385.691252840086
63385.691252840086
63385.691252840086
63385.691252840086
63385.691252840086
63385.691252840086
63385.691252840086
63385.691252840086
63385.691252840086
63385.691252840086
63385.691252840086
63385.691252840086
63385.691252840086
63385.691252840086
63385.691252840086
63385.691252840086
63385.691252840086
63385.691252840086
63385.691252840086
63385.691252840086
63385.691252840086
63385.691252840086
63385.691252840086
63385.691252840086
63385.691252840086
63385.691252840086
63385.691252840086
63385.691252840086
63385.691252840086
63385.691252840086
63385.691252840086
63385.691252840086
63385.691252840086
63385.691252840086
63385.691252840086
63385.691252840086
63385.691252840086
63385.691252840086
63385.691252840086
63385.691252840086
63385.691252840086
63385.691252840086
63385.691252840086
63385.691252840086
63385.691252840086
63385.691252840086
63385.691252840086
62197.90766759835
62197.90766759835
62197.90766759835
62197.90766759835
62197.90766759835
62197.90766759835
62197.90766759835
62197.90766759835
62197.90766759835
62197.90766759835
62197.90766759835
62197.90766759835
62197.90766759835
62197.90766759835
62197.90766759835
62197.90766759835
62197.90766759835
62197.90766759835
62197.90766759835
62197.90766759835
62197.90766759835
61520.81394670325
61520.81394670325
61520.81394670325
61520.81394670325
61520.81394670325
61520.81394670325
61520.81394670325
61520.81394670325
61520.81394670325
61520.81394670325
61520.81394670325
61520.81394670325
61520.81394670325
61520.81394670325
61520.81394670325
61520.81394670325
61363.14494193597
61363.14494193597
61363.14494193597
61363.14494193597
61363.14494193597
61363.14494193597
61363.14494193597
61363.14494193597
61363.14494193597
61363.14494193597
61363.14494193597
61363.14494193597
61363.14494193597
61363.14494193597
61363.14494193597
61363.14494193597
61363.14494193597
61363.14494193597
61363.14494193597
61363.14494193597
61363.14494193597
61363.14494193597
61363.14494193597
61363.14494193597
61363.14494193597
61363.14494193597
60002.077960540024
60002.077960540024
60002.077960540024
60002.077960540024
60002.077960540024
60002.077960540024
60002.077960540024
60002.077960540024
60002.077960540024
60002.077960540024
60002.077960540024
60002.077960540024
60002.077960540024
60002.077960540024
60002.077960540024
60002.077960540024
60002.077960540024
60002.077960540024
60002.077960540024
60002.077960540024
60002.077960540024
60002.077960540024
60002.077960540024
60002.077960540024
60002.077960540024
60002.077960540024
60002.077960540024
60002.077960540024
60002.077960540024
60002.077960540024
59569.882243602784
59569.882243602784
59569.882243602784
59569.882243602784
59569.882243602784
59569.882243602784
Time: 21.997262716293335 seconds 
Best solution: 59569.882243602784 [63, 80, 86, 95, 94, 77, 93, 89, 81, 68, 67, 75, 79, 98, 101, 92, 83, 90, 91, 97, 96, 102, 78, 100, 38, 33, 60, 42, 1, 20, 3, 8, 25, 26, 51, 55, 76, 56, 44, 58, 53, 21, 70, 48, 41, 6, 29, 28, 66, 46, 32, 62, 105, 30, 88, 10, 103, 27, 31, 43, 47, 45, 15, 23, 22, 69, 19, 49, 52, 34, 39, 37, 36, 24, 35, 9, 14, 5, 4, 13, 7, 17, 18, 2, 11, 12, 16, 104, 40, 50, 64, 82, 99, 87, 65, 54, 73, 85, 61, 59, 57, 74, 71, 84, 72]
Avg solution: 71864.65439056886