Alg:2, Run: 0, file: C:\Users\gabri\Documents\AN 3 SEM 2\AI\Lab\Lab3\\lin105.tsp, population number: 1000, generations: 500 
103231.35572676692
103231.35572676692
100492.96525272446
100492.96525272446
100492.96525272446
100492.96525272446
99106.30370837823
97378.46771994031
97378.46771994031
97378.46771994031
97378.46771994031
93877.89133608674
93877.89133608674
93877.89133608674
93877.89133608674
93877.89133608674
93877.89133608674
93877.89133608674
93877.89133608674
93877.89133608674
93877.89133608674
93877.89133608674
93299.13097594965
93299.13097594965
92373.82927892532
92373.82927892532
92373.82927892532
92373.82927892532
92373.82927892532
92373.82927892532
92373.82927892532
92373.82927892532
92373.82927892532
90868.42734866598
90868.42734866598
90868.42734866598
90868.42734866598
90868.42734866598
87238.4667440289
87238.4667440289
87095.89778861417
87095.89778861417
87095.89778861417
87095.89778861417
87095.89778861417
87095.89778861417
87095.89778861417
87095.89778861417
87095.89778861417
87095.89778861417
87095.89778861417
87095.89778861417
87095.89778861417
87095.89778861417
87095.89778861417
87095.89778861417
87095.89778861417
87095.89778861417
87095.89778861417
87095.89778861417
87095.89778861417
87095.89778861417
87095.89778861417
87095.89778861417
87095.89778861417
86784.50636327692
85315.99925485328
85315.99925485328
85315.99925485328
85315.99925485328
85315.99925485328
85315.99925485328
85315.99925485328
85315.99925485328
85315.99925485328
85315.99925485328
85315.99925485328
85315.99925485328
85315.99925485328
85315.99925485328
85315.99925485328
85315.99925485328
85315.99925485328
85315.99925485328
85261.68649481723
85261.68649481723
85260.27697341485
85260.27697341485
85260.27697341485
85260.27697341485
85260.27697341485
85260.27697341485
85260.27697341485
85071.0615379607
85071.0615379607
85071.0615379607
85015.42421840139
84670.66652417854
84454.16605169085
80319.23529239754
80319.23529239754
80319.23529239754
80319.23529239754
80319.23529239754
80319.23529239754
80319.23529239754
80319.23529239754
80319.23529239754
80319.23529239754
80319.23529239754
80319.23529239754
80319.23529239754
80319.23529239754
80319.23529239754
80319.23529239754
80319.23529239754
80319.23529239754
80319.23529239754
79588.77552454142
79588.77552454142
79588.77552454142
79588.77552454142
79588.77552454142
79588.77552454142
79588.77552454142
79588.77552454142
79588.77552454142
79588.77552454142
79588.77552454142
79588.77552454142
79588.77552454142
79588.77552454142
79588.77552454142
79588.77552454142
79588.77552454142
79588.77552454142
79588.77552454142
79588.77552454142
79588.77552454142
76715.9291216795
76715.9291216795
76715.9291216795
76715.9291216795
76715.9291216795
76715.9291216795
76715.9291216795
76715.9291216795
76715.9291216795
76715.9291216795
76715.9291216795
76715.9291216795
76715.9291216795
76715.9291216795
76715.9291216795
76715.9291216795
76715.9291216795
76715.9291216795
76715.9291216795
74764.34679995067
74764.34679995067
74764.34679995067
74764.34679995067
74764.34679995067
74764.34679995067
74764.34679995067
74764.34679995067
74764.34679995067
74764.34679995067
74764.34679995067
74764.34679995067
74764.34679995067
74764.34679995067
74764.34679995067
74764.34679995067
74659.1986029777
74659.1986029777
74659.1986029777
74659.1986029777
74659.1986029777
74659.1986029777
74659.1986029777
74659.1986029777
74659.1986029777
74659.1986029777
74659.1986029777
74659.1986029777
74659.1986029777
74659.1986029777
74659.1986029777
74659.1986029777
74659.1986029777
74659.1986029777
74659.1986029777
74659.1986029777
74659.1986029777
74659.1986029777
74659.1986029777
74659.1986029777
74659.1986029777
74659.1986029777
74659.1986029777
74659.1986029777
74659.1986029777
74659.1986029777
74659.1986029777
74659.1986029777
74659.1986029777
72769.25874682213
72769.25874682213
72769.25874682213
72769.25874682213
72769.25874682213
72769.25874682213
72769.25874682213
72769.25874682213
72769.25874682213
72769.25874682213
72769.25874682213
72769.25874682213
72769.25874682213
72769.25874682213
72769.25874682213
72769.25874682213
72769.25874682213
72769.25874682213
72769.25874682213
72769.25874682213
72769.25874682213
72769.25874682213
72769.25874682213
72769.25874682213
72769.25874682213
72769.25874682213
72769.25874682213
72769.25874682213
72769.25874682213
72769.25874682213
72769.25874682213
72769.25874682213
72769.25874682213
72769.25874682213
72769.25874682213
72769.25874682213
72769.25874682213
72769.25874682213
72769.25874682213
72769.25874682213
72769.25874682213
72769.25874682213
72769.25874682213
72769.25874682213
72769.25874682213
72769.25874682213
72769.25874682213
72769.25874682213
72769.25874682213
72659.34108720039
72659.34108720039
72659.34108720039
72659.34108720039
72659.34108720039
72659.34108720039
72659.34108720039
72659.34108720039
72659.34108720039
72659.34108720039
72659.34108720039
72659.34108720039
72659.34108720039
72659.34108720039
72659.34108720039
72659.34108720039
72659.34108720039
72659.34108720039
72659.34108720039
72659.34108720039
72659.34108720039
72659.34108720039
72659.34108720039
72659.34108720039
72659.34108720039
72659.34108720039
72659.34108720039
72659.34108720039
72659.34108720039
72659.34108720039
72659.34108720039
72659.34108720039
72659.34108720039
72659.34108720039
72659.34108720039
72659.34108720039
72659.34108720039
72659.34108720039
72659.34108720039
72659.34108720039
72659.34108720039
72659.34108720039
72659.34108720039
72659.34108720039
72659.34108720039
72659.34108720039
72659.34108720039
72659.34108720039
72659.34108720039
72659.34108720039
72659.34108720039
72659.34108720039
72659.34108720039
72659.34108720039
72659.34108720039
72659.34108720039
72659.34108720039
72659.34108720039
72659.34108720039
71569.74007207906
71569.74007207906
71569.74007207906
71569.74007207906
71569.74007207906
71569.74007207906
71569.74007207906
71569.74007207906
71569.74007207906
71569.74007207906
71569.74007207906
71569.74007207906
71569.74007207906
71569.74007207906
71569.74007207906
71569.74007207906
71569.74007207906
71569.74007207906
71569.74007207906
71569.74007207906
71569.74007207906
71569.74007207906
71569.74007207906
71569.74007207906
71569.74007207906
71569.74007207906
71569.74007207906
71569.74007207906
71569.74007207906
71569.74007207906
71569.74007207906
71569.74007207906
71569.74007207906
71569.74007207906
71569.74007207906
71569.74007207906
71569.74007207906
71569.74007207906
71569.74007207906
71129.11521829217
71129.11521829217
71129.11521829217
71129.11521829217
71129.11521829217
71129.11521829217
70054.81804209939
70054.81804209939
70054.81804209939
70054.81804209939
70054.81804209939
70054.81804209939
70054.81804209939
70054.81804209939
70054.81804209939
70054.81804209939
70054.81804209939
70054.81804209939
70054.81804209939
70054.81804209939
70054.81804209939
70054.81804209939
70054.81804209939
70054.81804209939
70054.81804209939
69533.47141424095
69533.47141424095
69533.47141424095
69533.47141424095
69533.47141424095
69533.47141424095
69533.47141424095
69533.47141424095
69533.47141424095
69533.47141424095
69533.47141424095
69533.47141424095
69533.47141424095
69533.47141424095
69533.47141424095
69533.47141424095
69533.47141424095
69533.47141424095
69533.47141424095
69533.47141424095
69533.47141424095
69533.47141424095
69533.47141424095
69533.47141424095
69533.47141424095
69533.47141424095
69533.47141424095
69533.47141424095
69533.47141424095
69533.47141424095
69533.47141424095
69533.47141424095
69533.47141424095
69533.47141424095
69533.47141424095
69533.47141424095
69533.47141424095
69533.47141424095
69388.24665202956
69388.24665202956
69388.24665202956
69388.24665202956
69388.24665202956
69388.24665202956
69388.24665202956
69388.24665202956
69388.24665202956
69388.24665202956
69388.24665202956
69388.24665202956
69388.24665202956
69388.24665202956
69388.24665202956
68667.98009839452
68667.98009839452
68667.98009839452
68667.98009839452
68667.98009839452
68667.98009839452
68667.98009839452
68667.98009839452
68667.98009839452
68667.98009839452
68667.98009839452
68667.98009839452
68667.98009839452
68667.98009839452
68667.98009839452
68667.98009839452
68667.98009839452
68667.98009839452
68667.98009839452
68667.98009839452
68667.98009839452
68667.98009839452
68667.98009839452
68667.98009839452
68667.98009839452
68667.98009839452
68667.98009839452
68667.98009839452
68667.98009839452
68667.98009839452
68667.98009839452
68667.98009839452
68667.98009839452
68667.98009839452
68667.98009839452
68667.98009839452
68667.98009839452
68667.98009839452
68667.98009839452
68667.98009839452
68667.98009839452
68667.98009839452
68667.98009839452
68667.98009839452
68667.98009839452
68667.98009839452
68667.98009839452
68420.39555090161
68420.39555090161
68420.39555090161
68420.39555090161
68420.39555090161
68420.39555090161
68420.39555090161
68420.39555090161
68420.39555090161
68420.39555090161
68420.39555090161
68420.39555090161
68420.39555090161
68375.1853124364
68375.1853124364
68375.1853124364
68375.1853124364
68375.1853124364
68277.375720393
68277.375720393
68277.375720393
Time: 22.148497104644775 seconds 
Best solution: 68277.375720393 [87, 46, 37, 36, 47, 52, 58, 43, 81, 74, 94, 99, 98, 61, 66, 57, 50, 41, 14, 5, 1, 17, 18, 25, 23, 103, 29, 33, 45, 8, 75, 28, 83, 40, 24, 65, 56, 11, 31, 13, 9, 20, 100, 3, 15, 19, 6, 104, 86, 12, 16, 10, 26, 95, 64, 91, 92, 70, 73, 77, 72, 79, 71, 90, 82, 101, 93, 85, 63, 38, 35, 39, 78, 32, 105, 97, 102, 96, 69, 21, 51, 4, 2, 30, 7, 27, 22, 62, 60, 54, 55, 48, 49, 53, 59, 89, 34, 68, 80, 84, 67, 42, 76, 88, 44]
Avg solution: 75832.74464918436