Alg:2, Run: 2, file: C:\Users\gabri\Documents\AN 3 SEM 2\AI\Lab\Lab3\\lin105.tsp, population number: 1000, generations: 500 
102979.56243426198
101880.81755706001
101880.81755706001
100935.63564902039
98386.51140955204
98386.51140955204
98386.51140955204
98287.460641743
98287.460641743
98287.460641743
98287.460641743
98287.460641743
98287.460641743
95275.22733283493
95275.22733283493
95275.22733283493
92229.34672433554
92229.34672433554
92229.34672433554
92229.34672433554
90985.15022018706
90985.15022018706
90985.15022018706
90985.15022018706
90985.15022018706
90985.15022018706
90985.15022018706
90985.15022018706
90985.15022018706
90985.15022018706
90985.15022018706
90985.15022018706
90985.15022018706
90985.15022018706
90545.04506963646
90545.04506963646
90545.04506963646
90545.04506963646
90457.45085430561
90457.45085430561
89463.26497230802
89463.26497230802
87383.98020303933
87383.98020303933
87383.98020303933
87383.98020303933
87383.98020303933
87383.98020303933
87383.98020303933
87383.98020303933
87383.98020303933
87383.98020303933
87383.98020303933
87383.98020303933
87383.98020303933
87383.98020303933
87383.98020303933
87383.98020303933
87383.98020303933
87383.98020303933
87383.98020303933
87383.98020303933
87383.98020303933
87350.28755649547
87350.28755649547
87350.28755649547
87350.28755649547
87350.28755649547
86956.9822517591
86956.9822517591
86897.85150753247
86897.85150753247
86897.85150753247
86554.57435636161
80230.13024711327
80230.13024711327
80230.13024711327
80230.13024711327
80230.13024711327
80230.13024711327
80230.13024711327
80230.13024711327
80230.13024711327
80230.13024711327
80230.13024711327
80230.13024711327
80230.13024711327
80230.13024711327
80230.13024711327
80230.13024711327
80230.13024711327
80230.13024711327
80230.13024711327
80230.13024711327
80230.13024711327
80230.13024711327
80230.13024711327
80230.13024711327
80230.13024711327
80230.13024711327
80230.13024711327
80230.13024711327
80230.13024711327
80230.13024711327
80204.45861057004
80204.45861057004
80204.45861057004
80204.45861057004
80204.45861057004
80204.45861057004
80204.45861057004
80204.45861057004
80204.45861057004
76471.57437705134
76471.57437705134
76471.57437705134
76471.57437705134
76471.57437705134
76471.57437705134
76471.57437705134
76471.57437705134
76471.57437705134
76471.57437705134
76471.57437705134
76471.57437705134
76471.57437705134
76471.57437705134
76471.57437705134
76471.57437705134
76471.57437705134
76471.57437705134
76471.57437705134
76471.57437705134
76471.57437705134
76471.57437705134
76471.57437705134
76471.57437705134
76471.57437705134
76471.57437705134
76471.57437705134
76471.57437705134
76471.57437705134
76471.57437705134
76471.57437705134
76471.57437705134
76471.57437705134
76471.57437705134
76471.57437705134
76471.57437705134
76471.57437705134
76471.57437705134
76471.57437705134
76471.57437705134
76471.57437705134
76471.57437705134
76471.57437705134
76471.57437705134
76471.57437705134
76471.57437705134
76471.57437705134
76471.57437705134
76471.57437705134
76471.57437705134
76471.57437705134
73257.45539948183
73257.45539948183
73257.45539948183
73257.45539948183
73257.45539948183
73257.45539948183
73257.45539948183
73257.45539948183
73257.45539948183
73257.45539948183
73257.45539948183
73257.45539948183
73257.45539948183
73257.45539948183
73257.45539948183
73257.45539948183
73257.45539948183
73257.45539948183
73257.45539948183
73257.45539948183
73257.45539948183
73257.45539948183
73257.45539948183
73257.45539948183
73257.45539948183
73257.45539948183
73257.45539948183
73257.45539948183
73257.45539948183
73257.45539948183
73257.45539948183
73257.45539948183
73257.45539948183
73257.45539948183
73257.45539948183
73257.45539948183
73257.45539948183
73257.45539948183
73257.45539948183
73257.45539948183
73257.45539948183
73257.45539948183
73257.45539948183
73257.45539948183
73257.45539948183
73257.45539948183
73257.45539948183
73257.45539948183
73257.45539948183
73257.45539948183
73257.45539948183
73257.45539948183
73257.45539948183
73257.45539948183
73257.45539948183
73257.45539948183
73257.45539948183
73257.45539948183
73236.10140525922
73236.10140525922
73236.10140525922
73236.10140525922
73236.10140525922
73236.10140525922
73236.10140525922
73236.10140525922
73236.10140525922
73236.10140525922
72814.02194759862
72814.02194759862
72814.02194759862
72814.02194759862
72814.02194759862
72814.02194759862
72814.02194759862
72814.02194759862
72814.02194759862
72814.02194759862
72814.02194759862
72814.02194759862
72814.02194759862
72814.02194759862
72814.02194759862
72814.02194759862
72814.02194759862
72814.02194759862
72814.02194759862
72814.02194759862
72705.49985447002
72705.49985447002
72705.49985447002
72705.49985447002
72705.49985447002
72705.49985447002
72705.49985447002
72705.49985447002
72705.49985447002
72705.49985447002
72705.49985447002
72705.49985447002
72705.49985447002
72705.49985447002
72001.43937471234
72001.43937471234
72001.43937471234
72001.43937471234
72001.43937471234
71700.76827547252
71700.76827547252
69973.4074152294
69973.4074152294
69973.4074152294
69973.4074152294
69973.4074152294
69973.4074152294
69973.4074152294
69973.4074152294
69973.4074152294
69973.4074152294
69973.4074152294
69973.4074152294
69973.4074152294
69973.4074152294
68678.56797873751
68678.56797873751
68678.56797873751
68678.56797873751
68678.56797873751
68678.56797873751
68678.56797873751
68678.56797873751
68678.56797873751
68678.56797873751
68678.56797873751
68678.56797873751
68678.56797873751
68678.56797873751
68678.56797873751
68678.56797873751
68678.56797873751
68678.56797873751
68678.56797873751
68678.56797873751
68678.56797873751
68678.56797873751
68678.56797873751
68678.56797873751
68678.56797873751
68678.56797873751
68678.56797873751
68678.56797873751
68678.56797873751
68678.56797873751
68678.56797873751
68678.56797873751
68678.56797873751
68678.56797873751
68678.56797873751
68678.56797873751
68678.56797873751
68678.56797873751
68678.56797873751
68678.56797873751
68678.56797873751
68678.56797873751
68678.56797873751
68678.56797873751
68678.56797873751
68678.56797873751
68678.56797873751
68297.66418142614
68297.66418142614
68297.66418142614
68297.66418142614
68297.66418142614
68297.66418142614
68297.66418142614
68297.66418142614
68297.66418142614
68297.66418142614
68297.66418142614
67605.21027360615
67605.21027360615
67605.21027360615
67605.21027360615
67605.21027360615
67605.21027360615
67605.21027360615
67605.21027360615
67605.21027360615
67605.21027360615
67605.21027360615
67605.21027360615
67605.21027360615
67605.21027360615
67328.40771568955
67328.40771568955
67328.40771568955
67328.40771568955
67328.40771568955
67328.40771568955
67328.40771568955
67328.40771568955
67328.40771568955
67328.40771568955
67328.40771568955
67328.40771568955
67328.40771568955
67328.40771568955
67328.40771568955
67328.40771568955
67328.40771568955
67328.40771568955
67328.40771568955
67328.40771568955
67328.40771568955
67328.40771568955
67328.40771568955
67328.40771568955
67328.40771568955
65269.00914491855
65269.00914491855
65269.00914491855
65269.00914491855
65269.00914491855
65269.00914491855
65269.00914491855
65269.00914491855
65269.00914491855
65269.00914491855
65269.00914491855
65269.00914491855
65269.00914491855
65269.00914491855
65269.00914491855
65269.00914491855
65269.00914491855
65269.00914491855
65269.00914491855
65269.00914491855
65269.00914491855
65269.00914491855
65269.00914491855
65269.00914491855
65269.00914491855
65269.00914491855
65269.00914491855
65269.00914491855
65269.00914491855
65269.00914491855
65269.00914491855
65269.00914491855
65269.00914491855
65269.00914491855
65269.00914491855
65269.00914491855
65269.00914491855
65269.00914491855
65269.00914491855
65269.00914491855
65269.00914491855
65269.00914491855
65269.00914491855
65269.00914491855
65269.00914491855
65269.00914491855
65269.00914491855
65269.00914491855
65269.00914491855
65269.00914491855
65269.00914491855
65269.00914491855
65269.00914491855
65269.00914491855
65269.00914491855
65269.00914491855
65269.00914491855
65269.00914491855
65269.00914491855
65269.00914491855
65269.00914491855
65269.00914491855
65269.00914491855
65269.00914491855
65269.00914491855
65269.00914491855
65269.00914491855
65269.00914491855
65269.00914491855
65269.00914491855
64979.12410190805
64979.12410190805
64979.12410190805
64979.12410190805
64979.12410190805
64979.12410190805
64979.12410190805
64979.12410190805
64979.12410190805
64979.12410190805
64979.12410190805
64979.12410190805
64979.12410190805
64791.555409135995
64791.555409135995
64791.555409135995
64791.555409135995
64791.555409135995
64791.555409135995
64791.555409135995
64768.033346963595
64768.033346963595
64768.033346963595
62207.435130843725
62207.435130843725
62207.435130843725
62207.435130843725
62207.435130843725
62207.435130843725
62207.435130843725
62207.435130843725
62207.435130843725
62207.435130843725
62207.435130843725
62207.435130843725
62207.435130843725
62207.435130843725
62207.435130843725
62207.435130843725
62207.435130843725
62207.435130843725
62207.435130843725
62207.435130843725
62207.435130843725
62207.435130843725
62207.435130843725
Time: 21.86941409111023 seconds 
Best solution: 62207.435130843725 [55, 7, 37, 27, 69, 42, 25, 9, 1, 18, 4, 34, 39, 47, 28, 24, 19, 12, 22, 103, 15, 30, 50, 57, 52, 65, 66, 73, 80, 64, 62, 75, 83, 87, 60, 72, 89, 76, 88, 102, 81, 84, 96, 98, 67, 79, 41, 78, 68, 94, 82, 71, 70, 85, 92, 101, 97, 91, 99, 95, 49, 86, 77, 93, 74, 100, 14, 59, 45, 56, 13, 90, 53, 5, 16, 8, 6, 17, 33, 11, 3, 2, 35, 46, 104, 36, 21, 32, 48, 26, 44, 54, 51, 61, 58, 43, 105, 40, 31, 20, 23, 38, 29, 10, 63]
Avg solution: 73608.80409446184