Alg:2, Run: 7, file: C:\Users\gabri\Documents\AN 3 SEM 2\AI\Lab\Lab3\\lin105.tsp, population number: 1000, generations: 500 
101388.64980110271
101388.64980110271
101388.64980110271
101388.64980110271
101388.64980110271
101388.64980110271
101388.64980110271
98852.56256398764
98852.56256398764
98852.56256398764
96557.90530896116
96557.90530896116
96557.90530896116
96557.90530896116
96557.90530896116
96557.90530896116
96557.90530896116
96557.90530896116
95151.97005771681
95151.97005771681
95151.97005771681
95151.97005771681
95151.97005771681
95151.97005771681
94804.23057855853
94022.74352508674
94022.74352508674
94022.74352508674
94022.74352508674
94022.74352508674
90193.42609427533
90193.42609427533
90193.42609427533
90193.42609427533
90193.42609427533
90193.42609427533
90193.42609427533
90193.42609427533
89441.6472170569
89441.6472170569
89441.6472170569
89441.6472170569
89102.94424104814
89102.94424104814
89102.94424104814
89102.94424104814
89102.94424104814
87645.95684956561
87645.95684956561
87645.95684956561
87645.95684956561
87645.95684956561
87645.95684956561
87645.95684956561
87645.95684956561
87645.95684956561
87645.95684956561
87645.95684956561
87645.95684956561
87645.95684956561
87645.95684956561
87645.95684956561
87645.95684956561
87645.95684956561
87645.95684956561
85189.75076200109
85189.75076200109
85189.75076200109
85189.75076200109
85189.75076200109
85189.75076200109
85189.75076200109
85189.75076200109
85189.75076200109
85189.75076200109
85189.75076200109
85189.75076200109
85189.75076200109
85189.75076200109
85189.75076200109
85189.75076200109
85189.75076200109
85189.75076200109
85189.75076200109
85189.75076200109
85189.75076200109
84123.22961482167
82501.983427849
82501.983427849
82501.983427849
82501.983427849
82501.983427849
82501.983427849
82501.983427849
82501.983427849
82501.983427849
82501.983427849
82501.983427849
82501.983427849
82501.983427849
82501.983427849
82501.983427849
82501.983427849
81852.56373832974
81852.56373832974
81852.56373832974
81852.56373832974
81852.56373832974
81852.56373832974
81852.56373832974
81852.56373832974
81187.67029583092
81187.67029583092
81187.67029583092
78563.49800744969
78563.49800744969
78563.49800744969
78563.49800744969
78563.49800744969
78563.49800744969
78563.49800744969
78563.49800744969
78563.49800744969
78563.49800744969
78563.49800744969
78563.49800744969
78563.49800744969
78563.49800744969
78563.49800744969
78563.49800744969
78563.49800744969
78563.49800744969
78563.49800744969
78563.49800744969
78563.49800744969
78563.49800744969
78563.49800744969
78563.49800744969
78563.49800744969
78563.49800744969
78563.49800744969
78563.49800744969
78563.49800744969
78037.95598313832
78037.95598313832
78037.95598313832
78037.95598313832
78037.95598313832
78037.95598313832
78037.95598313832
78037.95598313832
78037.95598313832
78037.95598313832
78037.95598313832
78037.95598313832
78037.95598313832
77845.7963024837
77845.7963024837
77845.7963024837
77235.21192695509
76412.47548899302
76412.47548899302
76412.47548899302
76412.47548899302
76291.87630953928
76291.87630953928
74056.54439838712
74056.54439838712
74056.54439838712
74056.54439838712
72891.00985964658
72891.00985964658
72891.00985964658
72891.00985964658
72891.00985964658
72891.00985964658
72891.00985964658
72891.00985964658
72891.00985964658
72891.00985964658
72891.00985964658
72891.00985964658
72891.00985964658
72891.00985964658
72891.00985964658
72891.00985964658
72891.00985964658
72891.00985964658
72891.00985964658
72891.00985964658
72891.00985964658
72891.00985964658
72891.00985964658
72891.00985964658
72891.00985964658
72891.00985964658
72891.00985964658
72891.00985964658
72891.00985964658
72891.00985964658
70830.62848684499
70830.62848684499
70830.62848684499
70830.62848684499
70830.62848684499
70830.62848684499
70830.62848684499
70830.62848684499
70830.62848684499
70830.62848684499
70830.62848684499
70830.62848684499
70830.62848684499
70830.62848684499
70830.62848684499
70830.62848684499
70830.62848684499
70830.62848684499
70830.62848684499
70830.62848684499
70830.62848684499
70830.62848684499
70830.62848684499
70830.62848684499
70830.62848684499
70830.62848684499
70830.62848684499
70830.62848684499
70830.62848684499
70830.62848684499
70830.62848684499
70830.62848684499
70830.62848684499
70830.62848684499
70830.62848684499
70830.62848684499
70830.62848684499
70830.62848684499
70830.62848684499
70830.62848684499
70830.62848684499
70830.62848684499
70830.62848684499
70830.62848684499
70830.62848684499
70830.62848684499
70830.62848684499
70830.62848684499
70830.62848684499
70830.62848684499
70830.62848684499
70830.62848684499
70830.62848684499
70830.62848684499
70830.62848684499
70830.62848684499
70830.62848684499
70830.62848684499
70606.50139667546
70606.50139667546
67840.47999157438
67840.47999157438
67840.47999157438
67840.47999157438
67840.47999157438
67840.47999157438
67840.47999157438
67840.47999157438
67840.47999157438
67840.47999157438
67840.47999157438
67840.47999157438
67840.47999157438
67840.47999157438
67840.47999157438
67840.47999157438
67840.47999157438
67840.47999157438
67840.47999157438
67840.47999157438
67840.47999157438
67840.47999157438
67840.47999157438
67840.47999157438
67840.47999157438
67840.47999157438
67840.47999157438
67840.47999157438
67840.47999157438
67840.47999157438
67840.47999157438
67840.47999157438
67840.47999157438
67840.47999157438
67840.47999157438
67840.47999157438
67840.47999157438
67840.47999157438
67840.47999157438
67840.47999157438
67840.47999157438
67840.47999157438
67840.47999157438
67756.55765451968
67756.55765451968
67756.55765451968
66050.0555319438
66050.0555319438
66050.0555319438
66050.0555319438
66050.0555319438
66050.0555319438
66050.0555319438
66050.0555319438
66050.0555319438
66050.0555319438
66050.0555319438
66050.0555319438
66050.0555319438
66050.0555319438
66050.0555319438
66050.0555319438
66050.0555319438
66050.0555319438
66050.0555319438
66050.0555319438
66050.0555319438
66050.0555319438
66050.0555319438
66050.0555319438
66050.0555319438
65792.4044788772
65792.4044788772
65792.4044788772
65792.4044788772
65792.4044788772
65792.4044788772
65792.4044788772
65792.4044788772
65792.4044788772
65792.4044788772
65792.4044788772
65792.4044788772
65792.4044788772
65792.4044788772
65792.4044788772
65792.4044788772
65792.4044788772
65792.4044788772
65792.4044788772
65792.4044788772
65792.4044788772
65792.4044788772
65792.4044788772
65792.4044788772
65792.4044788772
65792.4044788772
65792.4044788772
65792.4044788772
65792.4044788772
65792.4044788772
65792.4044788772
65792.4044788772
65792.4044788772
65584.72542028218
65584.72542028218
65584.72542028218
65584.72542028218
65584.72542028218
65584.72542028218
65584.72542028218
65584.72542028218
65584.72542028218
65584.72542028218
65584.72542028218
65584.72542028218
65143.91997526882
65143.91997526882
65143.91997526882
65143.91997526882
65143.91997526882
65143.91997526882
65143.91997526882
64882.66121771206
64882.66121771206
64882.66121771206
64882.66121771206
64882.66121771206
64882.66121771206
64882.66121771206
64882.66121771206
62761.86794726521
62761.86794726521
62761.86794726521
62761.86794726521
62761.86794726521
62761.86794726521
62761.86794726521
62761.86794726521
62761.86794726521
62761.86794726521
62761.86794726521
62761.86794726521
62761.86794726521
62761.86794726521
62761.86794726521
62761.86794726521
62761.86794726521
62761.86794726521
62761.86794726521
62761.86794726521
62761.86794726521
62761.86794726521
62761.86794726521
62761.86794726521
62761.86794726521
62761.86794726521
62761.86794726521
62761.86794726521
62761.86794726521
62761.86794726521
62761.86794726521
62761.86794726521
62761.86794726521
62761.86794726521
62761.86794726521
62592.56057668877
62139.71964091043
62139.71964091043
62139.71964091043
62139.71964091043
62139.71964091043
62139.71964091043
62139.71964091043
62139.71964091043
62139.71964091043
62139.71964091043
62139.71964091043
62139.71964091043
62139.71964091043
62139.71964091043
62139.71964091043
62139.71964091043
62139.71964091043
62139.71964091043
62139.71964091043
62139.71964091043
62139.71964091043
62139.71964091043
62139.71964091043
62139.71964091043
62139.71964091043
62139.71964091043
62139.71964091043
62139.71964091043
62139.71964091043
62139.71964091043
62139.71964091043
62139.71964091043
62139.71964091043
62139.71964091043
62139.71964091043
62139.71964091043
62139.71964091043
62139.71964091043
60530.285330566134
60530.285330566134
60530.285330566134
60530.285330566134
60530.285330566134
60530.285330566134
60530.285330566134
60218.53351071051
60218.53351071051
60218.53351071051
60218.53351071051
60218.53351071051
60218.53351071051
60218.53351071051
60218.53351071051
60218.53351071051
60218.53351071051
60218.53351071051
60218.53351071051
60218.53351071051
60218.53351071051
60218.53351071051
60218.53351071051
60218.53351071051
60218.53351071051
60218.53351071051
60218.53351071051
60218.53351071051
60218.53351071051
60218.53351071051
60218.53351071051
60218.53351071051
60218.53351071051
60218.53351071051
60218.53351071051
Time: 21.923166036605835 seconds 
Best solution: 60218.53351071051 [31, 22, 6, 7, 1, 20, 14, 104, 30, 33, 26, 39, 78, 90, 77, 75, 53, 52, 57, 48, 47, 34, 44, 50, 13, 17, 24, 43, 4, 11, 10, 28, 60, 41, 9, 35, 3, 5, 21, 23, 12, 25, 19, 18, 15, 40, 27, 2, 37, 8, 16, 46, 32, 51, 55, 49, 101, 97, 99, 84, 68, 56, 42, 38, 36, 69, 67, 74, 87, 98, 80, 105, 82, 64, 62, 89, 81, 61, 73, 83, 91, 86, 92, 71, 58, 63, 70, 66, 100, 95, 88, 94, 76, 93, 72, 79, 85, 96, 102, 65, 59, 45, 54, 103, 29]
Avg solution: 72676.06439706373