Alg:2, Run: 3, file: C:\Users\gabri\Documents\AN 3 SEM 2\AI\Lab\Lab3\\lin105.tsp, population number: 1000, generations: 500 
102663.53258444133
102663.53258444133
102663.53258444133
102663.53258444133
102277.8714491597
97883.44517713752
97883.44517713752
97883.44517713752
97883.44517713752
97883.44517713752
97883.44517713752
97883.44517713752
97883.44517713752
97883.44517713752
97883.44517713752
94668.998797454
94668.998797454
94668.998797454
94668.998797454
94668.998797454
93029.2530865506
93029.2530865506
93029.2530865506
93029.2530865506
93029.2530865506
93029.2530865506
92517.30151251084
92517.30151251084
92517.30151251084
92517.30151251084
92517.30151251084
92517.30151251084
91376.97713826847
91376.97713826847
91376.97713826847
91376.97713826847
91376.97713826847
91376.97713826847
91376.97713826847
91376.97713826847
91376.97713826847
91376.97713826847
91252.89779285592
91252.89779285592
88770.12117894409
88770.12117894409
88770.12117894409
88770.12117894409
88770.12117894409
88770.12117894409
88770.12117894409
88770.12117894409
88770.12117894409
88770.12117894409
88770.12117894409
88770.12117894409
86433.04548045073
86433.04548045073
84395.63161224706
84395.63161224706
84395.63161224706
84395.63161224706
84395.63161224706
84395.63161224706
84395.63161224706
84395.63161224706
84395.63161224706
84395.63161224706
84395.63161224706
84395.63161224706
84395.63161224706
84265.14617453983
84265.14617453983
84265.14617453983
84265.14617453983
83793.21411407196
83793.21411407196
83793.21411407196
83793.21411407196
83793.21411407196
83793.21411407196
83793.21411407196
83793.21411407196
83793.21411407196
83793.21411407196
83793.21411407196
83793.21411407196
83793.21411407196
82985.04797388418
82985.04797388418
82985.04797388418
82985.04797388418
80919.10752701333
80919.10752701333
80919.10752701333
80919.10752701333
80919.10752701333
80629.37206261646
80629.37206261646
80629.37206261646
80629.37206261646
80629.37206261646
80629.37206261646
80629.37206261646
80629.37206261646
80031.29075178376
80031.29075178376
80031.29075178376
80031.29075178376
80031.29075178376
80031.29075178376
80031.29075178376
80031.29075178376
78923.33963812629
78923.33963812629
78923.33963812629
78754.41617444599
78290.56322970382
78290.56322970382
78290.56322970382
78290.56322970382
78290.56322970382
78290.56322970382
78290.56322970382
74841.36770611792
74841.36770611792
74841.36770611792
74841.36770611792
74841.36770611792
74841.36770611792
74841.36770611792
74841.36770611792
74841.36770611792
74841.36770611792
74841.36770611792
73318.64716270434
73318.64716270434
73318.64716270434
73318.64716270434
73318.64716270434
73318.64716270434
73318.64716270434
73318.64716270434
73318.64716270434
73318.64716270434
73318.64716270434
73318.64716270434
73318.64716270434
73318.64716270434
73318.64716270434
73318.64716270434
73318.64716270434
73318.64716270434
73318.64716270434
73318.64716270434
73318.64716270434
73318.64716270434
73318.64716270434
73318.64716270434
73318.64716270434
73318.64716270434
73318.64716270434
73318.64716270434
73318.64716270434
73318.64716270434
73318.64716270434
73318.64716270434
73318.64716270434
73318.64716270434
73318.64716270434
73318.64716270434
73318.64716270434
73006.71852236838
73006.71852236838
73006.71852236838
73006.71852236838
69277.77915481382
69277.77915481382
69277.77915481382
69277.77915481382
69277.77915481382
69277.77915481382
69277.77915481382
69277.77915481382
69277.77915481382
69277.77915481382
69277.77915481382
69277.77915481382
69277.77915481382
69277.77915481382
69277.77915481382
69277.77915481382
69277.77915481382
69277.77915481382
69277.77915481382
69277.77915481382
69277.77915481382
69277.77915481382
69277.77915481382
69277.77915481382
69277.77915481382
69277.77915481382
69277.77915481382
69277.77915481382
69277.77915481382
69277.77915481382
69277.77915481382
69277.77915481382
69277.77915481382
69277.77915481382
69277.77915481382
69277.77915481382
69277.77915481382
69277.77915481382
69277.77915481382
69277.77915481382
69277.77915481382
69277.77915481382
69277.77915481382
69277.77915481382
69277.77915481382
69277.77915481382
69277.77915481382
69277.77915481382
69277.77915481382
69277.77915481382
69277.77915481382
69277.77915481382
69277.77915481382
69277.77915481382
69277.77915481382
69277.77915481382
69277.77915481382
69277.77915481382
69277.77915481382
69277.77915481382
69277.77915481382
69277.77915481382
69277.77915481382
69277.77915481382
69277.77915481382
69277.77915481382
69277.77915481382
69277.77915481382
68843.4065524682
68843.4065524682
68161.2366228773
68161.2366228773
68161.2366228773
68161.2366228773
68161.2366228773
68161.2366228773
68161.2366228773
68161.2366228773
68161.2366228773
68161.2366228773
68161.2366228773
68161.2366228773
68161.2366228773
68161.2366228773
68161.2366228773
68161.2366228773
68161.2366228773
68161.2366228773
68161.2366228773
68161.2366228773
68161.2366228773
68161.2366228773
67373.22609022766
67373.22609022766
67373.22609022766
67373.22609022766
67373.22609022766
66445.73668826686
66445.73668826686
66029.73093247434
63615.232462666005
63615.232462666005
63615.232462666005
63615.232462666005
63615.232462666005
63615.232462666005
63615.232462666005
63615.232462666005
63615.232462666005
63615.232462666005
63615.232462666005
63615.232462666005
63615.232462666005
63615.232462666005
63615.232462666005
63615.232462666005
63615.232462666005
63615.232462666005
63615.232462666005
63615.232462666005
63615.232462666005
63615.232462666005
63615.232462666005
63615.232462666005
63615.232462666005
63531.420975574685
63531.420975574685
63531.420975574685
63531.420975574685
63531.420975574685
63531.420975574685
63531.420975574685
63531.420975574685
63531.420975574685
63531.420975574685
63531.420975574685
63531.420975574685
63531.420975574685
63531.420975574685
63531.420975574685
63531.420975574685
63531.420975574685
63531.420975574685
63531.420975574685
63531.420975574685
63531.420975574685
63531.420975574685
63531.420975574685
63531.420975574685
63531.420975574685
63420.44494205988
63420.44494205988
63420.44494205988
63420.44494205988
63420.44494205988
63420.44494205988
63420.44494205988
63420.44494205988
63420.44494205988
63420.44494205988
63420.44494205988
63420.44494205988
63420.44494205988
63420.44494205988
63420.44494205988
63420.44494205988
63420.44494205988
63420.44494205988
63420.44494205988
63420.44494205988
63420.44494205988
63420.44494205988
63420.44494205988
63420.44494205988
63420.44494205988
63420.44494205988
63420.44494205988
63420.44494205988
63420.44494205988
63398.247978711115
63398.247978711115
63320.74077030516
63320.74077030516
63320.74077030516
63320.74077030516
63320.74077030516
62498.88839659582
62498.88839659582
62498.88839659582
62498.88839659582
62498.88839659582
62429.56939911045
62429.56939911045
62429.56939911045
61761.44867756213
61761.44867756213
61761.44867756213
61761.44867756213
61761.44867756213
61761.44867756213
61761.44867756213
61761.44867756213
61761.44867756213
61761.44867756213
61761.44867756213
61761.44867756213
61761.44867756213
61761.44867756213
61329.136006736975
60839.856410912194
60839.856410912194
60839.856410912194
60839.856410912194
60839.856410912194
60839.856410912194
60839.856410912194
60839.856410912194
60839.856410912194
60839.856410912194
60220.235777063805
60220.235777063805
60220.235777063805
60220.235777063805
60220.235777063805
60220.235777063805
60220.235777063805
60220.235777063805
60220.235777063805
60220.235777063805
60220.235777063805
60123.260633027465
60123.260633027465
60123.260633027465
59822.266077644264
59822.266077644264
59822.266077644264
59822.266077644264
59822.266077644264
59822.266077644264
59822.266077644264
59822.266077644264
59822.266077644264
58465.17993522898
58465.17993522898
58465.17993522898
58465.17993522898
58465.17993522898
58465.17993522898
58465.17993522898
58465.17993522898
58465.17993522898
58465.17993522898
58465.17993522898
58465.17993522898
58465.17993522898
58465.17993522898
57591.14450846178
57591.14450846178
57591.14450846178
57591.14450846178
57591.14450846178
57591.14450846178
57591.14450846178
57591.14450846178
57591.14450846178
57591.14450846178
57591.14450846178
57591.14450846178
57591.14450846178
57591.14450846178
57591.14450846178
57591.14450846178
57523.70137187267
57523.70137187267
57523.70137187267
57523.70137187267
57523.70137187267
57523.70137187267
57523.70137187267
57523.70137187267
55955.19478489674
55551.671699086975
55551.671699086975
55551.671699086975
55551.671699086975
55551.671699086975
55551.671699086975
55551.671699086975
55551.671699086975
55551.671699086975
55551.671699086975
55551.671699086975
55551.671699086975
55551.671699086975
55551.671699086975
54880.481163044686
54880.481163044686
54880.481163044686
54880.481163044686
54880.481163044686
54880.481163044686
54880.481163044686
54880.481163044686
54880.481163044686
54880.481163044686
54880.481163044686
54880.481163044686
54880.481163044686
54880.481163044686
54880.481163044686
54880.481163044686
54880.481163044686
54880.481163044686
54880.481163044686
54880.481163044686
54880.481163044686
54880.481163044686
54880.481163044686
54880.481163044686
54880.481163044686
54880.481163044686
54880.481163044686
54880.481163044686
54880.481163044686
Time: 21.84459400177002 seconds 
Best solution: 54880.481163044686 [91, 102, 93, 74, 48, 104, 52, 36, 65, 87, 89, 100, 90, 71, 82, 105, 58, 47, 16, 92, 50, 40, 69, 95, 31, 44, 72, 42, 80, 63, 49, 99, 81, 25, 67, 96, 20, 54, 24, 46, 98, 53, 41, 27, 9, 32, 3, 7, 28, 21, 13, 14, 18, 1, 10, 11, 6, 19, 22, 103, 30, 12, 17, 23, 29, 45, 55, 33, 26, 57, 43, 8, 2, 15, 37, 34, 39, 38, 35, 4, 5, 76, 66, 60, 61, 59, 51, 56, 64, 79, 78, 68, 75, 85, 73, 88, 94, 77, 62, 70, 84, 83, 86, 101, 97]
Avg solution: 70071.29482317659