Alg:2, Run: 1, file: C:\Users\gabri\Documents\AN 3 SEM 2\AI\Lab\Lab3\\lin105.tsp, population number: 1000, generations: 500 
106797.72932056035
106797.72932056035
104135.07138753301
104135.07138753301
102434.6432336112
102434.6432336112
100061.60818917287
100061.60818917287
99045.0102753166
99045.0102753166
99045.0102753166
98410.28719201741
98397.72190964411
98397.72190964411
98397.72190964411
98397.72190964411
98312.03899390435
98312.03899390435
96336.19567204817
92656.03275498275
92656.03275498275
92656.03275498275
92656.03275498275
92656.03275498275
92656.03275498275
92656.03275498275
92656.03275498275
91614.52132655257
91614.52132655257
91614.52132655257
91614.52132655257
91614.52132655257
91614.52132655257
91614.52132655257
91614.52132655257
91614.52132655257
91614.52132655257
91463.68732447852
91463.68732447852
91463.68732447852
90838.82032878036
90838.82032878036
90838.82032878036
90838.82032878036
90838.82032878036
90838.82032878036
90838.82032878036
87955.54370631144
87955.54370631144
87955.54370631144
87955.54370631144
87955.54370631144
87955.54370631144
87955.54370631144
87955.54370631144
87955.54370631144
87955.54370631144
87955.54370631144
87955.54370631144
87822.04231528501
87822.04231528501
87822.04231528501
87822.04231528501
87822.04231528501
87822.04231528501
87822.04231528501
87822.04231528501
87822.04231528501
87822.04231528501
87822.04231528501
87822.04231528501
87822.04231528501
87822.04231528501
87822.04231528501
87822.04231528501
87822.04231528501
87822.04231528501
87822.04231528501
86213.21290366795
86213.21290366795
86213.21290366795
86213.21290366795
86213.21290366795
86213.21290366795
86213.21290366795
83686.4874975931
83686.4874975931
83686.4874975931
83686.4874975931
83686.4874975931
83686.4874975931
83686.4874975931
83686.4874975931
83686.4874975931
83686.4874975931
83686.4874975931
83686.4874975931
83686.4874975931
83686.4874975931
83686.4874975931
83686.4874975931
83686.4874975931
83686.4874975931
83686.4874975931
83686.4874975931
83686.4874975931
83686.4874975931
83686.4874975931
83686.4874975931
83686.4874975931
83686.4874975931
83686.4874975931
83686.4874975931
83686.4874975931
83686.4874975931
83686.4874975931
83417.95979754036
82959.73707800683
82531.01905611757
82531.01905611757
82531.01905611757
82531.01905611757
82531.01905611757
82531.01905611757
82531.01905611757
82531.01905611757
82531.01905611757
80095.294886238
80095.294886238
80095.294886238
80095.294886238
80095.294886238
80095.294886238
80095.294886238
80095.294886238
80095.294886238
80095.294886238
80095.294886238
80095.294886238
79440.15837080978
79440.15837080978
79440.15837080978
79440.15837080978
79440.15837080978
79440.15837080978
79440.15837080978
79440.15837080978
79440.15837080978
79440.15837080978
79440.15837080978
79440.15837080978
79440.15837080978
79440.15837080978
79440.15837080978
79440.15837080978
79440.15837080978
79440.15837080978
79440.15837080978
79440.15837080978
79440.15837080978
79440.15837080978
79440.15837080978
77657.71581256101
77657.71581256101
77657.71581256101
77657.71581256101
77657.71581256101
77657.71581256101
77657.71581256101
77657.71581256101
77657.71581256101
77657.71581256101
77657.71581256101
77657.71581256101
77657.71581256101
77657.71581256101
77657.71581256101
77657.71581256101
77657.71581256101
77657.71581256101
77657.71581256101
77657.71581256101
77657.71581256101
77657.71581256101
76682.8768696411
76682.8768696411
76682.8768696411
76365.96353426244
76365.96353426244
76365.96353426244
76365.96353426244
76365.96353426244
76365.96353426244
76053.22944317579
76053.22944317579
76053.22944317579
76053.22944317579
76053.22944317579
76053.22944317579
76053.22944317579
74480.36037183671
74480.36037183671
74480.36037183671
74480.36037183671
74480.36037183671
74480.36037183671
74480.36037183671
74480.36037183671
74480.36037183671
74480.36037183671
74480.36037183671
74480.36037183671
74480.36037183671
74480.36037183671
74174.62404123646
74174.62404123646
74174.62404123646
74174.62404123646
74174.62404123646
74174.62404123646
74174.62404123646
74174.62404123646
74174.62404123646
74174.62404123646
74174.62404123646
74174.62404123646
74174.62404123646
74174.62404123646
74174.62404123646
74174.62404123646
74174.62404123646
74174.62404123646
73646.25171823501
73646.25171823501
73646.25171823501
73646.25171823501
73646.25171823501
72941.25991161057
72350.0627972383
70080.34553521416
70080.34553521416
70080.34553521416
70080.34553521416
70080.34553521416
70080.34553521416
70080.34553521416
70080.34553521416
70080.34553521416
70080.34553521416
70080.34553521416
70080.34553521416
70080.34553521416
70080.34553521416
70080.34553521416
70080.34553521416
70080.34553521416
70080.34553521416
70080.34553521416
70080.34553521416
70080.34553521416
70080.34553521416
70080.34553521416
70080.34553521416
70080.34553521416
70080.34553521416
70080.34553521416
70080.34553521416
70080.34553521416
70080.34553521416
70080.34553521416
70080.34553521416
70080.34553521416
70080.34553521416
70080.34553521416
70080.34553521416
70080.34553521416
70080.34553521416
70080.34553521416
70080.34553521416
69533.84674560971
69533.84674560971
69533.84674560971
69533.84674560971
69110.39110016164
69110.39110016164
69110.39110016164
69110.39110016164
69110.39110016164
69110.39110016164
69110.39110016164
69110.39110016164
69110.39110016164
69110.39110016164
69110.39110016164
69110.39110016164
69110.39110016164
69110.39110016164
69110.39110016164
69110.39110016164
69110.39110016164
69110.39110016164
69110.39110016164
64273.91417569421
64273.91417569421
64273.91417569421
64273.91417569421
64273.91417569421
64273.91417569421
64273.91417569421
64273.91417569421
64273.91417569421
64273.91417569421
64273.91417569421
64273.91417569421
64273.91417569421
64273.91417569421
64273.91417569421
64273.91417569421
64273.91417569421
64273.91417569421
64273.91417569421
64273.91417569421
64273.91417569421
64273.91417569421
64273.91417569421
64273.91417569421
64273.91417569421
64273.91417569421
64273.91417569421
64273.91417569421
64273.91417569421
64273.91417569421
64273.91417569421
64273.91417569421
64273.91417569421
64273.91417569421
64273.91417569421
64273.91417569421
64273.91417569421
64273.91417569421
64273.91417569421
64273.91417569421
64273.91417569421
64273.91417569421
64273.91417569421
64273.91417569421
64273.91417569421
64273.91417569421
64273.91417569421
64273.91417569421
64273.91417569421
64273.91417569421
64273.91417569421
64273.91417569421
64273.91417569421
64273.91417569421
64273.91417569421
64273.91417569421
64273.91417569421
64273.91417569421
64273.91417569421
64273.91417569421
64273.91417569421
64273.91417569421
64273.91417569421
64273.91417569421
64273.91417569421
64273.91417569421
64273.91417569421
64273.91417569421
64273.91417569421
64273.91417569421
64273.91417569421
64273.91417569421
64273.91417569421
64273.91417569421
64273.91417569421
64273.91417569421
64273.91417569421
64273.91417569421
64273.91417569421
64273.91417569421
64273.91417569421
64273.91417569421
64273.91417569421
64273.91417569421
64273.91417569421
64273.91417569421
64273.91417569421
64273.91417569421
64273.91417569421
64273.91417569421
64273.91417569421
64273.91417569421
64273.91417569421
64273.91417569421
64273.91417569421
64273.91417569421
64273.91417569421
64273.91417569421
64273.91417569421
64273.91417569421
64273.91417569421
64273.91417569421
64273.91417569421
64273.91417569421
62741.24382901054
62741.24382901054
62741.24382901054
62741.24382901054
62741.24382901054
62741.24382901054
62741.24382901054
62741.24382901054
62741.24382901054
62119.53134269092
62119.53134269092
62119.53134269092
62119.53134269092
62119.53134269092
62119.53134269092
62119.53134269092
62119.53134269092
62119.53134269092
62119.53134269092
62119.53134269092
62119.53134269092
62119.53134269092
62119.53134269092
62119.53134269092
62119.53134269092
62119.53134269092
62119.53134269092
62119.53134269092
62119.53134269092
62119.53134269092
62119.53134269092
62119.53134269092
62119.53134269092
62119.53134269092
62119.53134269092
62119.53134269092
62119.53134269092
62119.53134269092
62119.53134269092
62119.53134269092
62119.53134269092
62119.53134269092
62119.53134269092
62119.53134269092
62119.53134269092
62119.53134269092
62119.53134269092
62119.53134269092
62119.53134269092
62119.53134269092
62119.53134269092
62119.53134269092
62119.53134269092
62119.53134269092
62119.53134269092
62119.53134269092
62119.53134269092
62119.53134269092
62119.53134269092
62119.53134269092
62119.53134269092
62119.53134269092
62119.53134269092
62119.53134269092
62119.53134269092
62119.53134269092
62119.53134269092
62119.53134269092
62119.53134269092
62119.53134269092
62119.53134269092
62119.53134269092
62119.53134269092
62119.53134269092
62119.53134269092
62119.53134269092
62119.53134269092
62119.53134269092
62119.53134269092
59276.451141069934
59276.451141069934
59276.451141069934
59276.451141069934
59276.451141069934
59276.451141069934
59276.451141069934
59276.451141069934
59276.451141069934
59276.451141069934
59276.451141069934
59276.451141069934
59276.451141069934
59276.451141069934
59276.451141069934
Time: 22.148549556732178 seconds 
Best solution: 59276.451141069934 [32, 18, 20, 34, 8, 26, 28, 16, 10, 23, 14, 54, 50, 81, 100, 87, 94, 66, 61, 53, 42, 52, 55, 30, 51, 7, 29, 36, 27, 3, 103, 56, 11, 31, 15, 1, 33, 45, 59, 57, 93, 72, 105, 35, 13, 4, 5, 22, 19, 58, 44, 12, 21, 25, 38, 83, 84, 78, 79, 76, 75, 82, 64, 47, 46, 88, 60, 39, 43, 41, 77, 90, 80, 69, 89, 99, 98, 62, 70, 71, 74, 91, 86, 97, 73, 63, 49, 65, 96, 101, 102, 92, 85, 68, 67, 37, 9, 95, 48, 40, 104, 24, 17, 2, 6]
Avg solution: 73594.98067618518