Alg:2, Run: 6, file: C:\Users\gabri\Documents\AN 3 SEM 2\AI\Lab\Lab3\\lin105.tsp, population number: 1000, generations: 500 
107375.06075332126
106896.23613293213
102568.66779438782
101786.3897701265
101786.3897701265
99802.34935129782
99802.34935129782
99802.34935129782
99460.89847231204
99460.89847231204
99460.89847231204
96440.11521728583
96138.20083773986
96138.20083773986
92635.60575072608
92635.60575072608
92635.60575072608
92635.60575072608
92635.60575072608
92635.60575072608
92635.60575072608
92635.60575072608
92635.60575072608
92635.60575072608
92635.60575072608
92635.60575072608
92635.60575072608
92635.60575072608
92635.60575072608
92635.60575072608
92635.60575072608
92635.60575072608
90260.34146222202
90260.34146222202
90260.34146222202
90260.34146222202
90260.34146222202
90260.34146222202
89880.33871109624
89880.33871109624
89880.33871109624
89880.33871109624
89880.33871109624
89880.33871109624
89880.33871109624
89880.33871109624
89880.33871109624
89880.33871109624
89087.49377282936
89087.49377282936
89087.49377282936
89087.49377282936
89087.49377282936
87052.94540460825
87052.94540460825
87052.94540460825
87052.94540460825
87052.94540460825
87052.94540460825
86883.51750580396
86883.51750580396
86883.51750580396
86883.51750580396
86883.51750580396
86883.51750580396
86883.51750580396
86883.51750580396
86883.51750580396
86883.51750580396
86883.51750580396
86883.51750580396
86883.51750580396
84488.64732216751
84488.64732216751
84488.64732216751
84488.64732216751
84488.64732216751
84488.64732216751
84488.64732216751
84488.64732216751
83221.66773317846
83221.66773317846
83221.66773317846
83221.66773317846
82606.54372388507
82606.54372388507
82606.54372388507
82606.54372388507
82606.54372388507
82606.54372388507
82606.54372388507
82606.54372388507
82606.54372388507
82606.54372388507
82606.54372388507
82606.54372388507
82606.54372388507
82420.23682727068
82420.23682727068
82420.23682727068
81455.66620536968
81455.66620536968
81455.66620536968
81455.66620536968
81455.66620536968
81455.66620536968
79928.36203474108
79928.36203474108
79928.36203474108
79928.36203474108
79928.36203474108
79928.36203474108
79928.36203474108
79928.36203474108
79928.36203474108
79928.36203474108
79928.36203474108
78722.63259762767
78722.63259762767
78722.63259762767
78722.63259762767
78722.63259762767
78722.63259762767
78722.63259762767
78722.63259762767
78722.63259762767
78722.63259762767
78722.63259762767
78722.63259762767
78722.63259762767
78722.63259762767
78722.63259762767
78722.63259762767
78722.63259762767
78722.63259762767
78722.63259762767
78722.63259762767
78722.63259762767
78722.63259762767
78722.63259762767
78722.63259762767
78722.63259762767
78722.63259762767
78722.63259762767
78722.63259762767
78722.63259762767
78722.63259762767
78722.63259762767
78722.63259762767
78722.63259762767
78722.63259762767
78722.63259762767
77274.66535458544
77274.66535458544
77274.66535458544
77274.66535458544
77274.66535458544
77274.66535458544
77274.66535458544
77274.66535458544
77274.66535458544
77274.66535458544
77274.66535458544
77274.66535458544
77274.66535458544
77105.0441125168
77105.0441125168
77105.0441125168
77105.0441125168
76730.69747651841
73276.83315003986
73276.83315003986
73276.83315003986
73276.83315003986
73276.83315003986
73276.83315003986
73276.83315003986
73276.83315003986
73276.83315003986
73276.83315003986
73276.83315003986
73276.83315003986
73276.83315003986
73276.83315003986
73276.83315003986
73276.83315003986
73276.83315003986
73276.83315003986
73276.83315003986
73276.83315003986
73276.83315003986
73276.83315003986
73276.83315003986
73276.83315003986
73276.83315003986
73276.83315003986
73276.83315003986
73276.83315003986
73276.83315003986
73276.83315003986
73276.83315003986
73276.83315003986
73276.83315003986
73276.83315003986
73276.83315003986
73276.83315003986
73276.83315003986
73276.83315003986
73276.83315003986
73276.83315003986
73276.83315003986
73276.83315003986
73276.83315003986
73276.83315003986
73276.83315003986
73276.83315003986
73276.83315003986
73276.83315003986
73276.83315003986
73276.83315003986
73276.83315003986
73276.83315003986
73276.83315003986
73276.83315003986
73276.83315003986
73276.83315003986
73276.83315003986
73276.83315003986
73276.83315003986
73276.83315003986
73276.83315003986
73276.83315003986
73276.83315003986
73276.83315003986
73276.83315003986
73276.83315003986
73276.83315003986
73276.83315003986
73276.83315003986
73276.83315003986
73276.83315003986
73276.83315003986
73276.83315003986
73276.83315003986
72636.3566819125
72636.3566819125
72636.3566819125
72636.3566819125
72636.3566819125
72636.3566819125
72636.3566819125
72636.3566819125
72636.3566819125
72636.3566819125
72636.3566819125
72636.3566819125
72636.3566819125
72636.3566819125
72636.3566819125
72636.3566819125
72636.3566819125
72636.3566819125
72636.3566819125
72409.26163653277
72409.26163653277
72409.26163653277
72361.68146331032
72361.68146331032
72361.68146331032
72361.68146331032
72361.68146331032
72361.68146331032
72361.68146331032
72361.68146331032
72361.68146331032
72361.68146331032
72361.68146331032
72361.68146331032
72361.68146331032
72361.68146331032
72361.68146331032
72361.68146331032
72361.68146331032
72361.68146331032
72361.68146331032
72361.68146331032
72361.68146331032
72361.68146331032
72361.68146331032
72361.68146331032
72361.68146331032
72361.68146331032
72361.68146331032
72349.42643707289
72349.42643707289
72349.42643707289
72041.81742959212
72041.81742959212
71196.86440352724
71196.86440352724
71196.86440352724
71196.86440352724
71196.86440352724
71196.86440352724
71196.86440352724
71196.86440352724
71196.86440352724
71196.86440352724
71196.86440352724
71196.86440352724
71196.86440352724
71196.86440352724
71196.86440352724
71196.86440352724
71196.86440352724
70157.51893819377
70157.51893819377
70157.51893819377
70157.51893819377
68576.71080890279
68576.71080890279
68576.71080890279
68576.71080890279
68576.71080890279
68576.71080890279
68576.71080890279
68576.71080890279
68576.71080890279
68576.71080890279
68576.71080890279
68576.71080890279
68576.71080890279
68576.71080890279
68576.71080890279
68047.04700638674
68047.04700638674
68047.04700638674
68047.04700638674
68047.04700638674
68047.04700638674
68047.04700638674
68047.04700638674
68047.04700638674
68047.04700638674
68047.04700638674
68047.04700638674
68047.04700638674
68047.04700638674
68047.04700638674
68047.04700638674
68047.04700638674
67365.06968654889
67365.06968654889
67365.06968654889
66303.7383298346
66303.7383298346
66303.7383298346
66303.7383298346
66303.7383298346
66303.7383298346
66303.7383298346
66303.7383298346
66303.7383298346
66303.7383298346
66303.7383298346
65888.0653839839
61732.133760943994
61732.133760943994
61732.133760943994
61732.133760943994
61732.133760943994
61732.133760943994
61732.133760943994
61732.133760943994
61732.133760943994
61732.133760943994
61732.133760943994
61732.133760943994
61732.133760943994
61732.133760943994
61732.133760943994
61732.133760943994
61732.133760943994
61732.133760943994
61732.133760943994
61732.133760943994
61732.133760943994
61732.133760943994
61732.133760943994
61732.133760943994
61732.133760943994
61732.133760943994
61732.133760943994
61732.133760943994
61732.133760943994
61732.133760943994
61732.133760943994
61732.133760943994
61732.133760943994
61732.133760943994
61732.133760943994
61732.133760943994
61732.133760943994
61732.133760943994
61732.133760943994
61732.133760943994
61732.133760943994
61732.133760943994
61732.133760943994
61732.133760943994
61732.133760943994
61732.133760943994
61732.133760943994
61732.133760943994
61732.133760943994
61732.133760943994
61732.133760943994
61732.133760943994
61732.133760943994
61732.133760943994
61732.133760943994
61732.133760943994
61732.133760943994
61732.133760943994
61732.133760943994
61732.133760943994
61732.133760943994
61732.133760943994
61732.133760943994
61732.133760943994
61732.133760943994
61732.133760943994
61732.133760943994
61732.133760943994
61732.133760943994
61732.133760943994
61732.133760943994
61732.133760943994
61732.133760943994
61732.133760943994
61732.133760943994
61732.133760943994
61732.133760943994
61732.133760943994
61732.133760943994
61732.133760943994
61732.133760943994
61732.133760943994
61732.133760943994
61732.133760943994
61732.133760943994
61732.133760943994
61732.133760943994
61732.133760943994
61732.133760943994
61732.133760943994
61732.133760943994
61732.133760943994
61732.133760943994
61732.133760943994
61732.133760943994
61732.133760943994
61732.133760943994
61732.133760943994
61732.133760943994
61732.133760943994
61732.133760943994
61732.133760943994
61732.133760943994
61732.133760943994
61732.133760943994
61732.133760943994
61732.133760943994
61732.133760943994
61732.133760943994
61732.133760943994
61732.133760943994
61732.133760943994
61732.133760943994
61732.133760943994
60664.95263542485
60664.95263542485
60664.95263542485
60664.95263542485
60664.95263542485
60664.95263542485
60664.95263542485
60664.95263542485
60664.95263542485
60664.95263542485
60664.95263542485
60664.95263542485
60664.95263542485
60664.95263542485
60664.95263542485
60664.95263542485
60664.95263542485
60664.95263542485
60664.95263542485
60664.95263542485
Time: 21.866471767425537 seconds 
Best solution: 60664.95263542485 [22, 7, 28, 56, 10, 40, 25, 26, 67, 79, 80, 98, 96, 101, 69, 81, 73, 62, 76, 78, 68, 49, 65, 63, 82, 84, 105, 51, 16, 37, 42, 58, 38, 50, 44, 64, 89, 87, 99, 95, 100, 88, 92, 102, 57, 48, 90, 93, 74, 61, 94, 97, 86, 41, 52, 104, 3, 33, 53, 77, 85, 91, 23, 30, 15, 2, 1, 6, 12, 18, 11, 103, 47, 46, 8, 9, 5, 4, 13, 14, 24, 17, 29, 72, 45, 43, 54, 70, 66, 60, 36, 71, 83, 75, 55, 59, 39, 19, 20, 31, 21, 32, 34, 35, 27]
Avg solution: 73428.1658867009