Alg:2, Run: 5, file: C:\Users\gabri\Documents\AN 3 SEM 2\AI\Lab\Lab3\\lin105.tsp, population number: 1000, generations: 500 
104143.46295411402
100462.02094696967
100462.02094696967
100462.02094696967
100462.02094696967
100462.02094696967
100462.02094696967
100462.02094696967
100462.02094696967
100462.02094696967
99315.51099276138
99315.51099276138
97269.85515981964
97269.85515981964
97269.85515981964
97235.65941484463
97235.65941484463
97235.65941484463
97235.65941484463
97235.65941484463
97235.65941484463
97235.65941484463
97235.65941484463
97235.65941484463
97235.65941484463
96117.30398790856
96117.30398790856
94815.60331318372
94431.51617794808
94375.51711336664
94375.51711336664
94375.51711336664
94215.55012545233
94215.55012545233
90593.12330406508
90593.12330406508
90593.12330406508
90493.34133989217
90493.34133989217
90493.34133989217
90493.34133989217
90493.34133989217
88439.85146592362
88439.85146592362
88439.85146592362
88439.85146592362
85222.53284195057
85222.53284195057
85222.53284195057
85222.53284195057
85222.53284195057
85222.53284195057
85222.53284195057
85222.53284195057
85222.53284195057
85222.53284195057
85222.53284195057
85222.53284195057
85222.53284195057
85222.53284195057
85222.53284195057
85222.53284195057
85222.53284195057
85222.53284195057
85222.53284195057
85222.53284195057
85222.53284195057
85222.53284195057
85222.53284195057
85222.53284195057
85222.53284195057
85222.53284195057
85222.53284195057
85222.53284195057
85222.53284195057
85222.53284195057
85222.53284195057
85222.53284195057
85222.53284195057
85222.53284195057
85222.53284195057
85222.53284195057
85222.53284195057
85222.53284195057
82372.14009210389
82372.14009210389
82372.14009210389
82372.14009210389
82372.14009210389
82372.14009210389
82372.14009210389
82372.14009210389
82372.14009210389
82372.14009210389
82372.14009210389
82372.14009210389
82372.14009210389
82372.14009210389
82372.14009210389
82372.14009210389
82372.14009210389
82337.5485038569
82337.5485038569
82337.5485038569
82053.5568849404
79960.50485365995
79960.50485365995
79960.50485365995
79960.50485365995
79960.50485365995
79960.50485365995
79960.50485365995
79960.50485365995
79960.50485365995
79960.50485365995
79519.79951175697
79519.79951175697
79519.79951175697
79519.79951175697
79519.79951175697
79519.79951175697
79519.79951175697
79519.79951175697
79519.79951175697
79519.79951175697
79519.79951175697
79519.79951175697
79519.79951175697
79519.79951175697
79519.79951175697
79519.79951175697
79519.79951175697
78527.07820496164
78527.07820496164
78527.07820496164
77049.01743831283
77049.01743831283
77049.01743831283
77049.01743831283
77049.01743831283
77049.01743831283
77049.01743831283
76052.90158298053
76052.90158298053
76052.90158298053
76052.90158298053
76052.90158298053
76052.90158298053
76052.90158298053
76052.90158298053
76052.90158298053
76052.90158298053
76052.90158298053
76052.90158298053
76052.90158298053
76052.90158298053
76052.90158298053
75331.99142890587
75331.99142890587
75331.99142890587
75331.99142890587
75331.99142890587
75331.99142890587
75331.99142890587
75331.99142890587
75331.99142890587
75331.99142890587
75331.99142890587
75331.99142890587
75331.99142890587
75331.99142890587
74938.77427487925
72719.8779424647
72719.8779424647
72719.8779424647
72719.8779424647
72719.8779424647
72719.8779424647
72719.8779424647
72719.8779424647
72719.8779424647
72719.8779424647
72719.8779424647
72719.8779424647
72719.8779424647
72719.8779424647
72719.8779424647
72719.8779424647
72719.8779424647
72719.8779424647
72719.8779424647
72719.8779424647
72719.8779424647
72719.8779424647
72719.8779424647
72719.8779424647
72719.8779424647
72719.8779424647
72719.8779424647
72719.8779424647
72719.8779424647
72719.8779424647
72719.8779424647
72719.8779424647
72719.8779424647
72719.8779424647
72719.8779424647
72719.8779424647
72719.8779424647
72719.8779424647
72719.8779424647
72719.8779424647
72719.8779424647
72719.8779424647
72719.8779424647
72719.8779424647
72719.8779424647
72719.8779424647
72241.23092601886
72241.23092601886
72241.23092601886
72241.23092601886
72241.23092601886
72241.23092601886
72241.23092601886
72241.23092601886
71039.45055713192
71039.45055713192
71039.45055713192
71039.45055713192
71039.45055713192
71039.45055713192
71039.45055713192
71039.45055713192
71039.45055713192
71039.45055713192
71039.45055713192
71039.45055713192
71039.45055713192
71039.45055713192
70973.4204567869
70973.4204567869
70973.4204567869
70973.4204567869
70973.4204567869
70973.4204567869
70973.4204567869
70973.4204567869
68341.57993099315
68341.57993099315
68341.57993099315
68341.57993099315
68341.57993099315
68341.57993099315
68341.57993099315
68341.57993099315
68341.57993099315
68341.57993099315
68341.57993099315
68341.57993099315
68341.57993099315
68341.57993099315
68341.57993099315
68341.57993099315
68341.57993099315
68341.57993099315
68341.57993099315
68341.57993099315
68341.57993099315
68341.57993099315
68341.57993099315
68341.57993099315
68341.57993099315
68341.57993099315
68341.57993099315
68341.57993099315
68341.57993099315
68341.57993099315
68341.57993099315
68341.57993099315
68341.57993099315
68341.57993099315
68341.57993099315
68341.57993099315
68341.57993099315
68341.57993099315
68341.57993099315
68341.57993099315
68341.57993099315
68341.57993099315
68319.46139348725
68319.46139348725
66591.8742794429
66591.8742794429
66591.8742794429
66591.8742794429
66591.8742794429
66591.8742794429
66591.8742794429
66591.8742794429
66591.8742794429
66591.8742794429
66591.8742794429
66591.8742794429
66591.8742794429
66591.8742794429
66591.8742794429
66591.8742794429
66591.8742794429
66591.8742794429
66591.8742794429
66591.8742794429
66591.8742794429
66591.8742794429
66591.8742794429
66591.8742794429
66591.8742794429
66591.8742794429
66591.8742794429
66591.8742794429
66591.8742794429
66337.49254377311
66337.49254377311
66337.49254377311
66337.49254377311
66337.49254377311
66337.49254377311
66337.49254377311
66337.49254377311
66337.49254377311
66337.49254377311
66337.49254377311
66337.49254377311
66337.49254377311
66337.49254377311
66337.49254377311
66337.49254377311
66337.49254377311
66337.49254377311
66337.49254377311
66337.49254377311
66337.49254377311
66337.49254377311
66337.49254377311
66337.49254377311
66070.2186712908
66070.2186712908
66070.2186712908
66070.2186712908
66070.2186712908
66070.2186712908
66070.2186712908
66070.2186712908
66070.2186712908
66070.2186712908
66070.2186712908
66070.2186712908
66070.2186712908
66070.2186712908
66070.2186712908
66050.41048862801
66050.41048862801
66050.41048862801
66050.41048862801
66050.41048862801
66050.41048862801
66050.41048862801
65381.02647168748
65381.02647168748
65381.02647168748
65381.02647168748
65381.02647168748
63905.2628226361
63905.2628226361
63905.2628226361
63905.2628226361
63905.2628226361
63905.2628226361
63905.2628226361
63905.2628226361
63905.2628226361
63905.2628226361
63905.2628226361
63905.2628226361
63905.2628226361
63905.2628226361
63905.2628226361
63905.2628226361
63905.2628226361
63905.2628226361
63905.2628226361
63905.2628226361
63905.2628226361
63905.2628226361
63905.2628226361
63905.2628226361
63905.2628226361
63905.2628226361
63905.2628226361
63905.2628226361
63905.2628226361
63905.2628226361
63905.2628226361
63905.2628226361
63905.2628226361
63581.70522846112
63581.70522846112
63268.95101740776
63268.95101740776
63268.95101740776
63268.95101740776
63268.95101740776
63268.95101740776
63268.95101740776
63268.95101740776
63268.95101740776
63268.95101740776
63268.95101740776
63268.95101740776
63268.95101740776
63268.95101740776
63268.95101740776
63268.95101740776
63268.95101740776
63268.95101740776
63268.95101740776
63268.95101740776
63106.08953471958
63106.08953471958
63106.08953471958
63106.08953471958
63106.08953471958
63106.08953471958
62615.51496578759
61210.96927659318
61210.96927659318
61191.797570367344
61191.797570367344
61191.797570367344
61191.797570367344
61191.797570367344
61191.797570367344
61191.797570367344
61191.797570367344
61191.797570367344
61191.797570367344
61191.797570367344
61191.797570367344
61191.797570367344
61191.797570367344
60744.23387082414
60744.23387082414
60744.23387082414
60744.23387082414
60744.23387082414
60744.23387082414
60744.23387082414
60744.23387082414
60744.23387082414
60744.23387082414
60744.23387082414
60744.23387082414
60744.23387082414
60744.23387082414
60744.23387082414
60744.23387082414
60744.23387082414
60744.23387082414
60744.23387082414
60744.23387082414
60744.23387082414
60675.506887032774
60675.506887032774
60675.506887032774
60675.506887032774
60675.506887032774
59097.754285211966
59097.754285211966
59097.754285211966
59097.754285211966
59097.754285211966
59097.754285211966
59097.754285211966
59097.754285211966
59097.754285211966
59097.754285211966
59097.754285211966
59097.754285211966
59097.754285211966
59097.754285211966
59097.754285211966
59097.754285211966
59097.754285211966
59097.754285211966
59097.754285211966
59097.754285211966
59097.754285211966
59097.754285211966
59097.754285211966
59097.754285211966
Time: 21.910334825515747 seconds 
Best solution: 59097.754285211966 [35, 46, 44, 73, 68, 96, 62, 84, 82, 83, 71, 50, 40, 27, 8, 13, 5, 38, 41, 29, 16, 37, 25, 18, 6, 58, 60, 51, 47, 15, 7, 11, 103, 26, 4, 17, 12, 10, 30, 105, 97, 19, 21, 20, 89, 23, 100, 81, 88, 85, 99, 80, 75, 59, 101, 48, 57, 28, 90, 102, 2, 91, 76, 64, 95, 24, 67, 87, 1, 86, 66, 63, 93, 98, 94, 77, 45, 32, 22, 33, 74, 78, 69, 70, 65, 43, 52, 55, 49, 42, 31, 36, 56, 92, 72, 79, 61, 54, 53, 39, 14, 104, 9, 3, 34]
Avg solution: 72563.62231172559