Alg:2, Run: 9, file: C:\Users\gabri\Documents\AN 3 SEM 2\AI\Lab\Lab3\\lin105.tsp, population number: 1000, generations: 500 
105877.65669033582
105877.65669033582
102236.70051307158
102236.70051307158
102070.9299779941
102070.9299779941
102070.9299779941
94457.44539433114
94457.44539433114
94457.44539433114
94457.44539433114
94457.44539433114
94457.44539433114
94457.44539433114
94457.44539433114
94457.44539433114
94457.44539433114
94457.44539433114
94457.44539433114
94457.44539433114
94457.44539433114
94457.44539433114
94457.44539433114
94457.44539433114
94457.44539433114
94457.44539433114
94457.44539433114
94457.44539433114
94457.44539433114
93740.44696124323
93740.44696124323
93740.44696124323
93740.44696124323
90844.19004269781
90844.19004269781
90844.19004269781
90844.19004269781
90844.19004269781
88138.90181053265
88138.90181053265
88138.90181053265
88138.90181053265
88138.90181053265
88138.90181053265
87113.78261700753
87113.78261700753
87113.78261700753
87113.78261700753
87113.78261700753
87113.78261700753
87113.78261700753
87113.78261700753
87113.78261700753
87113.78261700753
87113.78261700753
87113.78261700753
87113.78261700753
87113.78261700753
87113.78261700753
87113.78261700753
87113.78261700753
86441.19759088571
86441.19759088571
86441.19759088571
86441.19759088571
86441.19759088571
86441.19759088571
86441.19759088571
86441.19759088571
86441.19759088571
86441.19759088571
86149.91779567237
84946.74851890441
84946.74851890441
84946.74851890441
84946.74851890441
84946.74851890441
83347.31514130675
83347.31514130675
83347.31514130675
83347.31514130675
83287.39038595543
83287.39038595543
83287.39038595543
83287.39038595543
83287.39038595543
83287.39038595543
83287.39038595543
83287.39038595543
83287.39038595543
83287.39038595543
83287.39038595543
82291.92769789
82291.92769789
82291.92769789
82291.92769789
80271.51012945177
80271.51012945177
80271.51012945177
80271.51012945177
80271.51012945177
80271.51012945177
80271.51012945177
80271.51012945177
80271.51012945177
80271.51012945177
80271.51012945177
80271.51012945177
80271.51012945177
80271.51012945177
80271.51012945177
80271.51012945177
80271.51012945177
80271.51012945177
80271.51012945177
80271.51012945177
76483.39377984812
76483.39377984812
76483.39377984812
76483.39377984812
76483.39377984812
76483.39377984812
76483.39377984812
76483.39377984812
76483.39377984812
76483.39377984812
76483.39377984812
76483.39377984812
76483.39377984812
76483.39377984812
76483.39377984812
76483.39377984812
76483.39377984812
76483.39377984812
76483.39377984812
76483.39377984812
76483.39377984812
76483.39377984812
76483.39377984812
76483.39377984812
76483.39377984812
76483.39377984812
76483.39377984812
76483.39377984812
76483.39377984812
76483.39377984812
76483.39377984812
76483.39377984812
76483.39377984812
76483.39377984812
76483.39377984812
76483.39377984812
76483.39377984812
76483.39377984812
76483.39377984812
76483.39377984812
76483.39377984812
76483.39377984812
76483.39377984812
76483.39377984812
76483.39377984812
76483.39377984812
76483.39377984812
76483.39377984812
76483.39377984812
76483.39377984812
76483.39377984812
76483.39377984812
76483.39377984812
76483.39377984812
76483.39377984812
76483.39377984812
76483.39377984812
74822.05436492754
74822.05436492754
74822.05436492754
74822.05436492754
74822.05436492754
74822.05436492754
74822.05436492754
74822.05436492754
71839.84736028362
71839.84736028362
71839.84736028362
71839.84736028362
71839.84736028362
71839.84736028362
71839.84736028362
71839.84736028362
71839.84736028362
71839.84736028362
71839.84736028362
71839.84736028362
71839.84736028362
71839.84736028362
71839.84736028362
71839.84736028362
71839.84736028362
71839.84736028362
71839.84736028362
71839.84736028362
71839.84736028362
71839.84736028362
71839.84736028362
71839.84736028362
71839.84736028362
71839.84736028362
71839.84736028362
71839.84736028362
71839.84736028362
71839.84736028362
71839.84736028362
71839.84736028362
71839.84736028362
70601.25157019628
70601.25157019628
70601.25157019628
70601.25157019628
70601.25157019628
70601.25157019628
70601.25157019628
70601.25157019628
70601.25157019628
70601.25157019628
70601.25157019628
67514.59254774437
67514.59254774437
67514.59254774437
67514.59254774437
67514.59254774437
67514.59254774437
67514.59254774437
67514.59254774437
67514.59254774437
67514.59254774437
67514.59254774437
67514.59254774437
67514.59254774437
67514.59254774437
67514.59254774437
67514.59254774437
67514.59254774437
67514.59254774437
67514.59254774437
67165.0001097038
67165.0001097038
67165.0001097038
67165.0001097038
67165.0001097038
67165.0001097038
67165.0001097038
67165.0001097038
67165.0001097038
67165.0001097038
67165.0001097038
67165.0001097038
67165.0001097038
67165.0001097038
67165.0001097038
67165.0001097038
67165.0001097038
67165.0001097038
67165.0001097038
67165.0001097038
67165.0001097038
67165.0001097038
67165.0001097038
67165.0001097038
67165.0001097038
67165.0001097038
67165.0001097038
67165.0001097038
67165.0001097038
67165.0001097038
67165.0001097038
67165.0001097038
67165.0001097038
67165.0001097038
67165.0001097038
67165.0001097038
67165.0001097038
67165.0001097038
67138.38360688068
67138.38360688068
66855.2948764341
66855.2948764341
66855.2948764341
66855.2948764341
66855.2948764341
66855.2948764341
66855.2948764341
66855.2948764341
66855.2948764341
66855.2948764341
66855.2948764341
66855.2948764341
66855.2948764341
66855.2948764341
66855.2948764341
66855.2948764341
66855.2948764341
66855.2948764341
66855.2948764341
66855.2948764341
66855.2948764341
66855.2948764341
66855.2948764341
66855.2948764341
66855.2948764341
66855.2948764341
66855.2948764341
66310.57098610523
66310.57098610523
66310.57098610523
66310.57098610523
66310.57098610523
66310.57098610523
66278.44492366437
66278.44492366437
66278.44492366437
66278.44492366437
64694.94884585461
64694.94884585461
64694.94884585461
64694.94884585461
64694.94884585461
64694.94884585461
64694.94884585461
64694.94884585461
64694.94884585461
64694.94884585461
64694.94884585461
64694.94884585461
64694.94884585461
64694.94884585461
64235.175827392544
64235.175827392544
64235.175827392544
64235.175827392544
64235.175827392544
64235.175827392544
64235.175827392544
64235.175827392544
64235.175827392544
64235.175827392544
64235.175827392544
64235.175827392544
64235.175827392544
64235.175827392544
64235.175827392544
64235.175827392544
64235.175827392544
64235.175827392544
64235.175827392544
64235.175827392544
64235.175827392544
64235.175827392544
64235.175827392544
64235.175827392544
64235.175827392544
64235.175827392544
63296.56551953706
63296.56551953706
63296.56551953706
63296.56551953706
63296.56551953706
63296.56551953706
63296.56551953706
63296.56551953706
63296.56551953706
63296.56551953706
63296.56551953706
63296.56551953706
63296.56551953706
63296.56551953706
63296.56551953706
63296.56551953706
63296.56551953706
63296.56551953706
63296.56551953706
63296.56551953706
63296.56551953706
63296.56551953706
63296.56551953706
63296.56551953706
63296.56551953706
63296.56551953706
63296.56551953706
63296.56551953706
63296.56551953706
63296.56551953706
63296.56551953706
63296.56551953706
63296.56551953706
63296.56551953706
63296.56551953706
63296.56551953706
63296.56551953706
63296.56551953706
63296.56551953706
63296.56551953706
63296.56551953706
63296.56551953706
63296.56551953706
63296.56551953706
63296.56551953706
63296.56551953706
63296.56551953706
63296.56551953706
63296.56551953706
63296.56551953706
63296.56551953706
63296.56551953706
63296.56551953706
63296.56551953706
63296.56551953706
63296.56551953706
63296.56551953706
63296.56551953706
63296.56551953706
63296.56551953706
63296.56551953706
63296.56551953706
63296.56551953706
63296.56551953706
63296.56551953706
63296.56551953706
63296.56551953706
63296.56551953706
63296.56551953706
63296.56551953706
63296.56551953706
63296.56551953706
63296.56551953706
63296.56551953706
63296.56551953706
63099.61127894194
63099.61127894194
63099.61127894194
62260.519780878756
62260.519780878756
62260.519780878756
60869.18406655444
60869.18406655444
60869.18406655444
60869.18406655444
60869.18406655444
60869.18406655444
60869.18406655444
60869.18406655444
60869.18406655444
60869.18406655444
60869.18406655444
60869.18406655444
60869.18406655444
60869.18406655444
60869.18406655444
60869.18406655444
60869.18406655444
60869.18406655444
60869.18406655444
60869.18406655444
60869.18406655444
60869.18406655444
60869.18406655444
60869.18406655444
60869.18406655444
60869.18406655444
60869.18406655444
60869.18406655444
60869.18406655444
60869.18406655444
60869.18406655444
60869.18406655444
60869.18406655444
60869.18406655444
60869.18406655444
60869.18406655444
60869.18406655444
60869.18406655444
60869.18406655444
60869.18406655444
60869.18406655444
60869.18406655444
60869.18406655444
60869.18406655444
60869.18406655444
60869.18406655444
60869.18406655444
60869.18406655444
60869.18406655444
60869.18406655444
60869.18406655444
60869.18406655444
60869.18406655444
60869.18406655444
60869.18406655444
60869.18406655444
60869.18406655444
60869.18406655444
Time: 22.077452421188354 seconds 
Best solution: 60869.18406655444 [87, 90, 73, 24, 31, 22, 20, 38, 39, 57, 84, 101, 91, 97, 98, 50, 104, 17, 5, 7, 11, 8, 12, 56, 30, 14, 18, 16, 27, 4, 52, 53, 60, 63, 46, 74, 80, 105, 68, 35, 58, 61, 81, 48, 43, 41, 42, 78, 83, 64, 62, 65, 66, 85, 3, 21, 37, 19, 26, 93, 71, 76, 10, 33, 6, 25, 13, 2, 88, 86, 79, 34, 82, 102, 28, 75, 9, 92, 72, 51, 32, 36, 59, 15, 54, 55, 69, 44, 49, 96, 45, 1, 23, 67, 40, 29, 77, 103, 47, 70, 89, 99, 95, 100, 94]
Avg solution: 71942.66401374653