Alg:2, Run: 4, file: C:\Users\gabri\Documents\AN 3 SEM 2\AI\Lab\Lab3\\lin105.tsp, population number: 1000, generations: 500 
102387.25648651218
102387.25648651218
102387.25648651218
95872.68169665665
95872.68169665665
95872.68169665665
95872.68169665665
95872.68169665665
95501.75777261314
95501.75777261314
95501.75777261314
95501.75777261314
95501.75777261314
95501.75777261314
94789.26643725607
94789.26643725607
94789.26643725607
93587.0190306087
93587.0190306087
93587.0190306087
93587.0190306087
93587.0190306087
92238.12675429604
92238.12675429604
92238.12675429604
92238.12675429604
92238.12675429604
92238.12675429604
92238.12675429604
92238.12675429604
91886.85622360406
89305.49131572383
89305.49131572383
89305.49131572383
89305.49131572383
89305.49131572383
89305.49131572383
89305.49131572383
89305.49131572383
89305.49131572383
87650.39283967992
84858.72980727555
84858.72980727555
84858.72980727555
84858.72980727555
84858.72980727555
84858.72980727555
84858.72980727555
84858.72980727555
84858.72980727555
84858.72980727555
84858.72980727555
84858.72980727555
84858.72980727555
84858.72980727555
84858.72980727555
84858.72980727555
84858.72980727555
84858.72980727555
84858.72980727555
84858.72980727555
84858.72980727555
84858.72980727555
84858.72980727555
84455.66216107062
84455.66216107062
84455.66216107062
84455.66216107062
84455.66216107062
84455.66216107062
84411.06332652237
84411.06332652237
81899.59801032358
81899.59801032358
81899.59801032358
81899.59801032358
81899.59801032358
81899.59801032358
81899.59801032358
80983.07138039274
80983.07138039274
80610.81200684443
80610.81200684443
80610.81200684443
80610.81200684443
80610.81200684443
80610.81200684443
80610.81200684443
80610.81200684443
80610.81200684443
80610.81200684443
80610.81200684443
80610.81200684443
80610.81200684443
80610.81200684443
80610.81200684443
80610.81200684443
80610.81200684443
80610.81200684443
80610.81200684443
80610.81200684443
80610.81200684443
80610.81200684443
80610.81200684443
80610.81200684443
80610.81200684443
80610.81200684443
80610.81200684443
80610.81200684443
80610.81200684443
80610.81200684443
80610.81200684443
80610.81200684443
79187.3266997236
79187.3266997236
79187.3266997236
79187.3266997236
79187.3266997236
79187.3266997236
79187.3266997236
79187.3266997236
77648.84777147458
77648.84777147458
77648.84777147458
77648.84777147458
77648.84777147458
77648.84777147458
77648.84777147458
77648.84777147458
77648.84777147458
77648.84777147458
77648.84777147458
77648.84777147458
76829.2329247417
76829.2329247417
76829.2329247417
76829.2329247417
76829.2329247417
76829.2329247417
76829.2329247417
76829.2329247417
76829.2329247417
76829.2329247417
76829.2329247417
76829.2329247417
76829.2329247417
76829.2329247417
76829.2329247417
75460.63616549663
75460.63616549663
75460.63616549663
75460.63616549663
74681.4958885165
74681.4958885165
74681.4958885165
74681.4958885165
74681.4958885165
74681.4958885165
74681.4958885165
74246.14832485068
74246.14832485068
74246.14832485068
74246.14832485068
74246.14832485068
74246.14832485068
74246.14832485068
74246.14832485068
74246.14832485068
74246.14832485068
74246.14832485068
74246.14832485068
74246.14832485068
74246.14832485068
74246.14832485068
74246.14832485068
74246.14832485068
72790.20423742966
72790.20423742966
72790.20423742966
72790.20423742966
72790.20423742966
72578.86298809864
72578.86298809864
72578.86298809864
72578.86298809864
72578.86298809864
72578.86298809864
72336.90994824923
72336.90994824923
72336.90994824923
72336.90994824923
72336.90994824923
70971.96814214413
70971.96814214413
70971.96814214413
70971.96814214413
70971.96814214413
70971.96814214413
70971.96814214413
70971.96814214413
70971.96814214413
70971.96814214413
70971.96814214413
70971.96814214413
70971.96814214413
70497.99388453586
70497.99388453586
70497.99388453586
70497.99388453586
70497.99388453586
70497.99388453586
69474.13666973563
69474.13666973563
69474.13666973563
69474.13666973563
69474.13666973563
69474.13666973563
69474.13666973563
68343.428299793
68343.428299793
68343.428299793
68343.428299793
68343.428299793
68343.428299793
68343.428299793
68343.428299793
68343.428299793
68343.428299793
68343.428299793
68343.428299793
68343.428299793
68343.428299793
68343.428299793
68343.428299793
68343.428299793
68343.428299793
66025.01342892395
66025.01342892395
66025.01342892395
66025.01342892395
66025.01342892395
66025.01342892395
66025.01342892395
66025.01342892395
66025.01342892395
66025.01342892395
66025.01342892395
66025.01342892395
66025.01342892395
66025.01342892395
66025.01342892395
66025.01342892395
66025.01342892395
66025.01342892395
66025.01342892395
66025.01342892395
66025.01342892395
66025.01342892395
66025.01342892395
66025.01342892395
66025.01342892395
65838.3263371695
65838.3263371695
65838.3263371695
65838.3263371695
65838.3263371695
64571.55022509666
64571.55022509666
64571.55022509666
64571.55022509666
64571.55022509666
64571.55022509666
64571.55022509666
64042.63962954913
64042.63962954913
64042.63962954913
64042.63962954913
64042.63962954913
64042.63962954913
64042.63962954913
64042.63962954913
64042.63962954913
64042.63962954913
64042.63962954913
64042.63962954913
64042.63962954913
64042.63962954913
64042.63962954913
64042.63962954913
62627.45914236904
62627.45914236904
62627.45914236904
62627.45914236904
62627.45914236904
62627.45914236904
62627.45914236904
62627.45914236904
62627.45914236904
62627.45914236904
60683.7998436109
60683.7998436109
60683.7998436109
60683.7998436109
60683.7998436109
60683.7998436109
60683.7998436109
60683.7998436109
60683.7998436109
60683.7998436109
60683.7998436109
60683.7998436109
60683.7998436109
60683.7998436109
60683.7998436109
60683.7998436109
60683.7998436109
60683.7998436109
60683.7998436109
60683.7998436109
60683.7998436109
60683.7998436109
60683.7998436109
60683.7998436109
60683.7998436109
60683.7998436109
60683.7998436109
60683.7998436109
60683.7998436109
60683.7998436109
60683.7998436109
60683.7998436109
60683.7998436109
60683.7998436109
60683.7998436109
60683.7998436109
60683.7998436109
60683.7998436109
60683.7998436109
60683.7998436109
60683.7998436109
60683.7998436109
60683.7998436109
60683.7998436109
60683.7998436109
60683.7998436109
60683.7998436109
60683.7998436109
60683.7998436109
60683.7998436109
60683.7998436109
60683.7998436109
60683.7998436109
60683.7998436109
60683.7998436109
60683.7998436109
60683.7998436109
60683.7998436109
60570.271904009685
60570.271904009685
60570.271904009685
59996.54720715678
59996.54720715678
59996.54720715678
59996.54720715678
59996.54720715678
59853.88258901699
59853.88258901699
59853.88258901699
59853.88258901699
59853.88258901699
59853.88258901699
59853.88258901699
59805.57926634301
59805.57926634301
59805.57926634301
57822.51562183783
57822.51562183783
57822.51562183783
57822.51562183783
57822.51562183783
57822.51562183783
57822.51562183783
57822.51562183783
57822.51562183783
57822.51562183783
57822.51562183783
57822.51562183783
57822.51562183783
57822.51562183783
57822.51562183783
57822.51562183783
57822.51562183783
57822.51562183783
57822.51562183783
57822.51562183783
57822.51562183783
57822.51562183783
57822.51562183783
57822.51562183783
57822.51562183783
57822.51562183783
57822.51562183783
57822.51562183783
57822.51562183783
57822.51562183783
57822.51562183783
57822.51562183783
56749.87592872822
56749.87592872822
56749.87592872822
56749.87592872822
56749.87592872822
56749.87592872822
56749.87592872822
56749.87592872822
56749.87592872822
56749.87592872822
56749.87592872822
56749.87592872822
56749.87592872822
56749.87592872822
56749.87592872822
56749.87592872822
56749.87592872822
56749.87592872822
56749.87592872822
56749.87592872822
56749.87592872822
56749.87592872822
56749.87592872822
56749.87592872822
56749.87592872822
56749.87592872822
56749.87592872822
56749.87592872822
56749.87592872822
56749.87592872822
55452.82390331906
55452.82390331906
55452.82390331906
55452.82390331906
55452.82390331906
55452.82390331906
55452.82390331906
55452.82390331906
55452.82390331906
55452.82390331906
55452.82390331906
55452.82390331906
55452.82390331906
55452.82390331906
55452.82390331906
55452.82390331906
55452.82390331906
55452.82390331906
55452.82390331906
55452.82390331906
55452.82390331906
55452.82390331906
55452.82390331906
55452.82390331906
55452.82390331906
55452.82390331906
55452.82390331906
55452.82390331906
55452.82390331906
55452.82390331906
55452.82390331906
55452.82390331906
55452.82390331906
55452.82390331906
55452.82390331906
55452.82390331906
55452.82390331906
55452.82390331906
55452.82390331906
55452.82390331906
55452.82390331906
55452.82390331906
55452.82390331906
55452.82390331906
55452.82390331906
55452.82390331906
55388.17305447675
55388.17305447675
55388.17305447675
55388.17305447675
55388.17305447675
55388.17305447675
55388.17305447675
55388.17305447675
55388.17305447675
55388.17305447675
55388.17305447675
55388.17305447675
55388.17305447675
55388.17305447675
55388.17305447675
55388.17305447675
55388.17305447675
Time: 22.10745334625244 seconds 
Best solution: 55388.17305447675 [67, 74, 73, 62, 75, 81, 79, 71, 105, 49, 43, 34, 61, 37, 45, 27, 15, 46, 52, 87, 66, 91, 92, 83, 84, 90, 88, 70, 77, 101, 99, 98, 93, 82, 86, 65, 72, 78, 100, 28, 32, 56, 44, 58, 104, 16, 14, 13, 4, 25, 6, 23, 20, 11, 53, 42, 48, 69, 29, 30, 26, 1, 22, 10, 60, 7, 5, 21, 59, 39, 41, 51, 38, 35, 57, 17, 24, 47, 31, 12, 40, 19, 36, 2, 3, 8, 9, 18, 103, 33, 94, 95, 85, 102, 97, 96, 89, 64, 50, 54, 55, 63, 76, 80, 68]
Avg solution: 69061.33681353691