Alg:1, Run: 7, file: C:\Users\gabri\Documents\AN 3 SEM 2\AI\Lab\Lab3\\lin105.tsp, population number: 1000, generations: 2500 
103816.3343931252
103816.3343931252
103816.3343931252
98552.99009244851
98552.99009244851
98552.99009244851
98552.99009244851
98428.40043047162
98343.97019823016
96913.7305232376
96913.7305232376
93787.32609594293
93787.32609594293
93787.32609594293
93787.32609594293
93588.02370185532
93588.02370185532
91197.88604659164
89442.86915375282
89442.86915375282
89442.86915375282
86989.70964070881
86989.70964070881
86989.70964070881
86989.70964070881
84819.23907006072
84819.23907006072
84819.23907006072
84819.23907006072
84819.23907006072
84819.23907006072
84407.87638713671
84407.87638713671
78071.66023557882
78071.66023557882
78071.66023557882
78071.66023557882
78071.66023557882
78071.66023557882
78071.66023557882
78071.66023557882
78071.66023557882
78071.66023557882
78071.66023557882
78071.66023557882
78071.66023557882
78071.66023557882
78071.66023557882
78071.66023557882
78071.66023557882
78071.66023557882
78071.66023557882
78071.66023557882
78071.66023557882
78071.66023557882
78071.66023557882
78071.66023557882
76943.24144316066
76943.24144316066
76943.24144316066
76943.24144316066
76943.24144316066
76943.24144316066
76943.24144316066
76943.24144316066
74943.8816238692
74943.8816238692
74943.8816238692
74943.8816238692
74943.8816238692
74219.8941898336
74219.8941898336
74219.8941898336
74219.8941898336
74219.8941898336
74219.8941898336
74219.8941898336
74219.8941898336
74219.8941898336
74219.8941898336
74219.8941898336
74219.8941898336
74219.8941898336
72872.50620682773
72872.50620682773
72872.50620682773
72366.0598985632
72366.0598985632
72366.0598985632
72366.0598985632
71683.51845801907
71683.51845801907
71683.51845801907
71161.82819129853
71161.82819129853
71161.82819129853
71161.82819129853
71015.55863328469
71015.55863328469
71015.55863328469
70182.653308306
70182.653308306
70182.653308306
70182.653308306
70182.653308306
68589.81794008256
67266.34530991297
67266.34530991297
67266.34530991297
67266.34530991297
66766.29235756557
66766.29235756557
66766.29235756557
66766.29235756557
66766.29235756557
66766.29235756557
66766.29235756557
66766.29235756557
66766.29235756557
66766.29235756557
66766.29235756557
66766.29235756557
66543.90427101815
66543.90427101815
66543.90427101815
66543.90427101815
66543.90427101815
66543.90427101815
66543.90427101815
66543.90427101815
66543.90427101815
66532.96939804265
65366.57506674841
65366.57506674841
65366.57506674841
65366.57506674841
65366.57506674841
65366.57506674841
65366.57506674841
64757.62745784015
64757.62745784015
64757.62745784015
64757.62745784015
64757.62745784015
64757.62745784015
64757.62745784015
64757.62745784015
64757.62745784015
62307.10905655857
62307.10905655857
62307.10905655857
62307.10905655857
62307.10905655857
62307.10905655857
62307.10905655857
62307.10905655857
62307.10905655857
62307.10905655857
62307.10905655857
62307.10905655857
62307.10905655857
62307.10905655857
62307.10905655857
62307.10905655857
62307.10905655857
62307.10905655857
62307.10905655857
62307.10905655857
62307.10905655857
58973.24494835123
58973.24494835123
58973.24494835123
58973.24494835123
58973.24494835123
58973.24494835123
58973.24494835123
58973.24494835123
58973.24494835123
58973.24494835123
58973.24494835123
58973.24494835123
58973.24494835123
58973.24494835123
58973.24494835123
58973.24494835123
58973.24494835123
58360.53536900273
58360.53536900273
58360.53536900273
58360.53536900273
58360.53536900273
58360.53536900273
58360.53536900273
58360.53536900273
58360.53536900273
58360.53536900273
58360.53536900273
58360.53536900273
58360.53536900273
58360.53536900273
58360.53536900273
58360.53536900273
58360.53536900273
58360.53536900273
58360.53536900273
58360.53536900273
58360.53536900273
58360.53536900273
58360.53536900273
58360.53536900273
58240.89386150413
58240.89386150413
58240.89386150413
58240.89386150413
58240.89386150413
58240.89386150413
58240.89386150413
58240.89386150413
58240.89386150413
58240.89386150413
58240.89386150413
58240.89386150413
58240.89386150413
58240.89386150413
58240.89386150413
58240.89386150413
58240.89386150413
58240.89386150413
58240.89386150413
56483.11271136468
56483.11271136468
56483.11271136468
56483.11271136468
56483.11271136468
56483.11271136468
56483.11271136468
56483.11271136468
56483.11271136468
53933.9741105738
53933.9741105738
53933.9741105738
53933.9741105738
53933.9741105738
53933.9741105738
53933.9741105738
53933.9741105738
53933.9741105738
53933.9741105738
53933.9741105738
53933.9741105738
53933.9741105738
53933.9741105738
53933.9741105738
53933.9741105738
53933.9741105738
53933.9741105738
53933.9741105738
53933.9741105738
53933.9741105738
53933.9741105738
53933.9741105738
53933.9741105738
53933.9741105738
53933.9741105738
53933.9741105738
53933.9741105738
53933.9741105738
53933.9741105738
53933.9741105738
52707.68995896855
52707.68995896855
52707.68995896855
52707.68995896855
52707.68995896855
52707.68995896855
52707.68995896855
52707.68995896855
52707.68995896855
52707.68995896855
52707.68995896855
52707.68995896855
52707.68995896855
52707.68995896855
52707.68995896855
52707.68995896855
52707.68995896855
52707.68995896855
52707.68995896855
52707.68995896855
52707.68995896855
52707.68995896855
52707.68995896855
52707.68995896855
52707.68995896855
52707.68995896855
52707.68995896855
52707.68995896855
52707.68995896855
52707.68995896855
50681.40535682293
50681.40535682293
50681.40535682293
50681.40535682293
50681.40535682293
50681.40535682293
49209.810763564965
49209.810763564965
49209.810763564965
49209.810763564965
49209.810763564965
49209.810763564965
49209.810763564965
49209.810763564965
49209.810763564965
49209.810763564965
49209.810763564965
49209.810763564965
49209.810763564965
49209.810763564965
49209.810763564965
49209.810763564965
49209.810763564965
49209.810763564965
49209.810763564965
49209.810763564965
49209.810763564965
49209.810763564965
47388.50871057431
47388.50871057431
47388.50871057431
47388.50871057431
47388.50871057431
47388.50871057431
47388.50871057431
47388.50871057431
47388.50871057431
47388.50871057431
47388.50871057431
47388.50871057431
47388.50871057431
47388.50871057431
47388.50871057431
47388.50871057431
47388.50871057431
47388.50871057431
47388.50871057431
47388.50871057431
47388.50871057431
46837.9341361027
46837.9341361027
46837.9341361027
46837.9341361027
46837.9341361027
46837.9341361027
46837.9341361027
46837.9341361027
46837.9341361027
46837.9341361027
46837.9341361027
46837.9341361027
46837.9341361027
46837.9341361027
46837.9341361027
46837.9341361027
46837.9341361027
46837.9341361027
46758.05167143677
46758.05167143677
46758.05167143677
46758.05167143677
46758.05167143677
46758.05167143677
46758.05167143677
46758.05167143677
46758.05167143677
46758.05167143677
46758.05167143677
46758.05167143677
46758.05167143677
46758.05167143677
46758.05167143677
46758.05167143677
46133.10058061694
46133.10058061694
46133.10058061694
46133.10058061694
45078.44681834134
44754.0872277929
44754.0872277929
44754.0872277929
44754.0872277929
44754.0872277929
44754.0872277929
44754.0872277929
44754.0872277929
44754.0872277929
44754.0872277929
44754.0872277929
44754.0872277929
44754.0872277929
44754.0872277929
44754.0872277929
44754.0872277929
44754.0872277929
44754.0872277929
44754.0872277929
44754.0872277929
43768.132132606006
43768.132132606006
43768.132132606006
43768.132132606006
43768.132132606006
43211.75772539052
43211.75772539052
43211.75772539052
43211.75772539052
43211.75772539052
43211.75772539052
43211.75772539052
43211.75772539052
43211.75772539052
43211.75772539052
43211.75772539052
43211.75772539052
43211.75772539052
43211.75772539052
43211.75772539052
43211.75772539052
43211.75772539052
43211.75772539052
43211.75772539052
43211.75772539052
43211.75772539052
43211.75772539052
43211.75772539052
43211.75772539052
43211.75772539052
43211.75772539052
43211.75772539052
43211.75772539052
43211.75772539052
43211.75772539052
43211.75772539052
43211.75772539052
43211.75772539052
43211.75772539052
43211.75772539052
43211.75772539052
42696.53965715791
42696.53965715791
42696.53965715791
42696.53965715791
42696.53965715791
42343.501934406595
42343.501934406595
42343.501934406595
42343.501934406595
42343.501934406595
42343.501934406595
42343.501934406595
42343.501934406595
42343.501934406595
42343.501934406595
42343.501934406595
42343.501934406595
42343.501934406595
42343.501934406595
41878.92989214172
41878.92989214172
41878.92989214172
41878.92989214172
41878.92989214172
41878.92989214172
41878.92989214172
41878.92989214172
41878.92989214172
41878.92989214172
40386.89112381479
40386.89112381479
40386.89112381479
40386.89112381479
40386.89112381479
40386.89112381479
40386.89112381479
40386.89112381479
40386.89112381479
40386.89112381479
40386.89112381479
40386.89112381479
40386.89112381479
40386.89112381479
40386.89112381479
40386.89112381479
40386.89112381479
40386.89112381479
40386.89112381479
40386.89112381479
40386.89112381479
40386.89112381479
40386.89112381479
40386.89112381479
40386.89112381479
40386.89112381479
40386.89112381479
40386.89112381479
40386.89112381479
40386.89112381479
40386.89112381479
40386.89112381479
40386.89112381479
40386.89112381479
40386.89112381479
39855.393952838545
39855.393952838545
39855.393952838545
39855.393952838545
39855.393952838545
39855.393952838545
39855.393952838545
39855.393952838545
39855.393952838545
39855.393952838545
39855.393952838545
39855.393952838545
39855.393952838545
39855.393952838545
39855.393952838545
39855.393952838545
39855.393952838545
39855.393952838545
39855.393952838545
39855.393952838545
39329.55415424795
39329.55415424795
39329.55415424795
39329.55415424795
39329.55415424795
39329.55415424795
39329.55415424795
39329.55415424795
39329.55415424795
39329.55415424795
39329.55415424795
39329.55415424795
39329.55415424795
39329.55415424795
39329.55415424795
39329.55415424795
39329.55415424795
39329.55415424795
39329.55415424795
39329.55415424795
39329.55415424795
39329.55415424795
39329.55415424795
39329.55415424795
39329.55415424795
39329.55415424795
39297.56975821631
38216.44818006947
38216.44818006947
38216.44818006947
38216.44818006947
38216.44818006947
38216.44818006947
38216.44818006947
38216.44818006947
38216.44818006947
38216.44818006947
38216.44818006947
38216.44818006947
38216.44818006947
38216.44818006947
38216.44818006947
38216.44818006947
38216.44818006947
38216.44818006947
38216.44818006947
38216.44818006947
38216.44818006947
38216.44818006947
38216.44818006947
38216.44818006947
38216.44818006947
38216.44818006947
38216.44818006947
38216.44818006947
38216.44818006947
38216.44818006947
37144.994243956644
37144.994243956644
37144.994243956644
37144.994243956644
37144.994243956644
37144.994243956644
37144.994243956644
37144.994243956644
37144.994243956644
37144.994243956644
37144.994243956644
37144.994243956644
37144.994243956644
37144.994243956644
37144.994243956644
37144.994243956644
37144.994243956644
37144.994243956644
37144.994243956644
37144.994243956644
37144.994243956644
37144.994243956644
37144.994243956644
37144.994243956644
37144.994243956644
37144.994243956644
37144.994243956644
37144.994243956644
37144.994243956644
37144.994243956644
37144.994243956644
37144.994243956644
37144.994243956644
37144.994243956644
37144.994243956644
37144.994243956644
37144.994243956644
37144.994243956644
37144.994243956644
37144.994243956644
37144.994243956644
37144.994243956644
37144.994243956644
37144.994243956644
35964.45964818289
35964.45964818289
35964.45964818289
35964.45964818289
35964.45964818289
35964.45964818289
35964.45964818289
35964.45964818289
35964.45964818289
35964.45964818289
35964.45964818289
35964.45964818289
35964.45964818289
35964.45964818289
35964.45964818289
35964.45964818289
35964.45964818289
35964.45964818289
35964.45964818289
35964.45964818289
35613.25082261709
35613.25082261709
35613.25082261709
35613.25082261709
35613.25082261709
35613.25082261709
35613.25082261709
35613.25082261709
35613.25082261709
35613.25082261709
35613.25082261709
35613.25082261709
35613.25082261709
35613.25082261709
35067.87101134719
35067.87101134719
35067.87101134719
35067.87101134719
35067.87101134719
35067.87101134719
35067.87101134719
35067.87101134719
35067.87101134719
35067.87101134719
35067.87101134719
35067.87101134719
35067.87101134719
35067.87101134719
35067.87101134719
35067.87101134719
35067.87101134719
35067.87101134719
35067.87101134719
35067.87101134719
33742.20419078427
33742.20419078427
33742.20419078427
33742.20419078427
33742.20419078427
33742.20419078427
33742.20419078427
33742.20419078427
33742.20419078427
33742.20419078427
33742.20419078427
33742.20419078427
33742.20419078427
33742.20419078427
33742.20419078427
33742.20419078427
33742.20419078427
33742.20419078427
33742.20419078427
33742.20419078427
33742.20419078427
33742.20419078427
33742.20419078427
33742.20419078427
33742.20419078427
33742.20419078427
33742.20419078427
33742.20419078427
33742.20419078427
33742.20419078427
33742.20419078427
33742.20419078427
33742.20419078427
33742.20419078427
33742.20419078427
33742.20419078427
33742.20419078427
33742.20419078427
33742.20419078427
33742.20419078427
33742.20419078427
33742.20419078427
33742.20419078427
33742.20419078427
33742.20419078427
33742.20419078427
33742.20419078427
33742.20419078427
33742.20419078427
33742.20419078427
33742.20419078427
33742.20419078427
33742.20419078427
33742.20419078427
33742.20419078427
33742.20419078427
33742.20419078427
33742.20419078427
33742.20419078427
33742.20419078427
33742.20419078427
33742.20419078427
33742.20419078427
33742.20419078427
33742.20419078427
33742.20419078427
33742.20419078427
33742.20419078427
33742.20419078427
33742.20419078427
33742.20419078427
33742.20419078427
33742.20419078427
33742.20419078427
33742.20419078427
33742.20419078427
33651.814969630555
33651.814969630555
33651.814969630555
33651.814969630555
33651.814969630555
33651.814969630555
33651.814969630555
33651.814969630555
33651.814969630555
33651.814969630555
33651.814969630555
33651.814969630555
33651.814969630555
33651.814969630555
33651.814969630555
33651.814969630555
33651.814969630555
33651.814969630555
33651.814969630555
33624.15765101641
33624.15765101641
33624.15765101641
33624.15765101641
33624.15765101641
32410.277712996685
32410.277712996685
32410.277712996685
32410.277712996685
32410.277712996685
32410.277712996685
32410.277712996685
32410.277712996685
32410.277712996685
32410.277712996685
32410.277712996685
32410.277712996685
32152.152218331175
32152.152218331175
32152.152218331175
32152.152218331175
32152.152218331175
32152.152218331175
31491.69754401926
31491.69754401926
31491.69754401926
31491.69754401926
31491.69754401926
31491.69754401926
31491.69754401926
31491.69754401926
31491.69754401926
31491.69754401926
31491.69754401926
31491.69754401926
31491.69754401926
31491.69754401926
31491.69754401926
31491.69754401926
31491.69754401926
31491.69754401926
31491.69754401926
31491.69754401926
31491.69754401926
31491.69754401926
31491.69754401926
31491.69754401926
31491.69754401926
31491.69754401926
31491.69754401926
31491.69754401926
31491.69754401926
31491.69754401926
31491.69754401926
31491.69754401926
31491.69754401926
31491.69754401926
31491.69754401926
31491.69754401926
31491.69754401926
31491.69754401926
31491.69754401926
31491.69754401926
31491.69754401926
31491.69754401926
31491.69754401926
31491.69754401926
31491.69754401926
31491.69754401926
31491.69754401926
31491.69754401926
31491.69754401926
31491.69754401926
31491.69754401926
31491.69754401926
31491.69754401926
31491.69754401926
31491.69754401926
31491.69754401926
31491.69754401926
31491.69754401926
31491.69754401926
31418.410382311653
31418.410382311653
31418.410382311653
31418.410382311653
31418.410382311653
31418.410382311653
31418.410382311653
31418.410382311653
31418.410382311653
31418.410382311653
31418.410382311653
31418.410382311653
31418.410382311653
31418.410382311653
31418.410382311653
31418.410382311653
31418.410382311653
31418.410382311653
31418.410382311653
31418.410382311653
31418.410382311653
31418.410382311653
31418.410382311653
31418.410382311653
31418.410382311653
31418.410382311653
31418.410382311653
31418.410382311653
31418.410382311653
31418.410382311653
31418.410382311653
30724.841099620975
30724.841099620975
30724.841099620975
30724.841099620975
30724.841099620975
30724.841099620975
30724.841099620975
30724.841099620975
30724.841099620975
30724.841099620975
30724.841099620975
30724.841099620975
30724.841099620975
30724.841099620975
30724.841099620975
30724.841099620975
30724.841099620975
30724.841099620975
30724.841099620975
30724.841099620975
30724.841099620975
30724.841099620975
30724.841099620975
30724.841099620975
30724.841099620975
30724.841099620975
30724.841099620975
30724.841099620975
30724.841099620975
30724.841099620975
30724.841099620975
30724.841099620975
30724.841099620975
30724.841099620975
30724.841099620975
30724.841099620975
30724.841099620975
30724.841099620975
30724.841099620975
30724.841099620975
30724.841099620975
30724.841099620975
30724.841099620975
30724.841099620975
30724.841099620975
30724.841099620975
30724.841099620975
30724.841099620975
30648.296719954742
30648.296719954742
30648.296719954742
30648.296719954742
30648.296719954742
30648.296719954742
30648.296719954742
30648.296719954742
30648.296719954742
30648.296719954742
30648.296719954742
30648.296719954742
30648.296719954742
30648.296719954742
30648.296719954742
30648.296719954742
30348.028863414387
30348.028863414387
30348.028863414387
30226.675684490103
30226.675684490103
30226.675684490103
30226.675684490103
30226.675684490103
30226.675684490103
30226.675684490103
30226.675684490103
30226.675684490103
30226.675684490103
30226.675684490103
30226.675684490103
30226.675684490103
30226.675684490103
30226.675684490103
30226.675684490103
30226.675684490103
30226.675684490103
30226.675684490103
30226.675684490103
30226.675684490103
30226.675684490103
30226.675684490103
30226.675684490103
30226.675684490103
30226.675684490103
30226.675684490103
30226.675684490103
30226.675684490103
30226.675684490103
30226.675684490103
30226.675684490103
30226.675684490103
30226.675684490103
30226.675684490103
30226.675684490103
30226.675684490103
30226.675684490103
30226.675684490103
30226.675684490103
30226.675684490103
30226.675684490103
30226.675684490103
30226.675684490103
30226.675684490103
30226.675684490103
30226.675684490103
30226.675684490103
30226.675684490103
30226.675684490103
30226.675684490103
30226.675684490103
30107.53457375471
30107.53457375471
29979.738981948158
29979.738981948158
29979.738981948158
29979.738981948158
29979.738981948158
29979.738981948158
29979.738981948158
29979.738981948158
29979.738981948158
29979.738981948158
29979.738981948158
29979.738981948158
29979.738981948158
29979.738981948158
29979.738981948158
29979.738981948158
29979.738981948158
29979.738981948158
29979.738981948158
29979.738981948158
29979.738981948158
29979.738981948158
29979.738981948158
29979.738981948158
29979.738981948158
29979.738981948158
29979.738981948158
29230.626492053656
29230.626492053656
29230.626492053656
29230.626492053656
29230.626492053656
29230.626492053656
29230.626492053656
29230.626492053656
29230.626492053656
29230.626492053656
29230.626492053656
29230.626492053656
29230.626492053656
29230.626492053656
29230.626492053656
29230.626492053656
29230.626492053656
29230.626492053656
29230.626492053656
29230.626492053656
29230.626492053656
29230.626492053656
29230.626492053656
29230.626492053656
29230.626492053656
29230.626492053656
29230.626492053656
29230.626492053656
28705.32316042805
28705.32316042805
28705.32316042805
28705.32316042805
28705.32316042805
28705.32316042805
28705.32316042805
28705.32316042805
28705.32316042805
28705.32316042805
28705.32316042805
28705.32316042805
28705.32316042805
28705.32316042805
28705.32316042805
28705.32316042805
28705.32316042805
28705.32316042805
28705.32316042805
28705.32316042805
28705.32316042805
28705.32316042805
28705.32316042805
28705.32316042805
28705.32316042805
28705.32316042805
28705.32316042805
28705.32316042805
28705.32316042805
28705.32316042805
28705.32316042805
28705.32316042805
28705.32316042805
28705.32316042805
28705.32316042805
28705.32316042805
28705.32316042805
28705.32316042805
28705.32316042805
28705.32316042805
28705.32316042805
28705.32316042805
28705.32316042805
28705.32316042805
28705.32316042805
28705.32316042805
28705.32316042805
28705.32316042805
28705.32316042805
28705.32316042805
28705.32316042805
28705.32316042805
28705.32316042805
28705.32316042805
28705.32316042805
28373.052832136396
28373.052832136396
28373.052832136396
28373.052832136396
28373.052832136396
28373.052832136396
28373.052832136396
28373.052832136396
28373.052832136396
28373.052832136396
28373.052832136396
28373.052832136396
28373.052832136396
28373.052832136396
28373.052832136396
28373.052832136396
28373.052832136396
28373.052832136396
28373.052832136396
28373.052832136396
28373.052832136396
28373.052832136396
28373.052832136396
28373.052832136396
28373.052832136396
28373.052832136396
28373.052832136396
28373.052832136396
28373.052832136396
28373.052832136396
28373.052832136396
28373.052832136396
28373.052832136396
28373.052832136396
28373.052832136396
28373.052832136396
28373.052832136396
28373.052832136396
28373.052832136396
28373.052832136396
28373.052832136396
28373.052832136396
28373.052832136396
28373.052832136396
28373.052832136396
28373.052832136396
28373.052832136396
28373.052832136396
28373.052832136396
28373.052832136396
28373.052832136396
28373.052832136396
28373.052832136396
28373.052832136396
28373.052832136396
28373.052832136396
28373.052832136396
28373.052832136396
28373.052832136396
28373.052832136396
28373.052832136396
28373.052832136396
28373.052832136396
28373.052832136396
28373.052832136396
28373.052832136396
28373.052832136396
28373.052832136396
28373.052832136396
28373.052832136396
28373.052832136396
28373.052832136396
28373.052832136396
28373.052832136396
28373.052832136396
28373.052832136396
28373.052832136396
28373.052832136396
28373.052832136396
28373.052832136396
28373.052832136396
28373.052832136396
28373.052832136396
28373.052832136396
28373.052832136396
28373.052832136396
28373.052832136396
28373.052832136396
28373.052832136396
28373.052832136396
28373.052832136396
28373.052832136396
28373.052832136396
28373.052832136396
28373.052832136396
28373.052832136396
28373.052832136396
28373.052832136396
28373.052832136396
28373.052832136396
28373.052832136396
28373.052832136396
28373.052832136396
28373.052832136396
28373.052832136396
28373.052832136396
28373.052832136396
28373.052832136396
28373.052832136396
28373.052832136396
28373.052832136396
28373.052832136396
28373.052832136396
28373.052832136396
28373.052832136396
28373.052832136396
28373.052832136396
28373.052832136396
28373.052832136396
28373.052832136396
28373.052832136396
28373.052832136396
27781.06920004809
27781.06920004809
27781.06920004809
27781.06920004809
27781.06920004809
27781.06920004809
27781.06920004809
27781.06920004809
27781.06920004809
27781.06920004809
27781.06920004809
27781.06920004809
27781.06920004809
27781.06920004809
27781.06920004809
27781.06920004809
27781.06920004809
27781.06920004809
27781.06920004809
27781.06920004809
27781.06920004809
27781.06920004809
27781.06920004809
27781.06920004809
27781.06920004809
27781.06920004809
27781.06920004809
27781.06920004809
27781.06920004809
27781.06920004809
27781.06920004809
27781.06920004809
27781.06920004809
27781.06920004809
27781.06920004809
27781.06920004809
27781.06920004809
27781.06920004809
27781.06920004809
27679.67689275137
27679.67689275137
27679.67689275137
27679.67689275137
27679.67689275137
27679.67689275137
27679.67689275137
27679.67689275137
27679.67689275137
27679.67689275137
27679.67689275137
27679.67689275137
27679.67689275137
27679.67689275137
27679.67689275137
27679.67689275137
27679.67689275137
27679.67689275137
27679.67689275137
27679.67689275137
27679.67689275137
27679.67689275137
27679.67689275137
27196.112626166374
27196.112626166374
27196.112626166374
27196.112626166374
27196.112626166374
27196.112626166374
27196.112626166374
27196.112626166374
27196.112626166374
27196.112626166374
27196.112626166374
27196.112626166374
27196.112626166374
27196.112626166374
27196.112626166374
27196.112626166374
27196.112626166374
27196.112626166374
27196.112626166374
27196.112626166374
27196.112626166374
27196.112626166374
27196.112626166374
27196.112626166374
27196.112626166374
27196.112626166374
27196.112626166374
27196.112626166374
27196.112626166374
27196.112626166374
27196.112626166374
27196.112626166374
27196.112626166374
27196.112626166374
27196.112626166374
27196.112626166374
27196.112626166374
27196.112626166374
27196.112626166374
27196.112626166374
27196.112626166374
27196.112626166374
27196.112626166374
27196.112626166374
27196.112626166374
27196.112626166374
27029.284284110196
27029.284284110196
27029.284284110196
27029.284284110196
27029.284284110196
27029.284284110196
27029.284284110196
27029.284284110196
27029.284284110196
27029.284284110196
27029.284284110196
27029.284284110196
27029.284284110196
27029.284284110196
27029.284284110196
27029.284284110196
27029.284284110196
27029.284284110196
27029.284284110196
27029.284284110196
27029.284284110196
27029.284284110196
27029.284284110196
27029.284284110196
27029.284284110196
27029.284284110196
27029.284284110196
27029.284284110196
27029.284284110196
27029.284284110196
27029.284284110196
27029.284284110196
27029.284284110196
27029.284284110196
27029.284284110196
27029.284284110196
27029.284284110196
27029.284284110196
27029.284284110196
27029.284284110196
27029.284284110196
27029.284284110196
27029.284284110196
27029.284284110196
27029.284284110196
27029.284284110196
27029.284284110196
27029.284284110196
27029.284284110196
27029.284284110196
27029.284284110196
27029.284284110196
27029.284284110196
27029.284284110196
27029.284284110196
27029.284284110196
27029.284284110196
27015.70124483721
27015.70124483721
27015.70124483721
27015.70124483721
27015.70124483721
27015.70124483721
27015.70124483721
27015.70124483721
27015.70124483721
27015.70124483721
27015.70124483721
27015.70124483721
27015.70124483721
27015.70124483721
27015.70124483721
27015.70124483721
27015.70124483721
27015.70124483721
27015.70124483721
27015.70124483721
27015.70124483721
27015.70124483721
27015.70124483721
27015.70124483721
27015.70124483721
27015.70124483721
27015.70124483721
27015.70124483721
27015.70124483721
27015.70124483721
27015.70124483721
27015.70124483721
27015.70124483721
27015.70124483721
27015.70124483721
27015.70124483721
27015.70124483721
27015.70124483721
27015.70124483721
27015.70124483721
26415.552876613605
26415.552876613605
26415.552876613605
26415.552876613605
26415.552876613605
26415.552876613605
26415.552876613605
26415.552876613605
26415.552876613605
26415.552876613605
26415.552876613605
26415.552876613605
26415.552876613605
26415.552876613605
26415.552876613605
26415.552876613605
26415.552876613605
26415.552876613605
26415.552876613605
26415.552876613605
26415.552876613605
26415.552876613605
26415.552876613605
26415.552876613605
26415.552876613605
26415.552876613605
26415.552876613605
26415.552876613605
26415.552876613605
26415.552876613605
26415.552876613605
26415.552876613605
26415.552876613605
26415.552876613605
26415.552876613605
26415.552876613605
26415.552876613605
26415.552876613605
26415.552876613605
26415.552876613605
26415.552876613605
26415.552876613605
26415.552876613605
26415.552876613605
26415.552876613605
26415.552876613605
26415.552876613605
26415.552876613605
26415.552876613605
26415.552876613605
26415.552876613605
26415.552876613605
26415.552876613605
26415.552876613605
26415.552876613605
26415.552876613605
26415.552876613605
26415.552876613605
26415.552876613605
26415.552876613605
26415.552876613605
26415.552876613605
26415.552876613605
26415.552876613605
26415.552876613605
26415.552876613605
26415.552876613605
26415.552876613605
26415.552876613605
26415.552876613605
26415.552876613605
26415.552876613605
26415.552876613605
26415.552876613605
26415.552876613605
26415.552876613605
26028.73778451258
26028.73778451258
26028.73778451258
26028.73778451258
26028.73778451258
26028.73778451258
26028.73778451258
26028.73778451258
26028.73778451258
26028.73778451258
26028.73778451258
26028.73778451258
26028.73778451258
26028.73778451258
26028.73778451258
26028.73778451258
26028.73778451258
26028.73778451258
26028.73778451258
26028.73778451258
26028.73778451258
26028.73778451258
26028.73778451258
26028.73778451258
26028.73778451258
26028.73778451258
26028.73778451258
26028.73778451258
26028.73778451258
26028.73778451258
26028.73778451258
26028.73778451258
26028.73778451258
26028.73778451258
26028.73778451258
26028.73778451258
26028.73778451258
26028.73778451258
26028.73778451258
26028.73778451258
26028.73778451258
26028.73778451258
26028.73778451258
26028.73778451258
26028.73778451258
26028.73778451258
26028.73778451258
26028.73778451258
26028.73778451258
26028.73778451258
26028.73778451258
26028.73778451258
26028.73778451258
26028.73778451258
26028.73778451258
26028.73778451258
26028.73778451258
26028.73778451258
26028.73778451258
26028.73778451258
26028.73778451258
26028.73778451258
26028.73778451258
26028.73778451258
26028.73778451258
26028.73778451258
26028.73778451258
26028.73778451258
26028.73778451258
26028.73778451258
25226.693192610604
25226.693192610604
25226.693192610604
25226.693192610604
25226.693192610604
25226.693192610604
25226.693192610604
25226.693192610604
25226.693192610604
25226.693192610604
25226.693192610604
25226.693192610604
25226.693192610604
25226.693192610604
25226.693192610604
25226.693192610604
25226.693192610604
25226.693192610604
25226.693192610604
25226.693192610604
25226.693192610604
25226.693192610604
25226.693192610604
25226.693192610604
25226.693192610604
25226.693192610604
25226.693192610604
25226.693192610604
25226.693192610604
25226.693192610604
25226.693192610604
25226.693192610604
25226.693192610604
25226.693192610604
25226.693192610604
25226.693192610604
25226.693192610604
25226.693192610604
25226.693192610604
25226.693192610604
25226.693192610604
25226.693192610604
25226.693192610604
25226.693192610604
25226.693192610604
25226.693192610604
25226.693192610604
25226.693192610604
25226.693192610604
25226.693192610604
25226.693192610604
25226.693192610604
25226.693192610604
25226.693192610604
25226.693192610604
25226.693192610604
25226.693192610604
25226.693192610604
25226.693192610604
25226.693192610604
25226.693192610604
25226.693192610604
25226.693192610604
25226.693192610604
25226.693192610604
25226.693192610604
25226.693192610604
25226.693192610604
25226.693192610604
25226.693192610604
25226.693192610604
25226.693192610604
25226.693192610604
25226.693192610604
25226.693192610604
25226.693192610604
25226.693192610604
25226.693192610604
25226.693192610604
25226.693192610604
25226.693192610604
25226.693192610604
25226.693192610604
25226.693192610604
25226.693192610604
25226.693192610604
25226.693192610604
25226.693192610604
25226.693192610604
25226.693192610604
25226.693192610604
25226.693192610604
25226.693192610604
25226.693192610604
25226.693192610604
25226.693192610604
25226.693192610604
25226.693192610604
25226.693192610604
25226.693192610604
25226.693192610604
25226.693192610604
25226.693192610604
25226.693192610604
25226.693192610604
25226.693192610604
25226.693192610604
25226.693192610604
25226.693192610604
25056.24503888256
25056.24503888256
25056.24503888256
25056.24503888256
25056.24503888256
25056.24503888256
25056.24503888256
25056.24503888256
25056.24503888256
25056.24503888256
25056.24503888256
25056.24503888256
25056.24503888256
25056.24503888256
25056.24503888256
25056.24503888256
25056.24503888256
25056.24503888256
25056.24503888256
25056.24503888256
25056.24503888256
25056.24503888256
25056.24503888256
25056.24503888256
25056.24503888256
25056.24503888256
25056.24503888256
25056.24503888256
25056.24503888256
25056.24503888256
25056.24503888256
25056.24503888256
25056.24503888256
25056.24503888256
25056.24503888256
25056.24503888256
25056.24503888256
25056.24503888256
25056.24503888256
25056.24503888256
25056.24503888256
25056.24503888256
25056.24503888256
25056.24503888256
25056.24503888256
25056.24503888256
25056.24503888256
25056.24503888256
25056.24503888256
25056.24503888256
25056.24503888256
25056.24503888256
25056.24503888256
25056.24503888256
25056.24503888256
25056.24503888256
25056.24503888256
25056.24503888256
25056.24503888256
25056.24503888256
25056.24503888256
25056.24503888256
25056.24503888256
25056.24503888256
25056.24503888256
25056.24503888256
25056.24503888256
25056.24503888256
25056.24503888256
25056.24503888256
25056.24503888256
25056.24503888256
25056.24503888256
25056.24503888256
25056.24503888256
25056.24503888256
25056.24503888256
25056.24503888256
25056.24503888256
25056.24503888256
25056.24503888256
25056.24503888256
25056.24503888256
25056.24503888256
25056.24503888256
25056.24503888256
25056.24503888256
25056.24503888256
24689.507939417195
24689.507939417195
24689.507939417195
24689.507939417195
24689.507939417195
24689.507939417195
24689.507939417195
24689.507939417195
24689.507939417195
24689.507939417195
24689.507939417195
24689.507939417195
24689.507939417195
24689.507939417195
24689.507939417195
24689.507939417195
24689.507939417195
24689.507939417195
24689.507939417195
24689.507939417195
24689.507939417195
24689.507939417195
24689.507939417195
24689.507939417195
24689.507939417195
24689.507939417195
24689.507939417195
24689.507939417195
24689.507939417195
24689.507939417195
24689.507939417195
24689.507939417195
24689.507939417195
24689.507939417195
24689.507939417195
24689.507939417195
24689.507939417195
24689.507939417195
24689.507939417195
24689.507939417195
24689.507939417195
24689.507939417195
24689.507939417195
24689.507939417195
24689.507939417195
24689.507939417195
24689.507939417195
24689.507939417195
24689.507939417195
24689.507939417195
24689.507939417195
24689.507939417195
24689.507939417195
24689.507939417195
24689.507939417195
24689.507939417195
24689.507939417195
24689.507939417195
24689.507939417195
24689.507939417195
24689.507939417195
24689.507939417195
24689.507939417195
24689.507939417195
24689.507939417195
24689.507939417195
24689.507939417195
24689.507939417195
24689.507939417195
24689.507939417195
24689.507939417195
24689.507939417195
24689.507939417195
24689.507939417195
24689.507939417195
24689.507939417195
24689.507939417195
24689.507939417195
24689.507939417195
24689.507939417195
24689.507939417195
24689.507939417195
24689.507939417195
24689.507939417195
24689.507939417195
24689.507939417195
24689.507939417195
24689.507939417195
24689.507939417195
24689.507939417195
24689.507939417195
24689.507939417195
24689.507939417195
24689.507939417195
24689.507939417195
24689.507939417195
24689.507939417195
24689.507939417195
24689.507939417195
24689.507939417195
24689.507939417195
24689.507939417195
24689.507939417195
24689.507939417195
24689.507939417195
24689.507939417195
24689.507939417195
24689.507939417195
24689.507939417195
24545.44347197178
24545.44347197178
24545.44347197178
24545.44347197178
24545.44347197178
24545.44347197178
24545.44347197178
24545.44347197178
24545.44347197178
24545.44347197178
24545.44347197178
24545.44347197178
24545.44347197178
24545.44347197178
24545.44347197178
24545.44347197178
24545.44347197178
24545.44347197178
24545.44347197178
24545.44347197178
24545.44347197178
24545.44347197178
24545.44347197178
24545.44347197178
24545.44347197178
24545.44347197178
24545.44347197178
24545.44347197178
24545.44347197178
24545.44347197178
24545.44347197178
24545.44347197178
24545.44347197178
24545.44347197178
24545.44347197178
24545.44347197178
24545.44347197178
24545.44347197178
24545.44347197178
24545.44347197178
24545.44347197178
24545.44347197178
24545.44347197178
24545.44347197178
24545.44347197178
24545.44347197178
24545.44347197178
24545.44347197178
24545.44347197178
24545.44347197178
24545.44347197178
24545.44347197178
24545.44347197178
24545.44347197178
24545.44347197178
24545.44347197178
24545.44347197178
24545.44347197178
24545.44347197178
24545.44347197178
24545.44347197178
24545.44347197178
24545.44347197178
24545.44347197178
24545.44347197178
24545.44347197178
24545.44347197178
24545.44347197178
24545.44347197178
24545.44347197178
24545.44347197178
24545.44347197178
24545.44347197178
24545.44347197178
24545.44347197178
24545.44347197178
24545.44347197178
24545.44347197178
24545.44347197178
24545.44347197178
24545.44347197178
24528.656270697462
24469.54537759536
24469.54537759536
24469.54537759536
24469.54537759536
24469.54537759536
24469.54537759536
24469.54537759536
24469.54537759536
24469.54537759536
24469.54537759536
24469.54537759536
24469.54537759536
24469.54537759536
24469.54537759536
24469.54537759536
24469.54537759536
24469.54537759536
24469.54537759536
24469.54537759536
24469.54537759536
24469.54537759536
24469.54537759536
24469.54537759536
24469.54537759536
24469.54537759536
24469.54537759536
24469.54537759536
24469.54537759536
24469.54537759536
24469.54537759536
24469.54537759536
24186.64707899865
24186.64707899865
24186.64707899865
24186.64707899865
24186.64707899865
24186.64707899865
24186.64707899865
24186.64707899865
24186.64707899865
24186.64707899865
24186.64707899865
24186.64707899865
24186.64707899865
24186.64707899865
24186.64707899865
24186.64707899865
24186.64707899865
24186.64707899865
24186.64707899865
24186.64707899865
24102.284092031205
24102.284092031205
24102.284092031205
24102.284092031205
24102.284092031205
24102.284092031205
24102.284092031205
24102.284092031205
24102.284092031205
24102.284092031205
24102.284092031205
24102.284092031205
24102.284092031205
24102.284092031205
24102.284092031205
24102.284092031205
24102.284092031205
24102.284092031205
24102.284092031205
24102.284092031205
24102.284092031205
24102.284092031205
24102.284092031205
24102.284092031205
24102.284092031205
24102.284092031205
24102.284092031205
24102.284092031205
24102.284092031205
24102.284092031205
24102.284092031205
24102.284092031205
24102.284092031205
24102.284092031205
24102.284092031205
24102.284092031205
24102.284092031205
24102.284092031205
24102.284092031205
24102.284092031205
24102.284092031205
24102.284092031205
24102.284092031205
24102.284092031205
24102.284092031205
24102.284092031205
24102.284092031205
24102.284092031205
24102.284092031205
24102.284092031205
24102.284092031205
24102.284092031205
24102.284092031205
24102.284092031205
24102.284092031205
24102.284092031205
24102.284092031205
24102.284092031205
24102.284092031205
23828.707782203335
23828.707782203335
23828.707782203335
23828.707782203335
23828.707782203335
23828.707782203335
23828.707782203335
23828.707782203335
23828.707782203335
23828.707782203335
23828.707782203335
23828.707782203335
23828.707782203335
23828.707782203335
23828.707782203335
23828.707782203335
23828.707782203335
23828.707782203335
23828.707782203335
23828.707782203335
23828.707782203335
23828.707782203335
23828.707782203335
23828.707782203335
23828.707782203335
23828.707782203335
23828.707782203335
23828.707782203335
23612.080839402275
23612.080839402275
23612.080839402275
23612.080839402275
23612.080839402275
23612.080839402275
23612.080839402275
23612.080839402275
23612.080839402275
23612.080839402275
23612.080839402275
23612.080839402275
23612.080839402275
23612.080839402275
23612.080839402275
23612.080839402275
23612.080839402275
23612.080839402275
23612.080839402275
23612.080839402275
23612.080839402275
23612.080839402275
23612.080839402275
23612.080839402275
23612.080839402275
23612.080839402275
23612.080839402275
23612.080839402275
23612.080839402275
23612.080839402275
23612.080839402275
23612.080839402275
23612.080839402275
23612.080839402275
23612.080839402275
23612.080839402275
23612.080839402275
23612.080839402275
23612.080839402275
23612.080839402275
23612.080839402275
23612.080839402275
23612.080839402275
23612.080839402275
23612.080839402275
23612.080839402275
23612.080839402275
23612.080839402275
23612.080839402275
23612.080839402275
23612.080839402275
23612.080839402275
23585.55194235386
23585.55194235386
23585.55194235386
23585.55194235386
23585.55194235386
23585.55194235386
23585.55194235386
23585.55194235386
23585.55194235386
23585.55194235386
23585.55194235386
23585.55194235386
23585.55194235386
23585.55194235386
23585.55194235386
23585.55194235386
23585.55194235386
23585.55194235386
23585.55194235386
23585.55194235386
23585.55194235386
23585.55194235386
23585.55194235386
23585.55194235386
23585.55194235386
23585.55194235386
23585.55194235386
23585.55194235386
23585.55194235386
23585.55194235386
23585.55194235386
23585.55194235386
23585.55194235386
23585.55194235386
23585.55194235386
23585.55194235386
23585.55194235386
23585.55194235386
23585.55194235386
23585.55194235386
23585.55194235386
23585.55194235386
23585.55194235386
23585.55194235386
23585.55194235386
23585.55194235386
23585.55194235386
23585.55194235386
23585.55194235386
23585.55194235386
23585.55194235386
23585.55194235386
23585.55194235386
23585.55194235386
23585.55194235386
23585.55194235386
23585.55194235386
23585.55194235386
23585.55194235386
23585.55194235386
23585.55194235386
23585.55194235386
23585.55194235386
23585.55194235386
23585.55194235386
23585.55194235386
23585.55194235386
23585.55194235386
23585.55194235386
23585.55194235386
23585.55194235386
23585.55194235386
23585.55194235386
23585.55194235386
23585.55194235386
23585.55194235386
23585.55194235386
23585.55194235386
23585.55194235386
23585.55194235386
23585.55194235386
23585.55194235386
23585.55194235386
23585.55194235386
23585.55194235386
23585.55194235386
23585.55194235386
23585.55194235386
23585.55194235386
23585.55194235386
23585.55194235386
23585.55194235386
23585.55194235386
23585.55194235386
23585.55194235386
23585.55194235386
23585.55194235386
23585.55194235386
23585.55194235386
23585.55194235386
23585.55194235386
23585.55194235386
23585.55194235386
23585.55194235386
23585.55194235386
23585.55194235386
23585.55194235386
23585.55194235386
23585.55194235386
23585.55194235386
23585.55194235386
23215.48116300807
23215.48116300807
23215.48116300807
23215.48116300807
23215.48116300807
23215.48116300807
23215.48116300807
23215.48116300807
23215.48116300807
23215.48116300807
23215.48116300807
23215.48116300807
23215.48116300807
23215.48116300807
23215.48116300807
23215.48116300807
23215.48116300807
23215.48116300807
23215.48116300807
23215.48116300807
23215.48116300807
23215.48116300807
23215.48116300807
23215.48116300807
23215.48116300807
23215.48116300807
23215.48116300807
23215.48116300807
23215.48116300807
23215.48116300807
23215.48116300807
23215.48116300807
23215.48116300807
23215.48116300807
23215.48116300807
23215.48116300807
23215.48116300807
23215.48116300807
23215.48116300807
23215.48116300807
23215.48116300807
23215.48116300807
23215.48116300807
23215.48116300807
23215.48116300807
23215.48116300807
23215.48116300807
23215.48116300807
23215.48116300807
23215.48116300807
23215.48116300807
23215.48116300807
23215.48116300807
23215.48116300807
23215.48116300807
23215.48116300807
23215.48116300807
23215.48116300807
23215.48116300807
23215.48116300807
23215.48116300807
23215.48116300807
23215.48116300807
23215.48116300807
23215.48116300807
23215.48116300807
23215.48116300807
23215.48116300807
23215.48116300807
23215.48116300807
23215.48116300807
23215.48116300807
23215.48116300807
23215.48116300807
23215.48116300807
23215.48116300807
23215.48116300807
23215.48116300807
23215.48116300807
23215.48116300807
23215.48116300807
23215.48116300807
23215.48116300807
23215.48116300807
23215.48116300807
23215.48116300807
23215.48116300807
23215.48116300807
23215.48116300807
23215.48116300807
23215.48116300807
23215.48116300807
23215.48116300807
23215.48116300807
23215.48116300807
23215.48116300807
23215.48116300807
23215.48116300807
23215.48116300807
23215.48116300807
23215.48116300807
23215.48116300807
23215.48116300807
23215.48116300807
23215.48116300807
23215.48116300807
23215.48116300807
23215.48116300807
23215.48116300807
23215.48116300807
23215.48116300807
23215.48116300807
23215.48116300807
23215.48116300807
23215.48116300807
23215.48116300807
23215.48116300807
23215.48116300807
23215.48116300807
23215.48116300807
23215.48116300807
23215.48116300807
23215.48116300807
23215.48116300807
23215.48116300807
23215.48116300807
23215.48116300807
23215.48116300807
23215.48116300807
23215.48116300807
23215.48116300807
23215.48116300807
23215.48116300807
23215.48116300807
23215.48116300807
23215.48116300807
23215.48116300807
23215.48116300807
23215.48116300807
23215.48116300807
23215.48116300807
23215.48116300807
23215.48116300807
23215.48116300807
23215.48116300807
23215.48116300807
23215.48116300807
23215.48116300807
23215.48116300807
23215.48116300807
23215.48116300807
23215.48116300807
23215.48116300807
23215.48116300807
23215.48116300807
23215.48116300807
23215.48116300807
23215.48116300807
23215.48116300807
23215.48116300807
23215.48116300807
23215.48116300807
23215.48116300807
23215.48116300807
23215.48116300807
23215.48116300807
23215.48116300807
23215.48116300807
23215.48116300807
23215.48116300807
23215.48116300807
23215.48116300807
23215.48116300807
23215.48116300807
23215.48116300807
23215.48116300807
23215.48116300807
23215.48116300807
23215.48116300807
23215.48116300807
23215.48116300807
23215.48116300807
23215.48116300807
23215.48116300807
23215.48116300807
23215.48116300807
23215.48116300807
23215.48116300807
23215.48116300807
23215.48116300807
23215.48116300807
23215.48116300807
23215.48116300807
23215.48116300807
23215.48116300807
23215.48116300807
23215.48116300807
23215.48116300807
23215.48116300807
23215.48116300807
23139.47981308796
23139.47981308796
23139.47981308796
23139.47981308796
23139.47981308796
23139.47981308796
23139.47981308796
23139.47981308796
23139.47981308796
23139.47981308796
23139.47981308796
23139.47981308796
Time: 159.30764174461365 seconds 
Best solution: 23139.47981308796 [81, 75, 73, 89, 90, 99, 98, 101, 102, 97, 96, 92, 91, 93, 86, 67, 54, 105, 59, 55, 50, 48, 45, 49, 40, 44, 46, 47, 56, 58, 57, 43, 52, 53, 51, 41, 42, 36, 21, 29, 28, 32, 31, 30, 23, 20, 33, 17, 18, 19, 27, 24, 26, 16, 25, 14, 13, 4, 5, 8, 9, 2, 1, 7, 6, 3, 12, 11, 10, 15, 103, 22, 104, 37, 35, 34, 38, 39, 63, 62, 69, 80, 76, 64, 78, 85, 72, 77, 83, 82, 68, 71, 84, 79, 88, 87, 94, 100, 95, 60, 61, 65, 66, 70, 74]
Avg solution: 33703.819439668085