Alg:1, Run: 1, file: C:\Users\gabri\Documents\AN 3 SEM 2\AI\Lab\Lab3\\lin105.tsp, population number: 1000, generations: 2500 
106579.89038381277
104015.05859236195
104015.05859236195
98962.53223395377
98007.30468847416
98007.30468847416
98007.30468847416
97410.71471840875
97410.71471840875
97410.71471840875
97410.71471840875
97410.71471840875
96456.39028804166
95894.63858129416
93855.00743301181
93855.00743301181
93855.00743301181
93855.00743301181
92737.2580841164
89756.03287230957
89756.03287230957
89500.47646253246
89500.47646253246
86439.45147538949
86439.45147538949
86439.45147538949
86439.45147538949
86439.45147538949
86439.45147538949
86439.45147538949
86439.45147538949
86439.45147538949
85797.94764062
85797.94764062
85797.94764062
85797.94764062
84970.27956761395
84970.27956761395
84545.94826021549
84545.94826021549
83591.87418691757
83000.0085179184
83000.0085179184
83000.0085179184
79414.37441229819
79414.37441229819
79414.37441229819
79414.37441229819
79414.37441229819
79414.37441229819
79414.37441229819
79414.37441229819
79414.37441229819
79414.37441229819
79414.37441229819
78905.40278264663
78905.40278264663
78905.40278264663
76841.75169952885
76826.3411493678
76826.3411493678
76826.3411493678
76826.3411493678
76826.3411493678
76826.3411493678
76826.3411493678
76826.3411493678
76826.3411493678
76826.3411493678
76260.5896929938
75205.26449212251
75205.26449212251
74685.2962295776
73732.63976539452
73732.63976539452
73732.63976539452
73732.63976539452
72124.49449836802
72124.49449836802
72124.49449836802
72124.49449836802
72124.49449836802
72124.49449836802
72124.49449836802
72124.49449836802
72124.49449836802
71581.71150175927
71581.71150175927
71581.71150175927
71581.71150175927
71581.71150175927
71581.71150175927
71581.71150175927
68350.35668094101
68350.35668094101
68350.35668094101
68350.35668094101
68350.35668094101
68350.35668094101
68350.35668094101
68350.35668094101
68350.35668094101
68350.35668094101
68350.35668094101
68350.35668094101
68350.35668094101
64861.72127496832
64861.72127496832
64861.72127496832
64861.72127496832
64861.72127496832
64861.72127496832
64861.72127496832
64861.72127496832
64861.72127496832
64861.72127496832
64861.72127496832
64861.72127496832
64861.72127496832
64861.72127496832
64861.72127496832
64861.72127496832
64861.72127496832
64861.72127496832
64055.87390760933
64055.87390760933
64055.87390760933
64055.87390760933
64055.87390760933
64055.87390760933
64055.87390760933
64055.87390760933
63009.81382919238
63009.81382919238
63009.81382919238
63009.81382919238
61685.75459904497
61685.75459904497
61685.75459904497
61685.75459904497
61685.75459904497
61685.75459904497
61685.75459904497
61685.75459904497
61685.75459904497
61685.75459904497
61685.75459904497
61685.75459904497
61685.75459904497
61685.75459904497
61685.75459904497
61685.75459904497
61685.75459904497
61685.75459904497
61685.75459904497
61685.75459904497
61685.75459904497
61685.75459904497
61685.75459904497
61685.75459904497
61685.75459904497
61685.75459904497
61685.75459904497
61685.75459904497
58201.89210719571
58201.89210719571
58201.89210719571
58201.89210719571
58201.89210719571
58201.89210719571
58201.89210719571
58201.89210719571
58201.89210719571
58201.89210719571
58201.89210719571
58201.89210719571
58201.89210719571
58201.89210719571
58201.89210719571
58201.89210719571
58201.89210719571
58201.89210719571
58201.89210719571
58201.89210719571
58201.89210719571
57498.6753289233
57498.6753289233
57498.6753289233
57498.6753289233
57498.6753289233
57498.6753289233
57498.6753289233
57498.6753289233
57498.6753289233
57498.6753289233
57498.6753289233
57498.6753289233
57498.6753289233
57498.6753289233
57498.6753289233
56072.597256326066
56072.597256326066
56072.597256326066
56072.597256326066
56072.597256326066
56072.597256326066
56072.597256326066
56072.597256326066
56072.597256326066
56072.597256326066
56072.597256326066
56072.597256326066
56072.597256326066
56072.597256326066
55414.16816923774
55414.16816923774
55414.16816923774
55414.16816923774
55414.16816923774
55414.16816923774
55414.16816923774
55414.16816923774
55414.16816923774
55414.16816923774
55414.16816923774
55414.16816923774
54810.29945312834
54810.29945312834
54810.29945312834
54810.29945312834
54518.01862823047
54518.01862823047
51715.09877777144
51715.09877777144
51715.09877777144
51715.09877777144
51715.09877777144
51715.09877777144
51715.09877777144
51715.09877777144
51715.09877777144
51715.09877777144
51715.09877777144
51715.09877777144
51230.97941366622
51230.97941366622
51230.97941366622
51230.97941366622
51230.97941366622
51230.97941366622
51230.97941366622
51207.88838088408
51207.88838088408
51207.88838088408
51207.88838088408
51207.88838088408
51207.88838088408
51207.88838088408
51207.88838088408
51207.88838088408
51207.88838088408
51207.88838088408
51207.88838088408
51207.88838088408
51207.88838088408
51207.88838088408
51207.88838088408
51207.88838088408
51207.88838088408
51207.88838088408
51207.88838088408
51207.88838088408
51207.88838088408
51207.88838088408
51207.88838088408
51207.88838088408
51207.88838088408
50205.082107216156
50205.082107216156
50205.082107216156
50205.082107216156
50205.082107216156
50205.082107216156
50205.082107216156
50023.2122684348
50023.2122684348
50023.2122684348
50023.2122684348
50023.2122684348
50023.2122684348
49604.90054864084
49604.90054864084
49604.90054864084
49604.90054864084
49604.90054864084
49604.90054864084
49604.90054864084
49604.90054864084
49604.90054864084
48331.53479488701
48331.53479488701
48331.53479488701
48331.53479488701
48331.53479488701
48331.53479488701
48331.53479488701
48331.53479488701
48331.53479488701
48331.53479488701
48331.53479488701
48331.53479488701
48331.53479488701
48331.53479488701
48331.53479488701
48331.53479488701
48331.53479488701
48331.53479488701
48331.53479488701
48331.53479488701
47249.22303247156
47249.22303247156
47249.22303247156
47249.22303247156
47249.22303247156
47249.22303247156
47249.22303247156
47144.40466266493
47144.40466266493
47144.40466266493
47144.40466266493
47144.40466266493
46631.33712937503
46631.33712937503
46631.33712937503
46631.33712937503
46631.33712937503
46631.33712937503
46631.33712937503
46631.33712937503
46631.33712937503
46222.39978549997
46222.39978549997
46222.39978549997
46222.39978549997
45289.46300858448
45289.46300858448
42517.090123925824
42517.090123925824
42517.090123925824
42517.090123925824
42517.090123925824
42517.090123925824
42517.090123925824
42517.090123925824
42517.090123925824
42517.090123925824
42517.090123925824
42517.090123925824
42517.090123925824
42517.090123925824
42517.090123925824
42517.090123925824
42517.090123925824
42517.090123925824
42517.090123925824
42517.090123925824
42517.090123925824
42517.090123925824
42517.090123925824
42517.090123925824
42517.090123925824
42517.090123925824
42517.090123925824
42517.090123925824
42517.090123925824
42517.090123925824
41201.06387023145
41201.06387023145
41201.06387023145
41201.06387023145
41201.06387023145
41201.06387023145
41201.06387023145
41201.06387023145
41201.06387023145
41201.06387023145
41201.06387023145
41201.06387023145
41201.06387023145
41201.06387023145
41201.06387023145
41201.06387023145
41201.06387023145
41201.06387023145
41201.06387023145
41201.06387023145
41201.06387023145
41201.06387023145
41201.06387023145
41201.06387023145
41201.06387023145
41201.06387023145
41201.06387023145
41201.06387023145
41201.06387023145
41201.06387023145
41201.06387023145
41201.06387023145
41201.06387023145
41201.06387023145
41201.06387023145
41201.06387023145
41201.06387023145
41201.06387023145
41201.06387023145
41201.06387023145
41201.06387023145
41201.06387023145
41201.06387023145
41201.06387023145
41201.06387023145
41201.06387023145
40711.024115911845
40711.024115911845
40711.024115911845
40122.85751556177
40122.85751556177
40122.85751556177
40122.85751556177
40122.85751556177
40122.85751556177
40122.85751556177
40122.85751556177
40122.85751556177
40122.85751556177
40122.85751556177
40122.85751556177
40122.85751556177
40122.85751556177
39929.15242986435
39929.15242986435
39929.15242986435
39191.57822126097
39191.57822126097
39191.57822126097
39191.57822126097
39191.57822126097
39191.57822126097
39191.57822126097
39191.57822126097
39191.57822126097
39191.57822126097
39191.57822126097
39191.57822126097
39191.57822126097
39191.57822126097
39191.57822126097
39191.57822126097
39191.57822126097
39191.57822126097
39191.57822126097
39191.57822126097
39191.57822126097
39191.57822126097
39191.57822126097
39191.57822126097
39191.57822126097
39191.57822126097
39191.57822126097
39191.57822126097
39191.57822126097
39191.57822126097
39191.57822126097
39191.57822126097
39191.57822126097
39191.57822126097
39191.57822126097
39191.57822126097
39191.57822126097
39191.57822126097
39191.57822126097
39191.57822126097
39191.57822126097
39191.57822126097
39191.57822126097
39191.57822126097
39191.57822126097
38942.950120113
38942.950120113
38942.950120113
38942.950120113
38942.950120113
38942.950120113
38942.950120113
38942.950120113
38942.950120113
38942.950120113
38942.950120113
38942.950120113
38942.950120113
38942.950120113
38942.950120113
38011.13149757807
38011.13149757807
38011.13149757807
38011.13149757807
38011.13149757807
38011.13149757807
38011.13149757807
38011.13149757807
38011.13149757807
38011.13149757807
38011.13149757807
38011.13149757807
38011.13149757807
38011.13149757807
38011.13149757807
38011.13149757807
38011.13149757807
38011.13149757807
38011.13149757807
38011.13149757807
38011.13149757807
38011.13149757807
38011.13149757807
38011.13149757807
38011.13149757807
37978.04158888442
37087.962119609765
37087.962119609765
37087.962119609765
37087.962119609765
37087.962119609765
37087.962119609765
37087.962119609765
37087.962119609765
37079.621888743764
37079.621888743764
37079.621888743764
37079.621888743764
37079.621888743764
37079.621888743764
37079.621888743764
37079.621888743764
37079.621888743764
37079.621888743764
37079.621888743764
37079.621888743764
37079.621888743764
37079.621888743764
37079.621888743764
37079.621888743764
37079.621888743764
37079.621888743764
37079.621888743764
37079.621888743764
37079.621888743764
37079.621888743764
37079.621888743764
35724.26869302512
35724.26869302512
35724.26869302512
35724.26869302512
35724.26869302512
35724.26869302512
35724.26869302512
35376.79774309929
35376.79774309929
35376.79774309929
35376.79774309929
35376.79774309929
35376.79774309929
35376.79774309929
35376.79774309929
35376.79774309929
35376.79774309929
35376.79774309929
34565.014817274976
34565.014817274976
34565.014817274976
34565.014817274976
34565.014817274976
34565.014817274976
34565.014817274976
34565.014817274976
34565.014817274976
34565.014817274976
34565.014817274976
34565.014817274976
34565.014817274976
34565.014817274976
34565.014817274976
34565.014817274976
34565.014817274976
34565.014817274976
34565.014817274976
34565.014817274976
34565.014817274976
34565.014817274976
34565.014817274976
34565.014817274976
34565.014817274976
34565.014817274976
34565.014817274976
34565.014817274976
34565.014817274976
34565.014817274976
34565.014817274976
34565.014817274976
34565.014817274976
34565.014817274976
34565.014817274976
34565.014817274976
34565.014817274976
34565.014817274976
34565.014817274976
34565.014817274976
34565.014817274976
34565.014817274976
34565.014817274976
34565.014817274976
34565.014817274976
34565.014817274976
34565.014817274976
34565.014817274976
34565.014817274976
34565.014817274976
34565.014817274976
34565.014817274976
34565.014817274976
34565.014817274976
34565.014817274976
34565.014817274976
34565.014817274976
34565.014817274976
34565.014817274976
34565.014817274976
34565.014817274976
34565.014817274976
34565.014817274976
34565.014817274976
34565.014817274976
34565.014817274976
34565.014817274976
34565.014817274976
34565.014817274976
34565.014817274976
34565.014817274976
34565.014817274976
34565.014817274976
34565.014817274976
34565.014817274976
34565.014817274976
34565.014817274976
34565.014817274976
34565.014817274976
34565.014817274976
34565.014817274976
34565.014817274976
34565.014817274976
34565.014817274976
32833.74893904301
32833.74893904301
32833.74893904301
32833.74893904301
32833.74893904301
32833.74893904301
32833.74893904301
32833.74893904301
32833.74893904301
32833.74893904301
32833.74893904301
32833.74893904301
32833.74893904301
32833.74893904301
32833.74893904301
32833.74893904301
32833.74893904301
32833.74893904301
32833.74893904301
32833.74893904301
32833.74893904301
32833.74893904301
32833.74893904301
32833.74893904301
32833.74893904301
32833.74893904301
32833.74893904301
32833.74893904301
32833.74893904301
32833.74893904301
32833.74893904301
32833.74893904301
32833.74893904301
32833.74893904301
32833.74893904301
32833.74893904301
32833.74893904301
32833.74893904301
32833.74893904301
32833.74893904301
32833.74893904301
32833.74893904301
32833.74893904301
32833.74893904301
32833.74893904301
32833.74893904301
32833.74893904301
32833.74893904301
32833.74893904301
32833.74893904301
32833.74893904301
32833.74893904301
32833.74893904301
32833.74893904301
32833.74893904301
32833.74893904301
32833.74893904301
32833.74893904301
32833.74893904301
32833.74893904301
32833.74893904301
32833.74893904301
32833.74893904301
32833.74893904301
32833.74893904301
32833.74893904301
32833.74893904301
32833.74893904301
32833.74893904301
32833.74893904301
32833.74893904301
32833.74893904301
32833.74893904301
32833.74893904301
32542.30100773255
32542.30100773255
32542.30100773255
32542.30100773255
32542.30100773255
32542.30100773255
32542.30100773255
32542.30100773255
32542.30100773255
32542.30100773255
32542.30100773255
32542.30100773255
32542.30100773255
32542.30100773255
32542.30100773255
32542.30100773255
32542.30100773255
32542.30100773255
32542.30100773255
32542.30100773255
32542.30100773255
32542.30100773255
32542.30100773255
32542.30100773255
32542.30100773255
32542.30100773255
32542.30100773255
32542.30100773255
32542.30100773255
32542.30100773255
32542.30100773255
32542.30100773255
32542.30100773255
32542.30100773255
32542.30100773255
32542.30100773255
32542.30100773255
32542.30100773255
32542.30100773255
32542.30100773255
32542.30100773255
32542.30100773255
32542.30100773255
32542.30100773255
32542.30100773255
32542.30100773255
32542.30100773255
32542.30100773255
32542.30100773255
32542.30100773255
32542.30100773255
32542.30100773255
32542.30100773255
32542.30100773255
32542.30100773255
32542.30100773255
32542.30100773255
32542.30100773255
32542.30100773255
32542.30100773255
32542.30100773255
31969.20430390518
31969.20430390518
31969.20430390518
31969.20430390518
31969.20430390518
31969.20430390518
31969.20430390518
31969.20430390518
31969.20430390518
31969.20430390518
31969.20430390518
31969.20430390518
31969.20430390518
31969.20430390518
31969.20430390518
31969.20430390518
31969.20430390518
31969.20430390518
31969.20430390518
31969.20430390518
31969.20430390518
31969.20430390518
31969.20430390518
31969.20430390518
31969.20430390518
31075.61657959043
31075.61657959043
31075.61657959043
31075.61657959043
31075.61657959043
31075.61657959043
31075.61657959043
31075.61657959043
31075.61657959043
31075.61657959043
31075.61657959043
31075.61657959043
31075.61657959043
31075.61657959043
31075.61657959043
31075.61657959043
31075.61657959043
31075.61657959043
31075.61657959043
31075.61657959043
31075.61657959043
31075.61657959043
31075.61657959043
31075.61657959043
31075.61657959043
31075.61657959043
31075.61657959043
31075.61657959043
31075.61657959043
31075.61657959043
31075.61657959043
31075.61657959043
31075.61657959043
31075.61657959043
31075.61657959043
31075.61657959043
30882.88347019483
30508.57484709496
30107.216926080808
30107.216926080808
30107.216926080808
30107.216926080808
29748.75769682203
29748.75769682203
29748.75769682203
29748.75769682203
29748.75769682203
29748.75769682203
29748.75769682203
29748.75769682203
29748.75769682203
29748.75769682203
29748.75769682203
29748.75769682203
29748.75769682203
29748.75769682203
29748.75769682203
29748.75769682203
29748.75769682203
29748.75769682203
29748.75769682203
29748.75769682203
29748.75769682203
29748.75769682203
29748.75769682203
29748.75769682203
29748.75769682203
29748.75769682203
29748.75769682203
29748.75769682203
29748.75769682203
29748.75769682203
29748.75769682203
29748.75769682203
29748.75769682203
29748.75769682203
29748.75769682203
29748.75769682203
29748.75769682203
29748.75769682203
29748.75769682203
29748.75769682203
29748.75769682203
29748.75769682203
29748.75769682203
29748.75769682203
29748.75769682203
29748.75769682203
29748.75769682203
29748.75769682203
29748.75769682203
29748.75769682203
29748.75769682203
29748.75769682203
29748.75769682203
29748.75769682203
29748.75769682203
29748.75769682203
29748.75769682203
29748.75769682203
29748.75769682203
29748.75769682203
29748.75769682203
29748.75769682203
29748.75769682203
29746.531526450348
29746.531526450348
29746.531526450348
29746.531526450348
29746.531526450348
29746.531526450348
29746.531526450348
29746.531526450348
29746.531526450348
29746.531526450348
29746.531526450348
29746.531526450348
29746.531526450348
29746.531526450348
29746.531526450348
29746.531526450348
29746.531526450348
29746.531526450348
29746.531526450348
29746.531526450348
29746.531526450348
29746.531526450348
29746.531526450348
29746.531526450348
29746.531526450348
29746.531526450348
29746.531526450348
29746.531526450348
29746.531526450348
29746.531526450348
29746.531526450348
29746.531526450348
29746.531526450348
29746.531526450348
29746.531526450348
29746.531526450348
29746.531526450348
29610.206767458956
29610.206767458956
29610.206767458956
29610.206767458956
29584.38664185743
29584.38664185743
29584.38664185743
29584.38664185743
29584.38664185743
29040.510339360855
29040.510339360855
29040.510339360855
29040.510339360855
29040.510339360855
29040.510339360855
29040.510339360855
29040.510339360855
29040.510339360855
29040.510339360855
29040.510339360855
29040.510339360855
29040.510339360855
29040.510339360855
29040.510339360855
29040.510339360855
29040.510339360855
29040.510339360855
29040.510339360855
29040.510339360855
29040.510339360855
29040.510339360855
29040.510339360855
29040.510339360855
29040.510339360855
29040.510339360855
29040.510339360855
29040.510339360855
29040.510339360855
28291.5472399607
28291.5472399607
28291.5472399607
28291.5472399607
28291.5472399607
28291.5472399607
28291.5472399607
28291.5472399607
28291.5472399607
28291.5472399607
28291.5472399607
28291.5472399607
28291.5472399607
28291.5472399607
28291.5472399607
28291.5472399607
28291.5472399607
28291.5472399607
28291.5472399607
28291.5472399607
28291.5472399607
28291.5472399607
28291.5472399607
28291.5472399607
28291.5472399607
28291.5472399607
28291.5472399607
28291.5472399607
28291.5472399607
28291.5472399607
28291.5472399607
28074.777296312135
28074.777296312135
28074.777296312135
28074.777296312135
28074.777296312135
28074.777296312135
28074.777296312135
28074.777296312135
28074.777296312135
28074.777296312135
28074.777296312135
28074.777296312135
28074.777296312135
28074.777296312135
28074.777296312135
27978.43002871587
27978.43002871587
27978.43002871587
27978.43002871587
27978.43002871587
27978.43002871587
27978.43002871587
27978.43002871587
27978.43002871587
27978.43002871587
27978.43002871587
27978.43002871587
27978.43002871587
27978.43002871587
27978.43002871587
27978.43002871587
27978.43002871587
27978.43002871587
27978.43002871587
27978.43002871587
27978.43002871587
27978.43002871587
27978.43002871587
27978.43002871587
27978.43002871587
27978.43002871587
27978.43002871587
27978.43002871587
27978.43002871587
27978.43002871587
27978.43002871587
27978.43002871587
27978.43002871587
27978.43002871587
27441.53151689077
27441.53151689077
27441.53151689077
27441.53151689077
27441.53151689077
27441.53151689077
27441.53151689077
27441.53151689077
27441.53151689077
27441.53151689077
27441.53151689077
27441.53151689077
27441.53151689077
27441.53151689077
27441.53151689077
27441.53151689077
27441.53151689077
27441.53151689077
27441.53151689077
27441.53151689077
27441.53151689077
27441.53151689077
27441.53151689077
27441.53151689077
27441.53151689077
27441.53151689077
27441.53151689077
27441.53151689077
27441.53151689077
27441.53151689077
27441.53151689077
27441.53151689077
27441.53151689077
27441.53151689077
27441.53151689077
27441.53151689077
27441.53151689077
27441.53151689077
27441.53151689077
26511.849332734415
26511.849332734415
26511.849332734415
26511.849332734415
26511.849332734415
26511.849332734415
26511.849332734415
26511.849332734415
26511.849332734415
26511.849332734415
26511.849332734415
26511.849332734415
26511.849332734415
26511.849332734415
26511.849332734415
26511.849332734415
26511.849332734415
26511.849332734415
26511.849332734415
26511.849332734415
26511.849332734415
26511.849332734415
26511.849332734415
26511.849332734415
26511.849332734415
26511.849332734415
26511.849332734415
26511.849332734415
26511.849332734415
26511.849332734415
26511.849332734415
26511.849332734415
26511.849332734415
26511.849332734415
26511.849332734415
26511.849332734415
26511.849332734415
26511.849332734415
26511.849332734415
26511.849332734415
26511.849332734415
26511.849332734415
26511.849332734415
26511.849332734415
26511.849332734415
26511.849332734415
26511.849332734415
26511.849332734415
26511.849332734415
26511.849332734415
26511.849332734415
26511.849332734415
26511.849332734415
26511.849332734415
26511.849332734415
26511.849332734415
26511.849332734415
26511.849332734415
26511.849332734415
26511.849332734415
26511.849332734415
26511.849332734415
26511.849332734415
26511.849332734415
26511.849332734415
26511.849332734415
26511.849332734415
26511.849332734415
26511.849332734415
25914.399170231387
25914.399170231387
25914.399170231387
25914.399170231387
25914.399170231387
25914.399170231387
25914.399170231387
25914.399170231387
25914.399170231387
25914.399170231387
25914.399170231387
25914.399170231387
25914.399170231387
25914.399170231387
25914.399170231387
25914.399170231387
25914.399170231387
25914.399170231387
25914.399170231387
25914.399170231387
25914.399170231387
25914.399170231387
25914.399170231387
25914.399170231387
25914.399170231387
25914.399170231387
25914.399170231387
25914.399170231387
25914.399170231387
25914.399170231387
25914.399170231387
25914.399170231387
25914.399170231387
25914.399170231387
25914.399170231387
25914.399170231387
25914.399170231387
25914.399170231387
25914.399170231387
25914.399170231387
25914.399170231387
25914.399170231387
25914.399170231387
25914.399170231387
25914.399170231387
25914.399170231387
25914.399170231387
25914.399170231387
25914.399170231387
25914.399170231387
25914.399170231387
25914.399170231387
25914.399170231387
25914.399170231387
25914.399170231387
25914.399170231387
25914.399170231387
25914.399170231387
25914.399170231387
25914.399170231387
25914.399170231387
25914.399170231387
25914.399170231387
25914.399170231387
25914.399170231387
25914.399170231387
25914.399170231387
25914.399170231387
25914.399170231387
25914.399170231387
25914.399170231387
25914.399170231387
25914.399170231387
25914.399170231387
25914.399170231387
25914.399170231387
25914.399170231387
25914.399170231387
25914.399170231387
25914.399170231387
25914.399170231387
25914.399170231387
25914.399170231387
25914.399170231387
25914.399170231387
25914.399170231387
25914.399170231387
25914.399170231387
25914.399170231387
25914.399170231387
25914.399170231387
25914.399170231387
25914.399170231387
25914.399170231387
25914.399170231387
25914.399170231387
25914.399170231387
25914.399170231387
25914.399170231387
25914.399170231387
25914.399170231387
25914.399170231387
25914.399170231387
25914.399170231387
25914.399170231387
25914.399170231387
25914.399170231387
25914.399170231387
25914.399170231387
25745.277959544892
25745.277959544892
25745.277959544892
25745.277959544892
25745.277959544892
25745.277959544892
25745.277959544892
25745.277959544892
25745.277959544892
25745.277959544892
25740.53231230981
25740.53231230981
25740.53231230981
25740.53231230981
25740.53231230981
25740.53231230981
25740.53231230981
25740.53231230981
25740.53231230981
25740.53231230981
25740.53231230981
25740.53231230981
25740.53231230981
25740.53231230981
25740.53231230981
25740.53231230981
25740.53231230981
25740.53231230981
25740.53231230981
25740.53231230981
25740.53231230981
25740.53231230981
25740.53231230981
25740.53231230981
25740.53231230981
25740.53231230981
25740.53231230981
25740.53231230981
25722.962125562455
25722.962125562455
25722.962125562455
25722.962125562455
25722.962125562455
25722.962125562455
25722.962125562455
25722.962125562455
25722.962125562455
25722.962125562455
25722.962125562455
25722.962125562455
25722.962125562455
25722.962125562455
25722.962125562455
25722.962125562455
25722.962125562455
25722.962125562455
25722.962125562455
25722.962125562455
25722.962125562455
25722.962125562455
25722.962125562455
25722.962125562455
25722.962125562455
25722.962125562455
25722.962125562455
25722.962125562455
25722.962125562455
25722.962125562455
25722.962125562455
25722.962125562455
25722.962125562455
25722.962125562455
25359.181005398215
25359.181005398215
25359.181005398215
25359.181005398215
25359.181005398215
25359.181005398215
25359.181005398215
25359.181005398215
25359.181005398215
25359.181005398215
25359.181005398215
25359.181005398215
25359.181005398215
25359.181005398215
25359.181005398215
25359.181005398215
25359.181005398215
25359.181005398215
25359.181005398215
25359.181005398215
25359.181005398215
25359.181005398215
25359.181005398215
25359.181005398215
25359.181005398215
25359.181005398215
25359.181005398215
25359.181005398215
25359.181005398215
25359.181005398215
25359.181005398215
25359.181005398215
25238.89080074521
25238.89080074521
25238.89080074521
25238.89080074521
25238.89080074521
25238.89080074521
25238.89080074521
25238.89080074521
25238.89080074521
25238.89080074521
25238.89080074521
25238.89080074521
25238.89080074521
25238.89080074521
25238.89080074521
25238.89080074521
25238.89080074521
25238.89080074521
25238.89080074521
25238.89080074521
25238.89080074521
25238.89080074521
25238.89080074521
25238.89080074521
25238.89080074521
25238.89080074521
25238.89080074521
25238.89080074521
25238.89080074521
24879.68470783928
24879.68470783928
24879.68470783928
24879.68470783928
24879.68470783928
24879.68470783928
24879.68470783928
24879.68470783928
24879.68470783928
24879.68470783928
24879.68470783928
24879.68470783928
24879.68470783928
24879.68470783928
24879.68470783928
24879.68470783928
24879.68470783928
24879.68470783928
24879.68470783928
24879.68470783928
24879.68470783928
24879.68470783928
24879.68470783928
24879.68470783928
24879.68470783928
24879.68470783928
24828.109781795003
24828.109781795003
24828.109781795003
24828.109781795003
24828.109781795003
24828.109781795003
24828.109781795003
24828.109781795003
24828.109781795003
24828.109781795003
24828.109781795003
24828.109781795003
24828.109781795003
24828.109781795003
24828.109781795003
24828.109781795003
24828.109781795003
24828.109781795003
24828.109781795003
24828.109781795003
24828.109781795003
24828.109781795003
24828.109781795003
24729.932878338153
24729.932878338153
24729.932878338153
24729.932878338153
24729.932878338153
24729.932878338153
24729.932878338153
24729.932878338153
24729.932878338153
24729.932878338153
24729.932878338153
24729.932878338153
24729.932878338153
24729.932878338153
24729.932878338153
24729.932878338153
24729.932878338153
24729.932878338153
24729.932878338153
24729.932878338153
24729.932878338153
24729.932878338153
24729.932878338153
24729.932878338153
24729.932878338153
24725.290347242255
24725.290347242255
24725.290347242255
24725.290347242255
24725.290347242255
24725.290347242255
24725.290347242255
24725.290347242255
24725.290347242255
24725.290347242255
24725.290347242255
24725.290347242255
24725.290347242255
24725.290347242255
24725.290347242255
24725.290347242255
24725.290347242255
24725.290347242255
24725.290347242255
24725.290347242255
24725.290347242255
24725.290347242255
24725.290347242255
24725.290347242255
24725.290347242255
24643.416737385523
24643.416737385523
24643.416737385523
24643.416737385523
24643.416737385523
24643.416737385523
24643.416737385523
24643.416737385523
24643.416737385523
24643.416737385523
24643.416737385523
24643.416737385523
24643.416737385523
24643.416737385523
24643.416737385523
24643.416737385523
24643.416737385523
24643.416737385523
24643.416737385523
24643.416737385523
24643.416737385523
24643.416737385523
24643.416737385523
24643.416737385523
24643.416737385523
24643.416737385523
24643.416737385523
24613.977722745818
24613.977722745818
24194.517059242586
24194.517059242586
24194.517059242586
24194.517059242586
24194.517059242586
24194.517059242586
24194.517059242586
24194.517059242586
24194.517059242586
24194.517059242586
24194.517059242586
24194.517059242586
24194.517059242586
24194.517059242586
24194.517059242586
24194.517059242586
24194.517059242586
24194.517059242586
24194.517059242586
24194.517059242586
24194.517059242586
24194.517059242586
24194.517059242586
24194.517059242586
24194.517059242586
24194.517059242586
24194.517059242586
24194.517059242586
24194.517059242586
24194.517059242586
24194.517059242586
24194.517059242586
24194.517059242586
24194.517059242586
24194.517059242586
24194.517059242586
24194.517059242586
24194.517059242586
24194.517059242586
24194.517059242586
24194.517059242586
24194.517059242586
24194.517059242586
24194.517059242586
24194.517059242586
24194.517059242586
24194.517059242586
24194.517059242586
24194.517059242586
24194.517059242586
24194.517059242586
24194.517059242586
24194.517059242586
24194.517059242586
24194.517059242586
24194.517059242586
24194.517059242586
24194.517059242586
24194.517059242586
24194.517059242586
24194.517059242586
24194.517059242586
24194.517059242586
24194.517059242586
24194.517059242586
24194.517059242586
24194.517059242586
24194.517059242586
24194.517059242586
24194.517059242586
24194.517059242586
23850.003527799774
23850.003527799774
23850.003527799774
23850.003527799774
23850.003527799774
23850.003527799774
23850.003527799774
23850.003527799774
23850.003527799774
23850.003527799774
23850.003527799774
23850.003527799774
23850.003527799774
23850.003527799774
23850.003527799774
23850.003527799774
23850.003527799774
23850.003527799774
23850.003527799774
23850.003527799774
23850.003527799774
23850.003527799774
23850.003527799774
23850.003527799774
23850.003527799774
23850.003527799774
23850.003527799774
23850.003527799774
23850.003527799774
23850.003527799774
23850.003527799774
23850.003527799774
23850.003527799774
23850.003527799774
23850.003527799774
23850.003527799774
23850.003527799774
23850.003527799774
23850.003527799774
23850.003527799774
23850.003527799774
23850.003527799774
23850.003527799774
23850.003527799774
23850.003527799774
23850.003527799774
23850.003527799774
23850.003527799774
23850.003527799774
23850.003527799774
23850.003527799774
23850.003527799774
23850.003527799774
23850.003527799774
23850.003527799774
23850.003527799774
23850.003527799774
23850.003527799774
23850.003527799774
23850.003527799774
23850.003527799774
23850.003527799774
23850.003527799774
23850.003527799774
23850.003527799774
23850.003527799774
23850.003527799774
23850.003527799774
23850.003527799774
23850.003527799774
23850.003527799774
23850.003527799774
23850.003527799774
23850.003527799774
23850.003527799774
23850.003527799774
23850.003527799774
23850.003527799774
23850.003527799774
23850.003527799774
23850.003527799774
23850.003527799774
23850.003527799774
23778.024359044506
23778.024359044506
23778.024359044506
23439.04096789592
23439.04096789592
23439.04096789592
23439.04096789592
23439.04096789592
23439.04096789592
23439.04096789592
23439.04096789592
23439.04096789592
23439.04096789592
23439.04096789592
23439.04096789592
23439.04096789592
23439.04096789592
23439.04096789592
23439.04096789592
23439.04096789592
23439.04096789592
23439.04096789592
23439.04096789592
23439.04096789592
23439.04096789592
23439.04096789592
23439.04096789592
23439.04096789592
23439.04096789592
23439.04096789592
23439.04096789592
23439.04096789592
23439.04096789592
23439.04096789592
23439.04096789592
23439.04096789592
23439.04096789592
23439.04096789592
23439.04096789592
23439.04096789592
23091.62739768704
23091.62739768704
23091.62739768704
23091.62739768704
23091.62739768704
23091.62739768704
23091.62739768704
23091.62739768704
23091.62739768704
23091.62739768704
23091.62739768704
23091.62739768704
23091.62739768704
23091.62739768704
23091.62739768704
23091.62739768704
23091.62739768704
23091.62739768704
23091.62739768704
23091.62739768704
23091.62739768704
23091.62739768704
23091.62739768704
23091.62739768704
23091.62739768704
23091.62739768704
23091.62739768704
23091.62739768704
23091.62739768704
23091.62739768704
23091.62739768704
23091.62739768704
23091.62739768704
23091.62739768704
23091.62739768704
23091.62739768704
23091.62739768704
23091.62739768704
23091.62739768704
23091.62739768704
23091.62739768704
23091.62739768704
23091.62739768704
23091.62739768704
23091.62739768704
23091.62739768704
23091.62739768704
23091.62739768704
23091.62739768704
23091.62739768704
23091.62739768704
23091.62739768704
23091.62739768704
23091.62739768704
23091.62739768704
23091.62739768704
23091.62739768704
23091.62739768704
23091.62739768704
23091.62739768704
23091.62739768704
23091.62739768704
23091.62739768704
23091.62739768704
23091.62739768704
23091.62739768704
23091.62739768704
23091.62739768704
23091.62739768704
23091.62739768704
23091.62739768704
23091.62739768704
23091.62739768704
23091.62739768704
23091.62739768704
23091.62739768704
23091.62739768704
23091.62739768704
23091.62739768704
23091.62739768704
23091.62739768704
23091.62739768704
23091.62739768704
23091.62739768704
23091.62739768704
23091.62739768704
23091.62739768704
23091.62739768704
23091.62739768704
23091.62739768704
23091.62739768704
23091.62739768704
23091.62739768704
23091.62739768704
23091.62739768704
23091.62739768704
23091.62739768704
23091.62739768704
23091.62739768704
23091.62739768704
23091.62739768704
23091.62739768704
23091.62739768704
23091.62739768704
23091.62739768704
23091.62739768704
23091.62739768704
23091.62739768704
23091.62739768704
23091.62739768704
23091.62739768704
23091.62739768704
23091.62739768704
23091.62739768704
23091.62739768704
23091.62739768704
23091.62739768704
23091.62739768704
23091.62739768704
23091.62739768704
23091.62739768704
23091.62739768704
23091.62739768704
23091.62739768704
23091.62739768704
23091.62739768704
23091.62739768704
23091.62739768704
23091.62739768704
23091.62739768704
23091.62739768704
23091.62739768704
23091.62739768704
23091.62739768704
23091.62739768704
22950.25523280566
22950.25523280566
22950.25523280566
22950.25523280566
22950.25523280566
22950.25523280566
22950.25523280566
22950.25523280566
22950.25523280566
22950.25523280566
22950.25523280566
22950.25523280566
22950.25523280566
22950.25523280566
22950.25523280566
22950.25523280566
22950.25523280566
22950.25523280566
22950.25523280566
22950.25523280566
22950.25523280566
22950.25523280566
22950.25523280566
22950.25523280566
22950.25523280566
22950.25523280566
22950.25523280566
22950.25523280566
22950.25523280566
22950.25523280566
22950.25523280566
22950.25523280566
22950.25523280566
22950.25523280566
22810.855450238465
22810.855450238465
22810.855450238465
22810.855450238465
22810.855450238465
22810.855450238465
22810.855450238465
22810.855450238465
22810.855450238465
22810.855450238465
22810.855450238465
22810.855450238465
22810.855450238465
22810.855450238465
22810.855450238465
22810.855450238465
22810.855450238465
22810.855450238465
22810.855450238465
22810.855450238465
22810.855450238465
22810.855450238465
22810.855450238465
22810.855450238465
22810.855450238465
22810.855450238465
22810.855450238465
22810.855450238465
22810.855450238465
22810.855450238465
22810.855450238465
22810.855450238465
22810.855450238465
22810.855450238465
22810.855450238465
22810.855450238465
22810.855450238465
22810.855450238465
22810.855450238465
22810.855450238465
22810.855450238465
22810.855450238465
22810.855450238465
22810.855450238465
22810.855450238465
22810.855450238465
22810.855450238465
22810.855450238465
22810.855450238465
22810.855450238465
22810.855450238465
22810.855450238465
22810.855450238465
22810.855450238465
22810.855450238465
22810.855450238465
22810.855450238465
22810.855450238465
22810.855450238465
22810.855450238465
22810.855450238465
22810.855450238465
22810.855450238465
22810.855450238465
22810.855450238465
22810.855450238465
22810.855450238465
22810.855450238465
22810.855450238465
22810.855450238465
22810.855450238465
22810.855450238465
22810.855450238465
22810.855450238465
22810.855450238465
22810.855450238465
22810.855450238465
22810.855450238465
22810.855450238465
22810.855450238465
22810.855450238465
22810.855450238465
22810.855450238465
22810.855450238465
22810.855450238465
22810.855450238465
22810.855450238465
22810.855450238465
22810.855450238465
22810.855450238465
22810.855450238465
22810.855450238465
22810.855450238465
22810.855450238465
22810.855450238465
22810.855450238465
22810.855450238465
22810.855450238465
22810.855450238465
22810.855450238465
22810.855450238465
22810.855450238465
22810.855450238465
22810.855450238465
22810.855450238465
22810.855450238465
22810.855450238465
22810.855450238465
22810.855450238465
22810.855450238465
22810.855450238465
22810.855450238465
22810.855450238465
22810.855450238465
22810.855450238465
22810.855450238465
22810.855450238465
22810.855450238465
22810.855450238465
22810.855450238465
22810.855450238465
22810.855450238465
22499.91937843843
22499.91937843843
22178.594620003198
22178.594620003198
22178.594620003198
22178.594620003198
22178.594620003198
22178.594620003198
22178.594620003198
22178.594620003198
22178.594620003198
22178.594620003198
22178.594620003198
22178.594620003198
22178.594620003198
22178.594620003198
22178.594620003198
22178.594620003198
22178.594620003198
22178.594620003198
22178.594620003198
22178.594620003198
22178.594620003198
22178.594620003198
22178.594620003198
22178.594620003198
22178.594620003198
22178.594620003198
22178.594620003198
22178.594620003198
22178.594620003198
22178.594620003198
22178.594620003198
22178.594620003198
22178.594620003198
22178.594620003198
22178.594620003198
22178.594620003198
22178.594620003198
22178.594620003198
22178.594620003198
22178.594620003198
22178.594620003198
22178.594620003198
22178.594620003198
22178.594620003198
22178.594620003198
22178.594620003198
22178.594620003198
22178.594620003198
22178.594620003198
22178.594620003198
22178.594620003198
22178.594620003198
22178.594620003198
22178.594620003198
22178.594620003198
22178.594620003198
22178.594620003198
22178.594620003198
22178.594620003198
22178.594620003198
22178.594620003198
22178.594620003198
22178.594620003198
22178.594620003198
22178.594620003198
22178.594620003198
22178.594620003198
22178.594620003198
22178.594620003198
22178.594620003198
22178.594620003198
22178.594620003198
22178.594620003198
22178.594620003198
22178.594620003198
22178.594620003198
22178.594620003198
22178.594620003198
22178.594620003198
22178.594620003198
22178.594620003198
22178.594620003198
22178.594620003198
22178.594620003198
22178.594620003198
22178.594620003198
22178.594620003198
22178.594620003198
22178.594620003198
22178.594620003198
22178.594620003198
22178.594620003198
22178.594620003198
22178.594620003198
22178.594620003198
22178.594620003198
22178.594620003198
22178.594620003198
22178.594620003198
22178.594620003198
22178.594620003198
22178.594620003198
22178.594620003198
22178.594620003198
22178.594620003198
22178.594620003198
22178.594620003198
22178.594620003198
22178.594620003198
22178.594620003198
22178.594620003198
21943.599285572804
21943.599285572804
21943.599285572804
21943.599285572804
21943.599285572804
21943.599285572804
21943.599285572804
21943.599285572804
21943.599285572804
21943.599285572804
21943.599285572804
21943.599285572804
21943.599285572804
21943.599285572804
21943.599285572804
21943.599285572804
21943.599285572804
21943.599285572804
21943.599285572804
21943.599285572804
21943.599285572804
21943.599285572804
21943.599285572804
21943.599285572804
21943.599285572804
21943.599285572804
21943.599285572804
21943.599285572804
21943.599285572804
21943.599285572804
21943.599285572804
21943.599285572804
21943.599285572804
21943.599285572804
21943.599285572804
21943.599285572804
21943.599285572804
21943.599285572804
21943.599285572804
21943.599285572804
21943.599285572804
21943.599285572804
21943.599285572804
21943.599285572804
21943.599285572804
21943.599285572804
21943.599285572804
21943.599285572804
21943.599285572804
21943.599285572804
21943.599285572804
21943.599285572804
21943.599285572804
21943.599285572804
21943.599285572804
21943.599285572804
21943.599285572804
21943.599285572804
21943.599285572804
21943.599285572804
21943.599285572804
21943.599285572804
21943.599285572804
21943.599285572804
21943.599285572804
21943.599285572804
21943.599285572804
21943.599285572804
21943.599285572804
21943.599285572804
21943.599285572804
21943.599285572804
21943.599285572804
21943.599285572804
21943.599285572804
21943.599285572804
21943.599285572804
21943.599285572804
21943.599285572804
21943.599285572804
21943.599285572804
21943.599285572804
21943.599285572804
21943.599285572804
21943.599285572804
21943.599285572804
21943.599285572804
21943.599285572804
21943.599285572804
21943.599285572804
21943.599285572804
21943.599285572804
21943.599285572804
21943.599285572804
21943.599285572804
21943.599285572804
21943.599285572804
21943.599285572804
21943.599285572804
21943.599285572804
21943.599285572804
21943.599285572804
21943.599285572804
21943.599285572804
21943.599285572804
21943.599285572804
21943.599285572804
21943.599285572804
21943.599285572804
21943.599285572804
21943.599285572804
21943.599285572804
21943.599285572804
21943.599285572804
21831.267737933875
21831.267737933875
21831.267737933875
21831.267737933875
21831.267737933875
21831.267737933875
21831.267737933875
21831.267737933875
21831.267737933875
21831.267737933875
21831.267737933875
21831.267737933875
21831.267737933875
21831.267737933875
21831.267737933875
21831.267737933875
21831.267737933875
21831.267737933875
21831.267737933875
21831.267737933875
21831.267737933875
21831.267737933875
21831.267737933875
21831.267737933875
21831.267737933875
21831.267737933875
21831.267737933875
21831.267737933875
21831.267737933875
21831.267737933875
21831.267737933875
21831.267737933875
21831.267737933875
21831.267737933875
21831.267737933875
21831.267737933875
21831.267737933875
21831.267737933875
21831.267737933875
21831.267737933875
21831.267737933875
21831.267737933875
21831.267737933875
21831.267737933875
21831.267737933875
21831.267737933875
21831.267737933875
21831.267737933875
21831.267737933875
21831.267737933875
21831.267737933875
21831.267737933875
21831.267737933875
21831.267737933875
21831.267737933875
21831.267737933875
21831.267737933875
21831.267737933875
21831.267737933875
21831.267737933875
21831.267737933875
21831.267737933875
21831.267737933875
21831.267737933875
21831.267737933875
21831.267737933875
21831.267737933875
21831.267737933875
21831.267737933875
21831.267737933875
21831.267737933875
21831.267737933875
21831.267737933875
21831.267737933875
21831.267737933875
21831.267737933875
21831.267737933875
21831.267737933875
21831.267737933875
21831.267737933875
21824.957912492027
21824.957912492027
21824.957912492027
21466.259360568085
21466.259360568085
21466.259360568085
21466.259360568085
21466.259360568085
21466.259360568085
21466.259360568085
21466.259360568085
21466.259360568085
21466.259360568085
21466.259360568085
21466.259360568085
21466.259360568085
21466.259360568085
21466.259360568085
21466.259360568085
21466.259360568085
21466.259360568085
21466.259360568085
21466.259360568085
21466.259360568085
21466.259360568085
21466.259360568085
21466.259360568085
21466.259360568085
21466.259360568085
21466.259360568085
21466.259360568085
21466.259360568085
21466.259360568085
21466.259360568085
21466.259360568085
21466.259360568085
21466.259360568085
21466.259360568085
21466.259360568085
21466.259360568085
21466.259360568085
21466.259360568085
21466.259360568085
21466.259360568085
21466.259360568085
21466.259360568085
21466.259360568085
21466.259360568085
21466.259360568085
21466.259360568085
21466.259360568085
21466.259360568085
21466.259360568085
21466.259360568085
21466.259360568085
21466.259360568085
21466.259360568085
21466.259360568085
21466.259360568085
21466.259360568085
21466.259360568085
21466.259360568085
21466.259360568085
21466.259360568085
21466.259360568085
21466.259360568085
21466.259360568085
21466.259360568085
21466.259360568085
21466.259360568085
21466.259360568085
21466.259360568085
21466.259360568085
21466.259360568085
21466.259360568085
21466.259360568085
21466.259360568085
21466.259360568085
21466.259360568085
21466.259360568085
21466.259360568085
21466.259360568085
21466.259360568085
21466.259360568085
21466.259360568085
21466.259360568085
21466.259360568085
21466.259360568085
21466.259360568085
21466.259360568085
21466.259360568085
21466.259360568085
21466.259360568085
21466.259360568085
21466.259360568085
21466.259360568085
21466.259360568085
21466.259360568085
21466.259360568085
21466.259360568085
21466.259360568085
21466.259360568085
21466.259360568085
21466.259360568085
21466.259360568085
21466.259360568085
21466.259360568085
21466.259360568085
21466.259360568085
21466.259360568085
21466.259360568085
21466.259360568085
21466.259360568085
21466.259360568085
21466.259360568085
21466.259360568085
21466.259360568085
21466.259360568085
21466.259360568085
21466.259360568085
21466.259360568085
21466.259360568085
21466.259360568085
21466.259360568085
21466.259360568085
21466.259360568085
21466.259360568085
21466.259360568085
21466.259360568085
21466.259360568085
21466.259360568085
21466.259360568085
21466.259360568085
21466.259360568085
21466.259360568085
21466.259360568085
21466.259360568085
21466.259360568085
21466.259360568085
21466.259360568085
21466.259360568085
21466.259360568085
21466.259360568085
21466.259360568085
21466.259360568085
21466.259360568085
21466.259360568085
21466.259360568085
21466.259360568085
Time: 159.11568999290466 seconds 
Best solution: 21466.259360568085 [34, 17, 19, 24, 20, 28, 23, 103, 3, 1, 2, 7, 6, 10, 11, 15, 29, 21, 22, 30, 33, 27, 25, 36, 37, 43, 42, 53, 61, 60, 65, 66, 87, 88, 94, 100, 95, 99, 98, 89, 90, 75, 76, 80, 81, 73, 62, 63, 70, 74, 69, 67, 68, 78, 85, 92, 91, 101, 97, 102, 96, 93, 84, 77, 79, 82, 83, 71, 86, 72, 64, 59, 105, 51, 52, 58, 46, 47, 44, 57, 54, 56, 55, 104, 45, 40, 49, 48, 50, 41, 32, 31, 12, 16, 18, 26, 9, 8, 5, 4, 14, 13, 38, 39, 35]
Avg solution: 32066.452322248406