Alg:1, Run: 8, file: C:\Users\gabri\Documents\AN 3 SEM 2\AI\Lab\Lab3\\lin105.tsp, population number: 1000, generations: 2500 
102879.30202266443
102879.30202266443
101968.80524040843
101968.80524040843
101968.80524040843
101107.80334957615
98405.1922082138
98405.1922082138
97464.08341535623
95493.76179923303
95493.76179923303
95493.76179923303
95493.76179923303
95056.25844164193
93770.17550035144
92828.83762624551
92170.05308060416
90076.03098807081
90076.03098807081
90076.03098807081
88468.67397321925
88468.67397321925
88468.67397321925
86996.99399790337
86996.99399790337
86996.99399790337
85785.96132009025
85785.96132009025
85785.96132009025
85286.46073166603
84774.05477448805
84774.05477448805
84682.58245130711
83560.8763430973
83560.8763430973
83560.8763430973
83560.8763430973
83560.8763430973
83560.8763430973
83560.8763430973
81484.86656308487
81484.86656308487
81375.05766638964
81375.05766638964
78201.45091351373
78201.45091351373
78201.45091351373
78201.45091351373
78201.45091351373
78201.45091351373
78201.45091351373
78201.45091351373
76921.61349330805
76921.61349330805
76921.61349330805
76921.61349330805
76921.61349330805
75358.73599411064
75358.73599411064
75358.73599411064
74510.55872741928
74510.55872741928
74510.55872741928
74510.55872741928
74510.55872741928
74510.55872741928
74510.55872741928
74510.55872741928
74510.55872741928
74510.55872741928
74510.55872741928
74510.55872741928
74510.55872741928
74510.55872741928
74510.55872741928
74510.55872741928
74510.55872741928
74510.55872741928
74510.55872741928
73499.6235942911
73499.6235942911
73499.6235942911
73325.45424179292
73325.45424179292
71898.95970441811
71898.95970441811
71552.66978545568
71552.66978545568
71552.66978545568
71552.66978545568
71552.66978545568
71552.66978545568
71552.66978545568
71395.8049530943
71395.8049530943
69824.7721466987
69824.7721466987
69824.7721466987
69824.7721466987
69824.7721466987
69824.7721466987
69824.7721466987
66050.56355312048
66050.56355312048
66050.56355312048
66050.56355312048
66050.56355312048
66050.56355312048
66050.56355312048
66050.56355312048
66050.56355312048
66050.56355312048
66050.56355312048
66050.56355312048
66050.56355312048
66050.56355312048
66050.56355312048
65352.3052391313
65352.3052391313
65352.3052391313
65352.3052391313
65352.3052391313
65352.3052391313
64090.51612985982
64090.51612985982
64090.51612985982
64090.51612985982
64090.51612985982
64090.51612985982
64090.51612985982
64090.51612985982
64090.51612985982
64090.51612985982
63586.237620054555
63586.237620054555
63586.237620054555
62937.2638490483
62937.2638490483
62937.2638490483
62937.2638490483
62937.2638490483
62937.2638490483
62937.2638490483
62937.2638490483
62937.2638490483
62937.2638490483
62937.2638490483
61447.65696746654
61447.65696746654
61447.65696746654
61447.65696746654
61447.65696746654
61287.4157503695
61287.4157503695
60340.37013052191
60340.37013052191
60340.37013052191
60340.37013052191
60340.37013052191
60340.37013052191
60340.37013052191
60340.37013052191
60340.37013052191
60340.37013052191
60340.37013052191
60340.37013052191
60340.37013052191
59859.75647389584
59859.75647389584
59859.75647389584
58459.09881757755
58459.09881757755
58459.09881757755
58459.09881757755
58459.09881757755
58459.09881757755
58459.09881757755
58459.09881757755
58459.09881757755
58459.09881757755
57901.16034662114
57901.16034662114
57901.16034662114
57901.16034662114
57901.16034662114
57901.16034662114
57901.16034662114
57901.16034662114
57901.16034662114
57546.13352949247
57546.13352949247
57546.13352949247
57546.13352949247
57546.13352949247
56720.56296825285
56720.56296825285
56720.56296825285
56720.56296825285
56720.56296825285
55764.38902764639
55764.38902764639
55764.38902764639
55764.38902764639
55764.38902764639
55764.38902764639
55764.38902764639
55764.38902764639
55764.38902764639
52552.37883185635
52552.37883185635
52552.37883185635
52552.37883185635
52552.37883185635
52552.37883185635
52552.37883185635
52552.37883185635
52552.37883185635
52552.37883185635
52552.37883185635
52552.37883185635
52552.37883185635
52552.37883185635
52552.37883185635
52552.37883185635
52552.37883185635
52552.37883185635
52552.37883185635
52552.37883185635
52552.37883185635
52552.37883185635
52552.37883185635
52552.37883185635
52377.109242016464
52377.109242016464
52377.109242016464
52377.109242016464
52377.109242016464
52377.109242016464
52377.109242016464
52377.109242016464
52377.109242016464
52377.109242016464
52377.109242016464
52377.109242016464
52377.109242016464
52377.109242016464
52377.109242016464
52377.109242016464
52377.109242016464
52377.109242016464
51923.25748035327
51923.25748035327
50773.79815197795
50773.79815197795
50773.79815197795
50773.79815197795
50773.79815197795
50773.79815197795
50773.79815197795
50773.79815197795
50773.79815197795
50773.79815197795
50773.79815197795
50773.79815197795
50773.79815197795
50773.79815197795
50773.79815197795
50773.79815197795
50773.79815197795
50773.79815197795
50773.79815197795
50773.79815197795
49937.841915087825
49937.841915087825
49937.841915087825
49937.841915087825
49937.841915087825
49937.841915087825
49937.841915087825
49937.841915087825
49937.841915087825
49937.841915087825
49937.841915087825
49937.841915087825
49503.098470988494
49492.691520941626
49492.691520941626
49492.691520941626
49492.691520941626
49492.691520941626
47467.79853180144
47467.79853180144
47467.79853180144
47467.79853180144
47467.79853180144
47467.79853180144
47467.79853180144
47467.79853180144
47467.79853180144
47467.79853180144
47467.79853180144
47467.79853180144
47467.79853180144
47467.79853180144
47467.79853180144
47467.79853180144
47467.79853180144
47467.79853180144
47467.79853180144
47467.79853180144
47467.79853180144
47467.79853180144
47467.79853180144
47467.79853180144
47467.79853180144
47467.79853180144
46356.51763939041
46356.51763939041
46356.51763939041
46356.51763939041
46356.51763939041
46356.51763939041
46356.51763939041
46356.51763939041
46356.51763939041
46356.51763939041
46356.51763939041
46356.51763939041
46356.51763939041
46356.51763939041
46356.51763939041
46356.51763939041
46179.739069111005
46179.739069111005
46179.739069111005
46179.739069111005
46179.739069111005
46179.739069111005
45916.67895193828
45916.67895193828
44813.765453863736
44813.765453863736
44813.765453863736
44813.765453863736
44813.765453863736
44813.765453863736
44813.765453863736
44813.765453863736
44813.765453863736
44813.765453863736
44813.765453863736
44813.765453863736
44813.765453863736
44813.765453863736
44813.765453863736
44813.765453863736
44813.765453863736
44813.765453863736
44813.765453863736
44813.765453863736
44813.765453863736
44813.765453863736
44813.765453863736
44813.765453863736
44813.765453863736
44813.765453863736
44813.765453863736
44813.765453863736
44813.765453863736
44593.21625483689
44593.21625483689
44593.21625483689
44593.21625483689
44593.21625483689
44593.21625483689
44593.21625483689
44593.21625483689
44593.21625483689
44593.21625483689
42834.13371452905
42834.13371452905
42834.13371452905
42834.13371452905
42834.13371452905
42834.13371452905
42834.13371452905
42834.13371452905
42834.13371452905
42834.13371452905
42834.13371452905
42834.13371452905
42834.13371452905
42834.13371452905
42834.13371452905
42834.13371452905
42834.13371452905
42834.13371452905
42834.13371452905
42834.13371452905
42834.13371452905
42834.13371452905
42834.13371452905
42834.13371452905
42834.13371452905
42834.13371452905
42834.13371452905
42834.13371452905
42834.13371452905
42834.13371452905
42834.13371452905
42834.13371452905
42834.13371452905
42834.13371452905
42342.07785582295
42342.07785582295
42342.07785582295
42342.07785582295
42342.07785582295
42342.07785582295
42342.07785582295
42047.03012611684
42047.03012611684
42047.03012611684
42047.03012611684
42047.03012611684
42047.03012611684
42047.03012611684
42047.03012611684
42047.03012611684
42047.03012611684
41835.63864552298
41835.63864552298
41835.63864552298
41835.63864552298
41835.63864552298
41835.63864552298
41835.63864552298
41835.63864552298
41835.63864552298
41234.153699845854
41234.153699845854
41234.153699845854
41234.153699845854
41234.153699845854
41234.153699845854
41234.153699845854
41234.153699845854
41234.153699845854
41234.153699845854
41234.153699845854
41234.153699845854
41234.153699845854
41234.153699845854
41234.153699845854
41234.153699845854
41234.153699845854
41234.153699845854
41234.153699845854
41234.153699845854
41234.153699845854
41234.153699845854
41234.153699845854
41234.153699845854
41234.153699845854
41234.153699845854
41234.153699845854
41234.153699845854
41234.153699845854
41234.153699845854
41234.153699845854
40407.837917822384
40407.837917822384
40407.837917822384
40407.837917822384
40407.837917822384
40407.837917822384
40407.837917822384
40407.837917822384
40407.837917822384
40407.837917822384
40407.837917822384
40407.837917822384
40407.837917822384
40407.837917822384
40407.837917822384
40407.837917822384
40407.837917822384
40407.837917822384
40407.837917822384
40407.837917822384
40407.837917822384
40407.837917822384
40407.837917822384
40407.837917822384
40407.837917822384
40407.837917822384
40407.837917822384
40407.837917822384
40407.837917822384
40407.837917822384
40407.837917822384
40407.837917822384
40407.837917822384
40407.837917822384
40407.837917822384
40407.837917822384
40407.837917822384
40407.837917822384
39292.70660640364
39292.70660640364
39292.70660640364
39292.70660640364
39292.70660640364
39292.70660640364
39292.70660640364
39292.70660640364
39292.70660640364
39292.70660640364
39292.70660640364
39292.70660640364
39292.70660640364
39292.70660640364
39292.70660640364
39292.70660640364
39292.70660640364
39292.70660640364
39292.70660640364
39292.70660640364
39292.70660640364
39292.70660640364
39292.70660640364
38867.44070735203
38867.44070735203
38756.530320395024
38756.530320395024
38756.530320395024
38756.530320395024
38756.530320395024
38756.530320395024
38756.530320395024
38756.530320395024
38756.530320395024
38756.530320395024
38756.530320395024
38756.530320395024
38756.530320395024
38756.530320395024
38756.530320395024
38756.530320395024
38756.530320395024
38756.530320395024
38756.530320395024
38756.530320395024
38756.530320395024
38756.530320395024
38756.530320395024
38756.530320395024
38756.530320395024
38702.94654442673
38702.94654442673
38702.94654442673
38702.94654442673
38702.94654442673
38702.94654442673
38702.94654442673
38702.94654442673
38702.94654442673
38702.94654442673
38702.94654442673
38702.94654442673
38702.94654442673
38702.94654442673
38702.94654442673
38702.94654442673
38702.94654442673
38702.94654442673
38702.94654442673
38702.94654442673
38702.94654442673
38702.94654442673
37439.36438110137
37439.36438110137
37439.36438110137
37439.36438110137
37439.36438110137
37439.36438110137
37439.36438110137
37439.36438110137
37439.36438110137
37439.36438110137
37439.36438110137
37439.36438110137
37439.36438110137
37439.36438110137
37439.36438110137
37439.36438110137
37439.36438110137
37439.36438110137
37439.36438110137
37439.36438110137
37439.36438110137
37439.36438110137
37439.36438110137
37439.36438110137
36437.70845676107
36437.70845676107
36437.70845676107
36437.70845676107
36437.70845676107
36437.70845676107
36437.70845676107
36437.70845676107
36437.70845676107
36437.70845676107
36437.70845676107
36437.70845676107
36437.70845676107
36437.70845676107
36437.70845676107
36437.70845676107
36437.70845676107
36437.70845676107
36437.70845676107
36437.70845676107
36437.70845676107
36437.70845676107
36437.70845676107
36437.70845676107
36437.70845676107
36437.70845676107
36437.70845676107
36437.70845676107
36437.70845676107
36437.70845676107
36437.70845676107
36437.70845676107
36437.70845676107
36437.70845676107
36437.70845676107
36437.70845676107
36437.70845676107
36437.70845676107
36437.70845676107
36437.70845676107
36437.70845676107
36437.70845676107
36437.70845676107
36437.70845676107
36437.70845676107
36437.70845676107
36437.70845676107
36437.70845676107
36437.70845676107
36437.70845676107
36437.70845676107
36437.70845676107
36437.70845676107
36437.70845676107
36437.70845676107
36437.70845676107
36437.70845676107
36437.70845676107
36437.70845676107
36437.70845676107
36437.70845676107
36437.70845676107
36437.70845676107
36437.70845676107
36437.70845676107
35287.223444115894
35287.223444115894
35287.223444115894
35287.223444115894
35287.223444115894
35287.223444115894
35287.223444115894
35287.223444115894
35287.223444115894
35287.223444115894
35287.223444115894
35287.223444115894
35287.223444115894
35287.223444115894
35287.223444115894
35287.223444115894
35287.223444115894
35287.223444115894
35287.223444115894
35287.223444115894
35287.223444115894
35150.82285713969
35150.82285713969
35150.82285713969
35150.82285713969
34919.678147886465
34919.678147886465
34919.678147886465
34919.678147886465
34919.678147886465
34919.678147886465
34919.678147886465
34883.776401084724
34883.776401084724
34883.776401084724
34883.776401084724
34883.776401084724
34883.776401084724
34848.68490417778
34848.68490417778
34848.68490417778
34848.68490417778
34671.76399015225
34671.76399015225
34671.76399015225
34671.76399015225
34671.76399015225
34671.76399015225
34671.76399015225
34671.76399015225
34671.76399015225
34671.76399015225
34671.76399015225
34671.76399015225
34671.76399015225
34671.76399015225
34671.76399015225
34671.76399015225
34671.76399015225
34671.76399015225
34671.76399015225
34671.76399015225
34643.32271210948
34643.32271210948
33541.90978810126
33541.90978810126
33541.90978810126
33541.90978810126
33541.90978810126
33541.90978810126
33541.90978810126
33541.90978810126
33541.90978810126
33541.90978810126
33541.90978810126
33541.90978810126
33541.90978810126
33541.90978810126
33541.90978810126
33541.90978810126
33541.90978810126
33541.90978810126
33541.90978810126
33541.90978810126
33541.90978810126
33541.90978810126
33541.90978810126
33541.90978810126
33541.90978810126
32200.473772329762
32200.473772329762
32200.473772329762
32200.473772329762
32200.473772329762
32200.473772329762
32200.473772329762
32200.473772329762
32200.473772329762
32200.473772329762
32200.473772329762
32200.473772329762
32200.473772329762
32200.473772329762
32200.473772329762
32200.473772329762
32200.473772329762
32200.473772329762
32200.473772329762
32200.473772329762
32200.473772329762
32200.473772329762
32200.473772329762
32200.473772329762
32200.473772329762
32200.473772329762
32200.473772329762
32200.473772329762
32200.473772329762
32200.473772329762
32200.473772329762
32200.473772329762
32200.473772329762
32200.473772329762
32200.473772329762
32200.473772329762
32200.473772329762
32200.473772329762
32200.473772329762
32200.473772329762
32200.473772329762
32200.473772329762
32200.473772329762
32200.473772329762
32200.473772329762
32200.473772329762
32200.473772329762
32200.473772329762
32200.473772329762
32200.473772329762
32200.473772329762
32200.473772329762
32200.473772329762
32200.473772329762
32200.473772329762
32200.473772329762
32200.473772329762
32200.473772329762
32200.473772329762
32200.473772329762
32200.473772329762
32200.473772329762
32200.473772329762
32200.473772329762
32200.473772329762
32200.473772329762
32200.473772329762
32200.473772329762
32200.473772329762
32200.473772329762
32200.473772329762
32200.473772329762
32200.473772329762
32200.473772329762
32200.473772329762
32200.473772329762
32200.473772329762
32200.473772329762
32200.473772329762
32200.473772329762
32200.473772329762
32200.473772329762
32200.473772329762
32200.473772329762
32200.473772329762
32200.473772329762
32200.473772329762
32200.473772329762
32200.473772329762
32200.473772329762
32200.473772329762
32200.473772329762
31519.885870016937
31519.885870016937
31519.885870016937
31519.885870016937
31519.885870016937
31519.885870016937
31519.885870016937
31519.885870016937
31519.885870016937
31519.885870016937
31519.885870016937
31519.885870016937
31519.885870016937
31519.885870016937
31519.885870016937
31519.885870016937
31519.885870016937
31519.885870016937
31519.885870016937
31519.885870016937
31519.885870016937
31519.885870016937
31519.885870016937
31519.885870016937
31519.885870016937
31519.885870016937
31519.885870016937
31519.885870016937
31519.885870016937
31519.885870016937
31519.885870016937
31519.885870016937
31519.885870016937
31519.885870016937
31519.885870016937
31519.885870016937
31519.885870016937
31519.885870016937
31519.885870016937
31519.885870016937
31519.885870016937
31519.885870016937
31519.885870016937
31519.885870016937
31519.885870016937
31519.885870016937
31519.885870016937
31519.885870016937
31519.885870016937
31519.885870016937
31519.885870016937
31519.885870016937
31519.885870016937
31392.8557140259
31392.8557140259
31392.8557140259
31392.8557140259
31392.8557140259
31392.8557140259
31392.8557140259
31392.8557140259
31392.8557140259
31392.8557140259
31392.8557140259
31392.8557140259
31392.8557140259
31392.8557140259
31392.8557140259
31392.8557140259
31392.8557140259
31392.8557140259
31392.8557140259
31392.8557140259
31392.8557140259
31392.8557140259
31392.8557140259
31392.8557140259
31392.8557140259
31392.8557140259
31392.8557140259
31392.8557140259
31392.8557140259
31392.8557140259
31392.8557140259
31213.987103952288
31213.987103952288
31213.987103952288
31213.987103952288
31213.987103952288
31213.987103952288
31213.987103952288
31213.987103952288
31213.987103952288
31213.987103952288
30893.636455060583
30893.636455060583
30893.636455060583
30893.636455060583
30893.636455060583
30893.636455060583
30893.636455060583
30893.636455060583
30893.636455060583
30893.636455060583
30893.636455060583
30893.636455060583
30072.939392600572
30072.939392600572
30072.939392600572
30072.939392600572
30072.939392600572
30072.939392600572
30072.939392600572
30072.939392600572
30072.939392600572
30072.939392600572
30072.939392600572
30072.939392600572
30072.939392600572
30072.939392600572
30072.939392600572
30072.939392600572
30072.939392600572
30072.939392600572
30072.939392600572
30072.939392600572
30072.939392600572
30072.939392600572
30072.939392600572
30072.939392600572
30072.939392600572
30072.939392600572
30072.939392600572
30072.939392600572
30072.939392600572
30072.939392600572
30072.939392600572
30072.939392600572
30072.939392600572
30072.939392600572
30072.939392600572
30072.939392600572
30072.939392600572
30072.939392600572
30072.939392600572
30072.939392600572
30072.939392600572
30072.939392600572
30072.939392600572
30072.939392600572
30072.939392600572
30072.939392600572
30072.939392600572
30072.939392600572
28869.38211949417
28869.38211949417
28869.38211949417
28869.38211949417
28869.38211949417
28869.38211949417
28869.38211949417
28869.38211949417
28869.38211949417
28869.38211949417
28869.38211949417
28869.38211949417
28869.38211949417
28869.38211949417
28869.38211949417
28869.38211949417
28869.38211949417
28869.38211949417
28869.38211949417
28869.38211949417
28869.38211949417
28869.38211949417
28869.38211949417
28869.38211949417
28869.38211949417
28869.38211949417
28869.38211949417
28869.38211949417
28869.38211949417
28869.38211949417
28869.38211949417
28869.38211949417
28869.38211949417
28869.38211949417
28869.38211949417
28869.38211949417
28869.38211949417
28869.38211949417
28869.38211949417
28869.38211949417
28869.38211949417
28869.38211949417
28869.38211949417
28869.38211949417
28869.38211949417
28869.38211949417
28869.38211949417
28869.38211949417
28869.38211949417
28869.38211949417
28869.38211949417
28869.38211949417
28869.38211949417
28869.38211949417
28869.38211949417
28869.38211949417
28869.38211949417
28869.38211949417
28869.38211949417
28869.38211949417
28869.38211949417
28869.38211949417
28869.38211949417
28869.38211949417
28869.38211949417
28869.38211949417
28869.38211949417
28869.38211949417
28869.38211949417
28869.38211949417
28869.38211949417
28869.38211949417
28869.38211949417
28869.38211949417
28869.38211949417
28869.38211949417
28869.38211949417
28869.38211949417
28869.38211949417
28869.38211949417
28869.38211949417
28869.38211949417
28869.38211949417
28869.38211949417
28869.38211949417
28869.38211949417
28869.38211949417
28869.38211949417
28869.38211949417
28869.38211949417
28869.38211949417
28869.38211949417
28869.38211949417
28869.38211949417
28869.38211949417
28869.38211949417
28793.24740097736
28793.24740097736
28793.24740097736
28793.24740097736
28793.24740097736
28793.24740097736
28793.24740097736
28793.24740097736
28793.24740097736
28793.24740097736
28793.24740097736
28793.24740097736
28793.24740097736
28793.24740097736
28793.24740097736
28793.24740097736
28793.24740097736
28793.24740097736
28793.24740097736
28793.24740097736
28793.24740097736
28793.24740097736
28793.24740097736
28793.24740097736
28793.24740097736
28793.24740097736
28793.24740097736
28793.24740097736
28793.24740097736
28793.24740097736
28793.24740097736
28793.24740097736
28793.24740097736
28793.24740097736
28793.24740097736
28793.24740097736
28793.24740097736
28793.24740097736
28793.24740097736
28793.24740097736
28793.24740097736
28793.24740097736
28793.24740097736
28793.24740097736
28793.24740097736
28573.463642493934
28573.463642493934
28573.463642493934
28573.463642493934
28573.463642493934
28573.463642493934
28523.13297525434
28523.13297525434
28523.13297525434
28523.13297525434
28523.13297525434
28523.13297525434
28523.13297525434
28523.13297525434
28523.13297525434
28523.13297525434
28523.13297525434
28523.13297525434
28523.13297525434
28523.13297525434
28523.13297525434
28523.13297525434
28523.13297525434
28523.13297525434
28523.13297525434
27619.403297414417
27619.403297414417
27619.403297414417
27619.403297414417
27619.403297414417
27619.403297414417
27619.403297414417
27619.403297414417
27619.403297414417
27619.403297414417
27619.403297414417
27619.403297414417
27619.403297414417
27619.403297414417
27619.403297414417
27619.403297414417
27619.403297414417
27619.403297414417
27619.403297414417
27619.403297414417
27619.403297414417
27619.403297414417
27619.403297414417
27619.403297414417
27619.403297414417
27619.403297414417
27619.403297414417
27619.403297414417
27619.403297414417
27619.403297414417
27619.403297414417
27619.403297414417
27619.403297414417
27619.403297414417
27619.403297414417
27619.403297414417
27619.403297414417
27619.403297414417
27619.403297414417
27619.403297414417
27619.403297414417
27619.403297414417
27619.403297414417
27619.403297414417
27619.403297414417
27619.403297414417
27619.403297414417
27619.403297414417
27619.403297414417
27619.403297414417
27619.403297414417
27619.403297414417
27619.403297414417
26862.64103995477
26862.64103995477
26862.64103995477
26862.64103995477
26862.64103995477
26862.64103995477
26862.64103995477
26862.64103995477
26862.64103995477
26862.64103995477
26862.64103995477
26862.64103995477
26862.64103995477
26862.64103995477
26862.64103995477
26862.64103995477
26862.64103995477
26862.64103995477
26862.64103995477
26862.64103995477
26862.64103995477
26862.64103995477
26862.64103995477
26862.64103995477
26862.64103995477
26862.64103995477
26862.64103995477
26862.64103995477
26862.64103995477
26862.64103995477
26862.64103995477
26862.64103995477
26862.64103995477
26862.64103995477
26862.64103995477
26862.64103995477
26862.64103995477
26351.743727669607
26351.743727669607
26351.743727669607
26351.743727669607
26351.743727669607
26351.743727669607
26351.743727669607
26351.743727669607
26351.743727669607
26351.743727669607
26351.743727669607
26351.743727669607
26351.743727669607
26351.743727669607
26351.743727669607
26351.743727669607
26351.743727669607
26351.743727669607
26351.743727669607
26351.743727669607
26351.743727669607
26351.743727669607
26351.743727669607
26351.743727669607
26351.743727669607
26351.743727669607
26351.743727669607
26351.743727669607
26351.743727669607
26351.743727669607
26351.743727669607
26351.743727669607
26351.743727669607
26351.743727669607
26351.743727669607
26351.743727669607
26351.743727669607
26351.743727669607
26351.743727669607
26351.743727669607
26351.743727669607
26351.743727669607
26351.743727669607
26351.743727669607
26351.743727669607
26351.743727669607
26351.743727669607
26351.743727669607
26351.743727669607
26351.743727669607
26351.743727669607
26351.743727669607
26351.743727669607
26351.743727669607
26351.743727669607
26351.743727669607
26351.743727669607
26351.743727669607
26351.743727669607
26351.743727669607
26351.743727669607
26351.743727669607
26351.743727669607
26351.743727669607
26351.743727669607
26351.743727669607
26351.743727669607
26351.743727669607
26351.743727669607
26351.743727669607
26351.743727669607
26351.743727669607
26351.743727669607
26351.743727669607
26351.743727669607
26351.743727669607
26351.743727669607
26351.743727669607
26351.743727669607
26351.743727669607
26351.743727669607
26351.743727669607
26351.743727669607
26351.743727669607
26351.743727669607
26351.743727669607
26351.743727669607
26351.743727669607
26351.743727669607
26351.743727669607
26351.743727669607
26351.743727669607
26351.743727669607
26351.743727669607
26351.743727669607
26351.743727669607
26351.743727669607
26351.743727669607
26351.743727669607
26351.743727669607
26351.743727669607
26351.743727669607
26351.743727669607
26351.743727669607
26351.743727669607
26351.743727669607
26351.743727669607
26351.743727669607
26351.743727669607
26351.743727669607
26351.743727669607
26351.743727669607
26351.743727669607
26351.743727669607
26351.743727669607
26351.743727669607
26351.743727669607
26351.743727669607
26351.743727669607
26351.743727669607
26351.743727669607
26351.743727669607
26351.743727669607
26351.743727669607
26351.743727669607
26351.743727669607
26246.29003311273
26246.29003311273
26246.29003311273
26246.29003311273
26246.29003311273
26246.29003311273
26246.29003311273
26246.29003311273
26246.29003311273
26246.29003311273
26246.29003311273
26246.29003311273
26246.29003311273
26246.29003311273
26246.29003311273
26246.29003311273
26246.29003311273
26246.29003311273
26246.29003311273
26246.29003311273
26246.29003311273
26246.29003311273
26246.29003311273
26246.29003311273
26246.29003311273
26246.29003311273
26246.29003311273
26246.29003311273
26246.29003311273
26246.29003311273
26246.29003311273
26246.29003311273
26246.29003311273
26246.29003311273
26246.29003311273
26246.29003311273
26192.15612858731
25227.37898276522
25227.37898276522
25227.37898276522
25227.37898276522
25227.37898276522
25227.37898276522
25227.37898276522
25227.37898276522
25227.37898276522
25227.37898276522
25227.37898276522
25227.37898276522
25227.37898276522
25227.37898276522
25227.37898276522
25227.37898276522
25227.37898276522
25227.37898276522
25227.37898276522
25227.37898276522
25227.37898276522
25227.37898276522
25227.37898276522
25227.37898276522
25227.37898276522
25227.37898276522
25227.37898276522
25227.37898276522
25227.37898276522
25227.37898276522
25227.37898276522
25227.37898276522
25227.37898276522
25227.37898276522
25227.37898276522
25227.37898276522
25227.37898276522
25227.37898276522
25227.37898276522
25227.37898276522
25227.37898276522
25227.37898276522
25227.37898276522
25227.37898276522
25227.37898276522
25227.37898276522
25227.37898276522
25227.37898276522
25227.37898276522
25227.37898276522
25227.37898276522
25227.37898276522
25227.37898276522
25227.37898276522
25227.37898276522
25227.37898276522
25227.37898276522
25227.37898276522
25227.37898276522
25227.37898276522
25227.37898276522
25227.37898276522
25227.37898276522
25227.37898276522
25227.37898276522
25227.37898276522
25227.37898276522
25227.37898276522
25227.37898276522
25227.37898276522
25227.37898276522
25227.37898276522
25227.37898276522
25227.37898276522
25227.37898276522
25227.37898276522
25227.37898276522
25227.37898276522
25227.37898276522
25227.37898276522
25227.37898276522
25227.37898276522
25227.37898276522
25227.37898276522
25227.37898276522
25227.37898276522
25227.37898276522
25227.37898276522
25227.37898276522
25227.37898276522
25227.37898276522
25227.37898276522
25227.37898276522
25227.37898276522
25227.37898276522
25227.37898276522
25227.37898276522
25227.37898276522
25227.37898276522
25227.37898276522
25227.37898276522
25227.37898276522
25227.37898276522
25227.37898276522
25227.37898276522
25227.37898276522
25227.37898276522
25227.37898276522
25227.37898276522
25227.37898276522
25227.37898276522
25227.37898276522
25227.37898276522
25227.37898276522
25227.37898276522
25227.37898276522
25227.37898276522
25227.37898276522
25227.37898276522
25227.37898276522
24360.048255032132
24360.048255032132
24360.048255032132
24360.048255032132
24360.048255032132
24360.048255032132
24360.048255032132
24360.048255032132
24360.048255032132
24360.048255032132
24360.048255032132
24360.048255032132
24360.048255032132
24360.048255032132
24360.048255032132
24360.048255032132
24360.048255032132
24360.048255032132
24360.048255032132
24360.048255032132
24360.048255032132
24360.048255032132
24360.048255032132
24360.048255032132
24360.048255032132
24360.048255032132
24360.048255032132
24360.048255032132
24360.048255032132
24360.048255032132
24360.048255032132
24360.048255032132
24360.048255032132
24360.048255032132
24360.048255032132
24360.048255032132
24360.048255032132
24360.048255032132
24360.048255032132
24298.9343776582
24298.9343776582
24298.9343776582
24298.9343776582
24298.9343776582
24298.9343776582
24298.9343776582
24298.9343776582
24298.9343776582
24298.9343776582
24298.9343776582
24298.9343776582
24298.9343776582
24298.9343776582
24298.9343776582
24298.9343776582
24298.9343776582
24298.9343776582
24298.9343776582
24298.9343776582
24298.9343776582
24298.9343776582
24298.9343776582
24298.9343776582
24298.9343776582
24298.9343776582
24298.9343776582
24298.9343776582
24241.13311454905
24241.13311454905
24241.13311454905
24241.13311454905
24241.13311454905
24241.13311454905
24241.13311454905
24241.13311454905
24241.13311454905
24241.13311454905
24241.13311454905
24241.13311454905
24241.13311454905
24241.13311454905
24241.13311454905
24241.13311454905
24241.13311454905
24241.13311454905
24241.13311454905
24241.13311454905
24241.13311454905
24241.13311454905
24241.13311454905
24241.13311454905
24241.13311454905
24241.13311454905
24241.13311454905
24241.13311454905
24241.13311454905
24241.13311454905
24241.13311454905
24241.13311454905
24241.13311454905
24241.13311454905
24241.13311454905
24241.13311454905
24241.13311454905
24241.13311454905
24241.13311454905
24241.13311454905
24241.13311454905
24241.13311454905
24241.13311454905
24241.13311454905
24241.13311454905
24241.13311454905
24241.13311454905
24241.13311454905
24241.13311454905
24241.13311454905
24241.13311454905
24241.13311454905
24241.13311454905
23987.693904024574
23987.693904024574
23987.693904024574
23987.693904024574
23987.693904024574
23987.693904024574
23987.693904024574
23987.693904024574
23987.693904024574
23987.693904024574
23987.693904024574
23987.693904024574
23987.693904024574
23987.693904024574
23987.693904024574
23987.693904024574
23987.693904024574
23987.693904024574
23987.693904024574
23987.693904024574
23987.693904024574
23987.693904024574
23987.693904024574
23987.693904024574
23987.693904024574
23987.693904024574
23987.693904024574
23502.4382494661
23502.4382494661
23502.4382494661
23502.4382494661
23502.4382494661
23502.4382494661
23502.4382494661
23502.4382494661
23502.4382494661
23502.4382494661
23502.4382494661
23502.4382494661
23380.504453754933
23380.504453754933
23380.504453754933
23380.504453754933
23380.504453754933
23380.504453754933
23380.504453754933
23380.504453754933
23380.504453754933
23380.504453754933
23380.504453754933
23380.504453754933
23380.504453754933
23380.504453754933
23380.504453754933
23380.504453754933
23380.504453754933
23380.504453754933
23380.504453754933
23380.504453754933
23380.504453754933
23380.504453754933
23380.504453754933
23380.504453754933
23380.504453754933
23380.504453754933
23380.504453754933
23380.504453754933
23380.504453754933
22278.963276604245
22278.963276604245
22278.963276604245
22278.963276604245
22278.963276604245
22278.963276604245
22278.963276604245
22278.963276604245
22278.963276604245
22278.963276604245
22278.963276604245
22278.963276604245
22278.963276604245
22278.963276604245
22278.963276604245
22278.963276604245
22278.963276604245
22278.963276604245
22278.963276604245
22278.963276604245
22278.963276604245
22278.963276604245
22278.963276604245
22278.963276604245
22278.963276604245
22278.963276604245
22278.963276604245
22278.963276604245
22278.963276604245
22278.963276604245
22278.963276604245
22278.963276604245
22278.963276604245
22278.963276604245
22278.963276604245
22278.963276604245
22278.963276604245
22278.963276604245
22278.963276604245
22278.963276604245
22278.963276604245
22278.963276604245
22278.963276604245
22278.963276604245
22278.963276604245
22278.963276604245
22278.963276604245
22278.963276604245
22278.963276604245
22278.963276604245
22278.963276604245
22278.963276604245
22278.963276604245
22278.963276604245
22278.963276604245
22278.963276604245
22278.963276604245
22278.963276604245
22278.963276604245
22278.963276604245
22278.963276604245
22278.963276604245
22278.963276604245
22278.963276604245
22278.963276604245
22278.963276604245
22278.963276604245
22278.963276604245
22278.963276604245
22278.963276604245
22278.963276604245
22278.963276604245
22278.963276604245
22278.963276604245
22278.963276604245
22278.963276604245
22278.963276604245
22278.963276604245
22278.963276604245
22278.963276604245
22278.963276604245
22278.963276604245
22278.963276604245
22278.963276604245
22278.963276604245
22278.963276604245
22278.963276604245
22278.963276604245
22278.963276604245
22278.963276604245
22278.963276604245
22278.963276604245
22278.963276604245
22278.963276604245
22278.963276604245
22278.963276604245
22278.963276604245
22278.963276604245
22278.963276604245
22278.963276604245
22278.963276604245
22278.963276604245
22278.963276604245
22278.963276604245
22278.963276604245
22278.963276604245
22278.963276604245
22278.963276604245
22278.963276604245
22278.963276604245
22278.963276604245
22278.963276604245
22278.963276604245
22278.963276604245
22278.963276604245
22278.963276604245
22278.963276604245
22278.963276604245
22278.963276604245
22278.963276604245
22278.963276604245
22278.963276604245
22278.963276604245
22278.963276604245
22278.963276604245
22278.963276604245
22278.963276604245
22278.963276604245
22278.963276604245
22278.963276604245
22278.963276604245
22278.963276604245
22278.963276604245
22278.963276604245
22278.963276604245
22278.963276604245
22278.963276604245
22278.963276604245
22278.963276604245
22278.963276604245
22278.963276604245
22278.963276604245
22278.963276604245
22278.963276604245
22278.963276604245
22278.963276604245
22278.963276604245
22278.963276604245
22278.963276604245
22278.963276604245
22278.963276604245
22278.963276604245
22278.963276604245
22278.963276604245
22278.963276604245
22278.963276604245
22278.963276604245
22278.963276604245
22278.963276604245
22278.963276604245
22278.963276604245
22278.963276604245
22278.963276604245
22278.963276604245
22278.963276604245
22278.963276604245
22278.963276604245
22278.963276604245
22278.963276604245
22042.177906955832
22042.177906955832
22042.177906955832
22042.177906955832
22042.177906955832
22042.177906955832
22042.177906955832
21987.096088596263
21987.096088596263
21987.096088596263
21987.096088596263
21987.096088596263
21987.096088596263
21987.096088596263
21987.096088596263
21987.096088596263
21934.901388676746
21934.901388676746
21934.901388676746
21934.901388676746
21934.901388676746
21934.901388676746
21934.901388676746
21934.901388676746
21934.901388676746
21934.901388676746
21934.901388676746
21934.901388676746
21934.901388676746
21934.901388676746
21934.901388676746
21934.901388676746
21934.901388676746
21934.901388676746
21934.901388676746
21934.901388676746
21934.901388676746
21934.901388676746
21934.901388676746
21934.901388676746
21934.901388676746
21934.901388676746
21934.901388676746
21934.901388676746
21934.901388676746
21934.901388676746
21934.901388676746
21934.901388676746
21934.901388676746
21934.901388676746
21934.901388676746
21934.901388676746
21934.901388676746
21934.901388676746
21934.901388676746
21934.901388676746
21934.901388676746
21934.901388676746
21934.901388676746
21934.901388676746
21934.901388676746
21934.901388676746
21934.901388676746
21934.901388676746
21934.901388676746
21573.295380203355
21573.295380203355
21573.295380203355
21573.295380203355
21573.295380203355
21573.295380203355
21573.295380203355
21573.295380203355
21573.295380203355
21573.295380203355
21573.295380203355
21573.295380203355
21573.295380203355
21573.295380203355
21573.295380203355
21573.295380203355
21573.295380203355
21573.295380203355
21573.295380203355
21573.295380203355
21573.295380203355
21573.295380203355
21573.295380203355
21573.295380203355
21573.295380203355
21573.295380203355
21573.295380203355
21573.295380203355
21573.295380203355
21573.295380203355
21573.295380203355
21573.295380203355
21573.295380203355
21573.295380203355
21573.295380203355
21573.295380203355
21573.295380203355
21573.295380203355
21573.295380203355
21573.295380203355
21573.295380203355
21573.295380203355
21573.295380203355
21573.295380203355
21573.295380203355
21573.295380203355
21573.295380203355
21573.295380203355
21573.295380203355
21573.295380203355
21573.295380203355
21573.295380203355
21573.295380203355
21573.295380203355
21573.295380203355
21573.295380203355
21573.295380203355
21573.295380203355
21573.295380203355
21573.295380203355
21573.295380203355
21573.295380203355
21573.295380203355
21573.295380203355
21573.295380203355
21573.295380203355
21573.295380203355
21573.295380203355
21573.295380203355
21573.295380203355
21573.295380203355
21573.295380203355
21573.295380203355
21573.295380203355
21573.295380203355
21573.295380203355
21573.295380203355
21573.295380203355
21573.295380203355
21573.295380203355
21573.295380203355
21573.295380203355
21573.295380203355
21573.295380203355
21573.295380203355
21573.295380203355
21573.295380203355
21573.295380203355
21573.295380203355
21573.295380203355
21573.295380203355
21573.295380203355
21573.295380203355
21573.295380203355
21573.295380203355
21573.295380203355
21573.295380203355
21573.295380203355
21573.295380203355
21573.295380203355
21573.295380203355
21573.295380203355
21573.295380203355
21435.64537748243
21435.64537748243
21435.64537748243
21435.64537748243
21435.64537748243
21435.64537748243
21435.64537748243
21435.64537748243
21435.64537748243
21435.64537748243
21435.64537748243
21435.64537748243
21435.64537748243
21435.64537748243
21435.64537748243
21435.64537748243
21435.64537748243
21435.64537748243
21435.64537748243
21435.64537748243
21435.64537748243
21435.64537748243
21435.64537748243
21435.64537748243
21435.64537748243
21435.64537748243
21435.64537748243
21435.64537748243
21435.64537748243
21435.64537748243
21435.64537748243
21435.64537748243
21435.64537748243
21020.29398906387
21020.29398906387
21020.29398906387
21020.29398906387
21020.29398906387
21020.29398906387
21020.29398906387
21020.29398906387
21020.29398906387
21020.29398906387
21020.29398906387
21020.29398906387
21020.29398906387
21020.29398906387
21020.29398906387
21020.29398906387
21020.29398906387
21020.29398906387
21020.29398906387
21020.29398906387
21020.29398906387
21020.29398906387
21020.29398906387
21020.29398906387
21020.29398906387
21020.29398906387
21020.29398906387
21020.29398906387
21020.29398906387
21020.29398906387
21020.29398906387
21020.29398906387
21020.29398906387
21020.29398906387
21020.29398906387
21020.29398906387
21020.29398906387
21020.29398906387
21020.29398906387
21020.29398906387
21020.29398906387
21020.29398906387
21020.29398906387
21020.29398906387
21020.29398906387
21020.29398906387
21020.29398906387
21020.29398906387
21020.29398906387
21020.29398906387
21020.29398906387
21020.29398906387
21020.29398906387
21020.29398906387
21020.29398906387
21020.29398906387
21020.29398906387
21020.29398906387
21020.29398906387
21020.29398906387
20893.277262336083
20893.277262336083
20893.277262336083
20893.277262336083
20893.277262336083
20893.277262336083
20893.277262336083
20893.277262336083
20893.277262336083
20893.277262336083
20893.277262336083
20893.277262336083
20893.277262336083
20893.277262336083
20893.277262336083
20893.277262336083
20893.277262336083
20893.277262336083
20893.277262336083
20893.277262336083
20893.277262336083
20893.277262336083
20893.277262336083
20893.277262336083
20893.277262336083
20893.277262336083
20893.277262336083
20893.277262336083
20893.277262336083
20893.277262336083
20893.277262336083
20893.277262336083
20893.277262336083
20893.277262336083
20893.277262336083
20893.277262336083
20893.277262336083
20893.277262336083
20893.277262336083
20893.277262336083
20787.122443170454
20787.122443170454
20787.122443170454
20787.122443170454
20787.122443170454
20712.740290070786
20712.740290070786
20712.740290070786
20549.414658929458
20549.414658929458
20549.414658929458
20549.414658929458
20549.414658929458
20549.414658929458
20549.414658929458
20549.414658929458
20549.414658929458
20549.414658929458
20549.414658929458
20549.414658929458
20549.414658929458
20549.414658929458
20549.414658929458
20549.414658929458
20549.414658929458
20549.414658929458
20549.414658929458
20549.414658929458
20549.414658929458
20549.414658929458
20549.414658929458
20549.414658929458
20549.414658929458
20549.414658929458
20549.414658929458
20549.414658929458
20549.414658929458
20549.414658929458
20549.414658929458
20549.414658929458
20549.414658929458
20549.414658929458
20549.414658929458
20549.414658929458
20549.414658929458
20549.414658929458
20549.414658929458
20549.414658929458
20549.414658929458
20549.414658929458
20549.414658929458
20549.414658929458
20549.414658929458
20549.414658929458
20549.414658929458
20549.414658929458
20549.414658929458
20549.414658929458
20549.414658929458
20549.414658929458
20549.414658929458
20549.414658929458
20549.414658929458
20549.414658929458
20549.414658929458
20549.414658929458
20549.414658929458
20549.414658929458
20549.414658929458
20549.414658929458
20549.414658929458
20549.414658929458
20549.414658929458
20549.414658929458
20549.414658929458
20549.414658929458
20549.414658929458
20549.414658929458
20549.414658929458
20549.414658929458
20549.414658929458
20549.414658929458
20549.414658929458
20549.414658929458
20549.414658929458
20549.414658929458
20549.414658929458
20198.04869424489
20198.04869424489
20198.04869424489
20198.04869424489
20198.04869424489
20198.04869424489
20198.04869424489
20198.04869424489
20198.04869424489
20198.04869424489
20198.04869424489
20198.04869424489
20198.04869424489
20198.04869424489
20198.04869424489
20198.04869424489
20198.04869424489
20198.04869424489
20198.04869424489
20198.04869424489
20198.04869424489
20198.04869424489
20198.04869424489
20198.04869424489
20198.04869424489
20198.04869424489
20198.04869424489
20198.04869424489
20198.04869424489
20198.04869424489
20198.04869424489
20198.04869424489
20198.04869424489
20198.04869424489
20198.04869424489
20198.04869424489
20198.04869424489
20198.04869424489
20198.04869424489
20198.04869424489
20198.04869424489
20198.04869424489
20198.04869424489
20198.04869424489
20198.04869424489
20198.04869424489
20198.04869424489
20198.04869424489
20198.04869424489
20198.04869424489
20198.04869424489
20198.04869424489
20198.04869424489
20198.04869424489
20198.04869424489
20198.04869424489
20198.04869424489
20198.04869424489
20198.04869424489
20198.04869424489
20198.04869424489
20198.04869424489
20198.04869424489
20198.04869424489
20198.04869424489
20198.04869424489
20198.04869424489
20198.04869424489
20198.04869424489
20198.04869424489
20198.04869424489
20198.04869424489
20198.04869424489
20198.04869424489
20198.04869424489
20198.04869424489
20198.04869424489
20198.04869424489
20198.04869424489
20198.04869424489
20198.04869424489
20198.04869424489
20198.04869424489
20198.04869424489
20198.04869424489
20198.04869424489
20198.04869424489
20198.04869424489
20198.04869424489
20198.04869424489
20198.04869424489
20198.04869424489
20198.04869424489
20198.04869424489
20198.04869424489
20198.04869424489
20198.04869424489
20198.04869424489
20198.04869424489
20198.04869424489
20198.04869424489
20198.04869424489
20198.04869424489
20198.04869424489
20198.04869424489
20198.04869424489
20198.04869424489
20198.04869424489
20198.04869424489
20198.04869424489
20139.076580405108
20139.076580405108
20139.076580405108
20139.076580405108
20139.076580405108
19835.81826998891
19835.81826998891
19835.81826998891
19835.81826998891
19835.81826998891
19835.81826998891
19835.81826998891
19835.81826998891
19835.81826998891
19835.81826998891
19835.81826998891
19835.81826998891
19835.81826998891
19835.81826998891
19835.81826998891
19835.81826998891
19835.81826998891
19835.81826998891
19835.81826998891
19835.81826998891
19835.81826998891
19835.81826998891
19835.81826998891
19835.81826998891
19835.81826998891
19835.81826998891
19835.81826998891
19835.81826998891
19835.81826998891
19835.81826998891
19835.81826998891
19835.81826998891
19835.81826998891
19835.81826998891
19835.81826998891
19835.81826998891
19835.81826998891
19835.81826998891
19835.81826998891
19835.81826998891
19835.81826998891
19835.81826998891
19835.81826998891
19835.81826998891
19835.81826998891
19835.81826998891
19835.81826998891
19835.81826998891
19835.81826998891
19835.81826998891
19835.81826998891
19835.81826998891
19835.81826998891
19835.81826998891
19835.81826998891
19835.81826998891
19835.81826998891
19835.81826998891
19637.257723568793
19637.257723568793
19637.257723568793
19637.257723568793
19637.257723568793
19637.257723568793
19637.257723568793
19637.257723568793
19637.257723568793
19637.257723568793
19637.257723568793
19637.257723568793
19637.257723568793
19637.257723568793
19637.257723568793
19637.257723568793
19637.257723568793
19637.257723568793
19637.257723568793
19637.257723568793
19637.257723568793
19637.257723568793
19637.257723568793
19637.257723568793
19637.257723568793
19637.257723568793
19637.257723568793
19637.257723568793
19637.257723568793
19637.257723568793
19637.257723568793
19637.257723568793
19637.257723568793
19637.257723568793
19637.257723568793
19637.257723568793
19637.257723568793
19637.257723568793
19637.257723568793
Time: 159.19274592399597 seconds 
Best solution: 19637.257723568793 [76, 73, 75, 81, 89, 90, 93, 101, 102, 97, 96, 92, 91, 98, 99, 100, 95, 94, 87, 88, 66, 65, 60, 61, 39, 38, 35, 34, 14, 13, 4, 5, 17, 24, 27, 19, 29, 103, 23, 20, 28, 33, 30, 31, 32, 21, 22, 10, 15, 12, 3, 1, 2, 7, 11, 6, 8, 9, 18, 25, 16, 26, 37, 36, 40, 49, 56, 59, 105, 44, 47, 55, 48, 50, 45, 104, 53, 58, 46, 42, 41, 43, 52, 57, 54, 51, 69, 74, 70, 63, 62, 64, 67, 68, 71, 84, 85, 86, 77, 72, 79, 82, 83, 78, 80]
Avg solution: 32247.776022603284