Alg:1, Run: 2, file: C:\Users\gabri\Documents\AN 3 SEM 2\AI\Lab\Lab3\\lin105.tsp, population number: 1000, generations: 2500 
102722.41432784937
102498.67171530928
99889.07555724097
99889.07555724097
99653.96750076655
99653.96750076655
99335.03895758893
97978.93017178214
97978.93017178214
94115.04904215815
94115.04904215815
94115.04904215815
94115.04904215815
94115.04904215815
94115.04904215815
94115.04904215815
94115.04904215815
93963.99460869547
89803.79634146558
89803.79634146558
89803.79634146558
89803.79634146558
89803.79634146558
89803.79634146558
88347.7166680051
88347.7166680051
88347.7166680051
84782.6009664227
84782.6009664227
84782.6009664227
84782.6009664227
84782.6009664227
84782.6009664227
84782.6009664227
84782.6009664227
83791.18558259789
83791.18558259789
83791.18558259789
83791.18558259789
83791.18558259789
83791.18558259789
83791.18558259789
83791.18558259789
82286.66771364662
82286.66771364662
81893.71214994162
81893.71214994162
81893.71214994162
81893.71214994162
81893.71214994162
81893.71214994162
80692.68020060772
79580.4295038459
79580.4295038459
79448.68711469855
74716.63432929723
74716.63432929723
74716.63432929723
74716.63432929723
74716.63432929723
74716.63432929723
74716.63432929723
74716.63432929723
74716.63432929723
74716.63432929723
74716.63432929723
74716.63432929723
74716.63432929723
74716.63432929723
74716.63432929723
74716.63432929723
74202.73560151317
74202.73560151317
74202.73560151317
74202.73560151317
74202.73560151317
74202.73560151317
72899.74045308532
72899.74045308532
72145.87916431483
72145.87916431483
72145.87916431483
72145.87916431483
72145.87916431483
72145.87916431483
72145.87916431483
72145.87916431483
71743.89494777996
71282.36311561604
71282.36311561604
71282.36311561604
71282.36311561604
71282.36311561604
71282.36311561604
71282.36311561604
71282.36311561604
71099.7328361813
71099.7328361813
71099.7328361813
70198.41283831955
70198.41283831955
70198.41283831955
68103.44354594836
68103.44354594836
68103.44354594836
68103.44354594836
68103.44354594836
68103.44354594836
68103.44354594836
68103.44354594836
68103.44354594836
68103.44354594836
68103.44354594836
68103.44354594836
68103.44354594836
68103.44354594836
68103.44354594836
68103.44354594836
68103.44354594836
68103.44354594836
67858.49103758983
67199.03906309039
67199.03906309039
67199.03906309039
67199.03906309039
66232.71731128036
66181.80725071936
66181.80725071936
66181.80725071936
66181.80725071936
64387.53827180962
64387.53827180962
64387.53827180962
64387.53827180962
64387.53827180962
64387.53827180962
64387.53827180962
63418.73719534629
63418.73719534629
63418.73719534629
63418.73719534629
63418.73719534629
63418.73719534629
63418.73719534629
63418.73719534629
63418.73719534629
59536.93660784626
59536.93660784626
59536.93660784626
59536.93660784626
59536.93660784626
59536.93660784626
59536.93660784626
59536.93660784626
59536.93660784626
59536.93660784626
59536.93660784626
59536.93660784626
59536.93660784626
59536.93660784626
59536.93660784626
59536.93660784626
59536.93660784626
59536.93660784626
59536.93660784626
59536.93660784626
59536.93660784626
59536.93660784626
59536.93660784626
59536.93660784626
59536.93660784626
59536.93660784626
59536.93660784626
59536.93660784626
59536.93660784626
59536.93660784626
59536.93660784626
59536.93660784626
59536.93660784626
59536.93660784626
59536.93660784626
59536.93660784626
59536.93660784626
59536.93660784626
59536.93660784626
59536.93660784626
59536.93660784626
59536.93660784626
59536.93660784626
57068.369098820374
57068.369098820374
57068.369098820374
57068.369098820374
57068.369098820374
57068.369098820374
57068.369098820374
57068.369098820374
57068.369098820374
57068.369098820374
57068.369098820374
57068.369098820374
57068.369098820374
57068.369098820374
57068.369098820374
57068.369098820374
55856.06528410733
55856.06528410733
55856.06528410733
55856.06528410733
55856.06528410733
55856.06528410733
55856.06528410733
55856.06528410733
55856.06528410733
55856.06528410733
55856.06528410733
55856.06528410733
55856.06528410733
55856.06528410733
55856.06528410733
55789.59395692045
55789.59395692045
55284.6543581358
55284.6543581358
55284.6543581358
55284.6543581358
55284.6543581358
55284.6543581358
55284.6543581358
55284.6543581358
55284.6543581358
55284.6543581358
55284.6543581358
55284.6543581358
55284.6543581358
55284.6543581358
55284.6543581358
55284.6543581358
55284.6543581358
55284.6543581358
54571.62326941715
54571.62326941715
54397.68839596585
54397.68839596585
54397.68839596585
54397.68839596585
54397.68839596585
54397.68839596585
54397.68839596585
54397.68839596585
54397.68839596585
54397.68839596585
54274.66063395693
53084.67196366235
53084.67196366235
53084.67196366235
53084.67196366235
53084.67196366235
53084.67196366235
53084.67196366235
53084.67196366235
53084.67196366235
53084.67196366235
53084.67196366235
53084.67196366235
53084.67196366235
53084.67196366235
53084.67196366235
53084.67196366235
53084.67196366235
52874.05976716818
52581.798491803325
52581.798491803325
52581.798491803325
52581.798491803325
52581.798491803325
52581.798491803325
52581.798491803325
52236.40657014431
51507.88333427537
51507.88333427537
51507.88333427537
51507.88333427537
51507.88333427537
51507.88333427537
51507.88333427537
50934.18240126551
50934.18240126551
50934.18240126551
50934.18240126551
50934.18240126551
49647.96184503991
49422.05016504522
49422.05016504522
49422.05016504522
49422.05016504522
49422.05016504522
49422.05016504522
49422.05016504522
49422.05016504522
49422.05016504522
49422.05016504522
49377.25875482606
49377.25875482606
49377.25875482606
49377.25875482606
47359.33527543345
47359.33527543345
47359.33527543345
47359.33527543345
47359.33527543345
47359.33527543345
47359.33527543345
47359.33527543345
47359.33527543345
47359.33527543345
47359.33527543345
47359.33527543345
47359.33527543345
47359.33527543345
47359.33527543345
47359.33527543345
47359.33527543345
47359.33527543345
47359.33527543345
47359.33527543345
47359.33527543345
47359.33527543345
47359.33527543345
47359.33527543345
47359.33527543345
47359.33527543345
47359.33527543345
47359.33527543345
47359.33527543345
47359.33527543345
47359.33527543345
47359.33527543345
47359.33527543345
47359.33527543345
47359.33527543345
47359.33527543345
47359.33527543345
47359.33527543345
47359.33527543345
47134.490675732115
47134.490675732115
46307.221491091936
46307.221491091936
46307.221491091936
46307.221491091936
46307.221491091936
46307.221491091936
45674.46825261119
45674.46825261119
45674.46825261119
45674.46825261119
45674.46825261119
45674.46825261119
45674.46825261119
45674.46825261119
45674.46825261119
45674.46825261119
45674.46825261119
45674.46825261119
45674.46825261119
45674.46825261119
45674.46825261119
45674.46825261119
45674.46825261119
44938.39547407838
44938.39547407838
44938.39547407838
44938.39547407838
44938.39547407838
44938.39547407838
44938.39547407838
44938.39547407838
44938.39547407838
44354.979438253555
44354.979438253555
44354.979438253555
44354.979438253555
44354.979438253555
44354.979438253555
44354.979438253555
44354.979438253555
44354.979438253555
44354.979438253555
44354.979438253555
44354.979438253555
44354.979438253555
44231.69130993735
44231.69130993735
44231.69130993735
44231.69130993735
44231.69130993735
44231.69130993735
44231.69130993735
44182.29932164608
44182.29932164608
44182.29932164608
43740.19357383733
43740.19357383733
43740.19357383733
43740.19357383733
43740.19357383733
43740.19357383733
43740.19357383733
43740.19357383733
43740.19357383733
43740.19357383733
43740.19357383733
43740.19357383733
43740.19357383733
43740.19357383733
43740.19357383733
43740.19357383733
43740.19357383733
43740.19357383733
43740.19357383733
43740.19357383733
43740.19357383733
43740.19357383733
43740.19357383733
43740.19357383733
43740.19357383733
43740.19357383733
42343.9973220431
42343.9973220431
42343.9973220431
42343.9973220431
42343.9973220431
42343.9973220431
42343.9973220431
42343.9973220431
42343.9973220431
42343.9973220431
42343.9973220431
42343.9973220431
42343.9973220431
42343.9973220431
42343.9973220431
42343.9973220431
42343.9973220431
42343.9973220431
42343.9973220431
42343.9973220431
42343.9973220431
42343.9973220431
42343.9973220431
42343.9973220431
42343.9973220431
42343.9973220431
42343.9973220431
42343.9973220431
42343.9973220431
41195.06785155576
41195.06785155576
41195.06785155576
41195.06785155576
41195.06785155576
41195.06785155576
41195.06785155576
41195.06785155576
41195.06785155576
41195.06785155576
41195.06785155576
41195.06785155576
41195.06785155576
41195.06785155576
41195.06785155576
41195.06785155576
41195.06785155576
41195.06785155576
41195.06785155576
41195.06785155576
41195.06785155576
41195.06785155576
40537.759975436835
40537.759975436835
40537.759975436835
40537.759975436835
40537.759975436835
40537.759975436835
40537.759975436835
40537.759975436835
40537.759975436835
40537.759975436835
40537.759975436835
40537.759975436835
40537.759975436835
40537.759975436835
40537.759975436835
40537.759975436835
40537.759975436835
40537.759975436835
39786.06573004586
39786.06573004586
39786.06573004586
39786.06573004586
39786.06573004586
39786.06573004586
39786.06573004586
39786.06573004586
39786.06573004586
39166.377211564606
39166.377211564606
39166.377211564606
39166.377211564606
39166.377211564606
39166.377211564606
39166.377211564606
39166.377211564606
39166.377211564606
39166.377211564606
39166.377211564606
39166.377211564606
39166.377211564606
39166.377211564606
39166.377211564606
39166.377211564606
39166.377211564606
39166.377211564606
39166.377211564606
39166.377211564606
39166.377211564606
39166.377211564606
39166.377211564606
39166.377211564606
39166.377211564606
39166.377211564606
39166.377211564606
39166.377211564606
39166.377211564606
39166.377211564606
39166.377211564606
39166.377211564606
39166.377211564606
39166.377211564606
39166.377211564606
39166.377211564606
39166.377211564606
39166.377211564606
39166.377211564606
39166.377211564606
39166.377211564606
39166.377211564606
39166.377211564606
39166.377211564606
39166.377211564606
39166.377211564606
39166.377211564606
39166.377211564606
39166.377211564606
39166.377211564606
39166.377211564606
39166.377211564606
39166.377211564606
39166.377211564606
39166.377211564606
39166.377211564606
39166.377211564606
39166.377211564606
39166.377211564606
39166.377211564606
39166.377211564606
39166.377211564606
39166.377211564606
39166.377211564606
39166.377211564606
39166.377211564606
39166.377211564606
39166.377211564606
38947.758717374425
38947.758717374425
38947.758717374425
38947.758717374425
38947.758717374425
38947.758717374425
38947.758717374425
38947.758717374425
38947.758717374425
38947.758717374425
38867.06005339243
38867.06005339243
38867.06005339243
38867.06005339243
38867.06005339243
38867.06005339243
38272.74598693352
37955.92527899868
37955.92527899868
37955.92527899868
37955.92527899868
37955.92527899868
37955.92527899868
37955.92527899868
37955.92527899868
37955.92527899868
37955.92527899868
37955.92527899868
37955.92527899868
37955.92527899868
37955.92527899868
37955.92527899868
37655.34120730733
37655.34120730733
37655.34120730733
37655.34120730733
37655.34120730733
37655.34120730733
37655.34120730733
37472.45477529904
37472.45477529904
37472.45477529904
37472.45477529904
37472.45477529904
37472.45477529904
37472.45477529904
37472.45477529904
37472.45477529904
37472.45477529904
37472.45477529904
37472.45477529904
37390.680972878945
37390.680972878945
37390.680972878945
37390.680972878945
37390.680972878945
36439.02265000532
36439.02265000532
36439.02265000532
36439.02265000532
36439.02265000532
36439.02265000532
36439.02265000532
36439.02265000532
36439.02265000532
36439.02265000532
36439.02265000532
36439.02265000532
36439.02265000532
36439.02265000532
36439.02265000532
36439.02265000532
36439.02265000532
36439.02265000532
36439.02265000532
36439.02265000532
36439.02265000532
36439.02265000532
36439.02265000532
36439.02265000532
36439.02265000532
36439.02265000532
36439.02265000532
36439.02265000532
36439.02265000532
36439.02265000532
36439.02265000532
36439.02265000532
36439.02265000532
36439.02265000532
36439.02265000532
36439.02265000532
36439.02265000532
36439.02265000532
36439.02265000532
36439.02265000532
36439.02265000532
36439.02265000532
36439.02265000532
36439.02265000532
36439.02265000532
36125.04575577048
36125.04575577048
36125.04575577048
36125.04575577048
36125.04575577048
36125.04575577048
36125.04575577048
36125.04575577048
36125.04575577048
36125.04575577048
36125.04575577048
36125.04575577048
36125.04575577048
36125.04575577048
36125.04575577048
36125.04575577048
36125.04575577048
36125.04575577048
36125.04575577048
36125.04575577048
36125.04575577048
36125.04575577048
36125.04575577048
36125.04575577048
36125.04575577048
36125.04575577048
36125.04575577048
36125.04575577048
36125.04575577048
36125.04575577048
36125.04575577048
36125.04575577048
36125.04575577048
36125.04575577048
35892.5766512665
35892.5766512665
35892.5766512665
35892.5766512665
35892.5766512665
35892.5766512665
35892.5766512665
35892.5766512665
35892.5766512665
35892.5766512665
35670.998636103905
35670.998636103905
35670.998636103905
35670.998636103905
35670.998636103905
35670.998636103905
35670.998636103905
35670.998636103905
35293.33791043772
35293.33791043772
35293.33791043772
35293.33791043772
35293.33791043772
35293.33791043772
35293.33791043772
35293.33791043772
35293.33791043772
35293.33791043772
35293.33791043772
35293.33791043772
35293.33791043772
34528.56799925693
34528.56799925693
34528.56799925693
34528.56799925693
34528.56799925693
34528.56799925693
34528.56799925693
34528.56799925693
34528.56799925693
34528.56799925693
34528.56799925693
34528.56799925693
34528.56799925693
34528.56799925693
34528.56799925693
34528.56799925693
34528.56799925693
34528.56799925693
34528.56799925693
34528.56799925693
34528.56799925693
34528.56799925693
34528.56799925693
34528.56799925693
34528.56799925693
34528.56799925693
34528.56799925693
34528.56799925693
34528.56799925693
34528.56799925693
34528.56799925693
34528.56799925693
34528.56799925693
34528.56799925693
34528.56799925693
34482.56182746022
34482.56182746022
34482.56182746022
32246.136084795176
32246.136084795176
32246.136084795176
32246.136084795176
32246.136084795176
32246.136084795176
32246.136084795176
32246.136084795176
32246.136084795176
32246.136084795176
32246.136084795176
32246.136084795176
32246.136084795176
32246.136084795176
32246.136084795176
32246.136084795176
32246.136084795176
32246.136084795176
32246.136084795176
32246.136084795176
32246.136084795176
32246.136084795176
32246.136084795176
32246.136084795176
32246.136084795176
32246.136084795176
32246.136084795176
32246.136084795176
32246.136084795176
32246.136084795176
32246.136084795176
32246.136084795176
32246.136084795176
32246.136084795176
32246.136084795176
32246.136084795176
32246.136084795176
32246.136084795176
32246.136084795176
32246.136084795176
32246.136084795176
32246.136084795176
32246.136084795176
32246.136084795176
32246.136084795176
32246.136084795176
32246.136084795176
32246.136084795176
32246.136084795176
32246.136084795176
32246.136084795176
32246.136084795176
32246.136084795176
32246.136084795176
32246.136084795176
32246.136084795176
32246.136084795176
32246.136084795176
32246.136084795176
32246.136084795176
32246.136084795176
32246.136084795176
32246.136084795176
32246.136084795176
32246.136084795176
32246.136084795176
32246.136084795176
32246.136084795176
32246.136084795176
32246.136084795176
32246.136084795176
32246.136084795176
32246.136084795176
32246.136084795176
32246.136084795176
32246.136084795176
32246.136084795176
32246.136084795176
32246.136084795176
32246.136084795176
32246.136084795176
32246.136084795176
32246.136084795176
32246.136084795176
32246.136084795176
32246.136084795176
32246.136084795176
32246.136084795176
32246.136084795176
32246.136084795176
32246.136084795176
32246.136084795176
32246.136084795176
32246.136084795176
32246.136084795176
32246.136084795176
32246.136084795176
32246.136084795176
32246.136084795176
32246.136084795176
32246.136084795176
32246.136084795176
32246.136084795176
32246.136084795176
32246.136084795176
32246.136084795176
31695.225803778325
31695.225803778325
31695.225803778325
31695.225803778325
31695.225803778325
31695.225803778325
31695.225803778325
31695.225803778325
31695.225803778325
31695.225803778325
31695.225803778325
31695.225803778325
31695.225803778325
31695.225803778325
31695.225803778325
31695.225803778325
31695.225803778325
31695.225803778325
31695.225803778325
31695.225803778325
31695.225803778325
31695.225803778325
31695.225803778325
31695.225803778325
31695.225803778325
31695.225803778325
31695.225803778325
31695.225803778325
31695.225803778325
31695.225803778325
31695.225803778325
31695.225803778325
31695.225803778325
31695.225803778325
31695.225803778325
31695.225803778325
31399.67974255773
31399.67974255773
31399.67974255773
31399.67974255773
31399.67974255773
31399.67974255773
31399.67974255773
31399.67974255773
31399.67974255773
31399.67974255773
31399.67974255773
31399.67974255773
31399.67974255773
31399.67974255773
31399.67974255773
31399.67974255773
31399.67974255773
31399.67974255773
31399.67974255773
31399.67974255773
31399.67974255773
31399.67974255773
31399.67974255773
31399.67974255773
31399.67974255773
31399.67974255773
31399.67974255773
31399.67974255773
31399.67974255773
31399.67974255773
31399.67974255773
31399.67974255773
31399.67974255773
31399.67974255773
31399.67974255773
31399.67974255773
31399.67974255773
31399.67974255773
31399.67974255773
31399.67974255773
31399.67974255773
31399.67974255773
31399.67974255773
31399.67974255773
30755.748489004338
30755.748489004338
30755.748489004338
30755.748489004338
30755.748489004338
30755.748489004338
30755.748489004338
30755.748489004338
30755.748489004338
30755.748489004338
30755.748489004338
30755.748489004338
30755.748489004338
30755.748489004338
30755.748489004338
30755.748489004338
30755.748489004338
30755.748489004338
30755.748489004338
30755.748489004338
30755.748489004338
30755.748489004338
30755.748489004338
30755.748489004338
30755.748489004338
30755.748489004338
30755.748489004338
30755.748489004338
30755.748489004338
30755.748489004338
30755.748489004338
30755.748489004338
30755.748489004338
30755.748489004338
30755.748489004338
30755.748489004338
30755.748489004338
30755.748489004338
30755.748489004338
30755.748489004338
30755.748489004338
30755.748489004338
30755.748489004338
30755.748489004338
30755.748489004338
30755.748489004338
30755.748489004338
30755.748489004338
30755.748489004338
30755.748489004338
30755.748489004338
30755.748489004338
30755.748489004338
30755.748489004338
30755.748489004338
30755.748489004338
30755.748489004338
30755.748489004338
30755.748489004338
30072.063180972236
30072.063180972236
30072.063180972236
30072.063180972236
30072.063180972236
30072.063180972236
30072.063180972236
30072.063180972236
30072.063180972236
30072.063180972236
30072.063180972236
30072.063180972236
30072.063180972236
30072.063180972236
30072.063180972236
30072.063180972236
30072.063180972236
30072.063180972236
30072.063180972236
30072.063180972236
30072.063180972236
30072.063180972236
30013.032952864734
30013.032952864734
30013.032952864734
30013.032952864734
30013.032952864734
30013.032952864734
30013.032952864734
30013.032952864734
30013.032952864734
30013.032952864734
30013.032952864734
30013.032952864734
30013.032952864734
30013.032952864734
30013.032952864734
30013.032952864734
30013.032952864734
30013.032952864734
30013.032952864734
30013.032952864734
30013.032952864734
30013.032952864734
30013.032952864734
30013.032952864734
30013.032952864734
30013.032952864734
30013.032952864734
30013.032952864734
29764.621803386042
29764.621803386042
29764.621803386042
29764.621803386042
29764.621803386042
29764.621803386042
29764.621803386042
29764.621803386042
29764.621803386042
29764.621803386042
29764.621803386042
28871.86395628357
28871.86395628357
28871.86395628357
28871.86395628357
28871.86395628357
28871.86395628357
28871.86395628357
28871.86395628357
28871.86395628357
28871.86395628357
28871.86395628357
28871.86395628357
28871.86395628357
28871.86395628357
28871.86395628357
28871.86395628357
28871.86395628357
28871.86395628357
28871.86395628357
28871.86395628357
28871.86395628357
28871.86395628357
28871.86395628357
28871.86395628357
28871.86395628357
28871.86395628357
28871.86395628357
28871.86395628357
28871.86395628357
28871.86395628357
28871.86395628357
28871.86395628357
28871.86395628357
28871.86395628357
28871.86395628357
28871.86395628357
28871.86395628357
28871.86395628357
28871.86395628357
28871.86395628357
28871.86395628357
28871.86395628357
28871.86395628357
28871.86395628357
28871.86395628357
28871.86395628357
28871.86395628357
28871.86395628357
28871.86395628357
28871.86395628357
28871.86395628357
28871.86395628357
28871.86395628357
28871.86395628357
28610.133116888028
28610.133116888028
28610.133116888028
28610.133116888028
28610.133116888028
28610.133116888028
28610.133116888028
28610.133116888028
28610.133116888028
28610.133116888028
28610.133116888028
28610.133116888028
28610.133116888028
28391.997822660484
28391.997822660484
28391.997822660484
28391.997822660484
28391.997822660484
28391.997822660484
28391.997822660484
28391.997822660484
28391.997822660484
28391.997822660484
28391.997822660484
28391.997822660484
28391.997822660484
28391.997822660484
28391.997822660484
28391.997822660484
28366.179156359423
28366.179156359423
28343.466978206812
28343.466978206812
28343.466978206812
28343.466978206812
28343.466978206812
28343.466978206812
28343.466978206812
28343.466978206812
28343.466978206812
28343.466978206812
28343.466978206812
28343.466978206812
28343.466978206812
28343.466978206812
28343.466978206812
27544.44357155442
27544.44357155442
27544.44357155442
27544.44357155442
27544.44357155442
27544.44357155442
27544.44357155442
27544.44357155442
27544.44357155442
27544.44357155442
27544.44357155442
27544.44357155442
27544.44357155442
27544.44357155442
27544.44357155442
27544.44357155442
27544.44357155442
27544.44357155442
27544.44357155442
27544.44357155442
27544.44357155442
27544.44357155442
27544.44357155442
27544.44357155442
27544.44357155442
27544.44357155442
27544.44357155442
27010.956601666054
27010.956601666054
27010.956601666054
27010.956601666054
27010.956601666054
27010.956601666054
27010.956601666054
27010.956601666054
27010.956601666054
27010.956601666054
27010.956601666054
27010.956601666054
27010.956601666054
27010.956601666054
27010.956601666054
27010.956601666054
27010.956601666054
27010.956601666054
27010.956601666054
27010.956601666054
27010.956601666054
27010.956601666054
27010.956601666054
27010.956601666054
27010.956601666054
27010.956601666054
27010.956601666054
27010.956601666054
27010.956601666054
27010.956601666054
27010.956601666054
27010.956601666054
27010.956601666054
27010.956601666054
27010.956601666054
27010.956601666054
27010.956601666054
27010.956601666054
27010.956601666054
27010.956601666054
27010.956601666054
27010.956601666054
27010.956601666054
27010.956601666054
27010.956601666054
27010.956601666054
27010.956601666054
27010.956601666054
27010.956601666054
27010.956601666054
27010.956601666054
27010.956601666054
27010.956601666054
27010.956601666054
27010.956601666054
27010.956601666054
27010.956601666054
27010.956601666054
27010.956601666054
27010.956601666054
27010.956601666054
26976.10645884286
26976.10645884286
26976.10645884286
26976.10645884286
26976.10645884286
26976.10645884286
26976.10645884286
26976.10645884286
26976.10645884286
26976.10645884286
26976.10645884286
26976.10645884286
26976.10645884286
26976.10645884286
26976.10645884286
26976.10645884286
26976.10645884286
26976.10645884286
26976.10645884286
26976.10645884286
26976.10645884286
26976.10645884286
26976.10645884286
26976.10645884286
26976.10645884286
26976.10645884286
26976.10645884286
26976.10645884286
26976.10645884286
26976.10645884286
26976.10645884286
26976.10645884286
26976.10645884286
26976.10645884286
26976.10645884286
26976.10645884286
26976.10645884286
26976.10645884286
26976.10645884286
26976.10645884286
26976.10645884286
26976.10645884286
26976.10645884286
26976.10645884286
26976.10645884286
26976.10645884286
26976.10645884286
26976.10645884286
26976.10645884286
26976.10645884286
26976.10645884286
26976.10645884286
26976.10645884286
26976.10645884286
26976.10645884286
26976.10645884286
26976.10645884286
26976.10645884286
26976.10645884286
26976.10645884286
26976.10645884286
26976.10645884286
26976.10645884286
26976.10645884286
26976.10645884286
26976.10645884286
26976.10645884286
26976.10645884286
26976.10645884286
26976.10645884286
26976.10645884286
26976.10645884286
26976.10645884286
26976.10645884286
26976.10645884286
26976.10645884286
26976.10645884286
26976.10645884286
26976.10645884286
26976.10645884286
26976.10645884286
26976.10645884286
26976.10645884286
26976.10645884286
26976.10645884286
26976.10645884286
26976.10645884286
26976.10645884286
26976.10645884286
26976.10645884286
26976.10645884286
26976.10645884286
26976.10645884286
26976.10645884286
26976.10645884286
26976.10645884286
26976.10645884286
26976.10645884286
26976.10645884286
26976.10645884286
26976.10645884286
26976.10645884286
26732.392177672977
26732.392177672977
26732.392177672977
26732.392177672977
26732.392177672977
26732.392177672977
26732.392177672977
26732.392177672977
26732.392177672977
26732.392177672977
26732.392177672977
26732.392177672977
26732.392177672977
26732.392177672977
26732.392177672977
26732.392177672977
26732.392177672977
26732.392177672977
26732.392177672977
26732.392177672977
26732.392177672977
26732.392177672977
26732.392177672977
26732.392177672977
26732.392177672977
26732.392177672977
26732.392177672977
26732.392177672977
26732.392177672977
26732.392177672977
26732.392177672977
26685.632748438977
26685.632748438977
26685.632748438977
26685.632748438977
26685.632748438977
26685.632748438977
26685.632748438977
26685.632748438977
26685.632748438977
26685.632748438977
26359.95621148172
26359.95621148172
26359.95621148172
26359.95621148172
26224.48449866764
26224.48449866764
26224.48449866764
26224.48449866764
26224.48449866764
26224.48449866764
26224.48449866764
26224.48449866764
26224.48449866764
26224.48449866764
26224.48449866764
26224.48449866764
26224.48449866764
26224.48449866764
26224.48449866764
26224.48449866764
26224.48449866764
26224.48449866764
26224.48449866764
26224.48449866764
26224.48449866764
26224.48449866764
26224.48449866764
26224.48449866764
26224.48449866764
26224.48449866764
26224.48449866764
26224.48449866764
26224.48449866764
26224.48449866764
26224.48449866764
26224.48449866764
26224.48449866764
26224.48449866764
26224.48449866764
26224.48449866764
26224.48449866764
26224.48449866764
26224.48449866764
26224.48449866764
26224.48449866764
26224.48449866764
26224.48449866764
26224.48449866764
26224.48449866764
26224.48449866764
26224.48449866764
26224.48449866764
26224.48449866764
26224.48449866764
26224.48449866764
26224.48449866764
26224.48449866764
26224.48449866764
26127.814103870824
26127.814103870824
26127.814103870824
26127.814103870824
26127.814103870824
26127.814103870824
26127.814103870824
26127.814103870824
26127.814103870824
26127.814103870824
26127.814103870824
26127.814103870824
26127.814103870824
26127.814103870824
26127.814103870824
26127.814103870824
26127.814103870824
26127.814103870824
26127.814103870824
26127.814103870824
26127.814103870824
26127.814103870824
26127.814103870824
26127.814103870824
26127.814103870824
26127.814103870824
26127.814103870824
26127.814103870824
26127.814103870824
26127.814103870824
26127.814103870824
26127.814103870824
26127.814103870824
26127.814103870824
25850.041883658992
25850.041883658992
25850.041883658992
25850.041883658992
25850.041883658992
25850.041883658992
25850.041883658992
25850.041883658992
25850.041883658992
25850.041883658992
25850.041883658992
25850.041883658992
25850.041883658992
25850.041883658992
25850.041883658992
25850.041883658992
25850.041883658992
25850.041883658992
25850.041883658992
25850.041883658992
25850.041883658992
25850.041883658992
25850.041883658992
25850.041883658992
25850.041883658992
25850.041883658992
25850.041883658992
25850.041883658992
25850.041883658992
25850.041883658992
25850.041883658992
25850.041883658992
25850.041883658992
25850.041883658992
25850.041883658992
25850.041883658992
25850.041883658992
25850.041883658992
25850.041883658992
25850.041883658992
25850.041883658992
25850.041883658992
25850.041883658992
25850.041883658992
25850.041883658992
25850.041883658992
25850.041883658992
25850.041883658992
25850.041883658992
25850.041883658992
25850.041883658992
25850.041883658992
25850.041883658992
25850.041883658992
25850.041883658992
25850.041883658992
25850.041883658992
25850.041883658992
25850.041883658992
25850.041883658992
25703.752216125602
25703.752216125602
25703.752216125602
25703.752216125602
25703.752216125602
25703.752216125602
25703.752216125602
25703.752216125602
25703.752216125602
25703.752216125602
25703.752216125602
25703.752216125602
25703.752216125602
25703.752216125602
25703.752216125602
25703.752216125602
25703.752216125602
25703.752216125602
25703.752216125602
25703.752216125602
25703.752216125602
25703.752216125602
25703.752216125602
25703.752216125602
25703.752216125602
25703.752216125602
25703.752216125602
25703.752216125602
25703.752216125602
25703.752216125602
25703.752216125602
25703.752216125602
25703.752216125602
25703.752216125602
25703.752216125602
25703.752216125602
25703.752216125602
25703.752216125602
25703.752216125602
25703.752216125602
25703.752216125602
25703.752216125602
25703.752216125602
25703.752216125602
25703.752216125602
25703.752216125602
25703.752216125602
25703.752216125602
25703.752216125602
25703.752216125602
25703.752216125602
25703.752216125602
25703.752216125602
25703.752216125602
25703.752216125602
25703.752216125602
25703.752216125602
25703.752216125602
25703.752216125602
25703.752216125602
25703.752216125602
25703.752216125602
25703.752216125602
25703.752216125602
25703.752216125602
25703.752216125602
25703.752216125602
25703.752216125602
25703.752216125602
25703.752216125602
25703.752216125602
25703.752216125602
25703.752216125602
25703.752216125602
25703.752216125602
25703.752216125602
25703.752216125602
25703.752216125602
25703.752216125602
25703.752216125602
25703.752216125602
25703.752216125602
25703.752216125602
25703.752216125602
24969.159150430045
24969.159150430045
24969.159150430045
24969.159150430045
24969.159150430045
24969.159150430045
24969.159150430045
24969.159150430045
24969.159150430045
24969.159150430045
24969.159150430045
24799.192894080414
24799.192894080414
24799.192894080414
24799.192894080414
24799.192894080414
24799.192894080414
24799.192894080414
24799.192894080414
24799.192894080414
24799.192894080414
24799.192894080414
24799.192894080414
24799.192894080414
24799.192894080414
24799.192894080414
24799.192894080414
24799.192894080414
24799.192894080414
24799.192894080414
24799.192894080414
24799.192894080414
24799.192894080414
24799.192894080414
24799.192894080414
24799.192894080414
24799.192894080414
24799.192894080414
24799.192894080414
24799.192894080414
24799.192894080414
24799.192894080414
24799.192894080414
24799.192894080414
24799.192894080414
24799.192894080414
24799.192894080414
24799.192894080414
24799.192894080414
24799.192894080414
24799.192894080414
24799.192894080414
24799.192894080414
24799.192894080414
24799.192894080414
24799.192894080414
24799.192894080414
24799.192894080414
24799.192894080414
24799.192894080414
24799.192894080414
24799.192894080414
24799.192894080414
24799.192894080414
24799.192894080414
24799.192894080414
24799.192894080414
24799.192894080414
24799.192894080414
24799.192894080414
24799.192894080414
24799.192894080414
24799.192894080414
24799.192894080414
24799.192894080414
24799.192894080414
24799.192894080414
24799.192894080414
24799.192894080414
24799.192894080414
24799.192894080414
24799.192894080414
24799.192894080414
24799.192894080414
24799.192894080414
24799.192894080414
24799.192894080414
24799.192894080414
24799.192894080414
24799.192894080414
24799.192894080414
24799.192894080414
24799.192894080414
24799.192894080414
24799.192894080414
24799.192894080414
24799.192894080414
24799.192894080414
24799.192894080414
24799.192894080414
24799.192894080414
24799.192894080414
24799.192894080414
24799.192894080414
24799.192894080414
24799.192894080414
24799.192894080414
24799.192894080414
24799.192894080414
24799.192894080414
24799.192894080414
24799.192894080414
24799.192894080414
24799.192894080414
24799.192894080414
24799.192894080414
24799.192894080414
24799.192894080414
24799.192894080414
24799.192894080414
24799.192894080414
24799.192894080414
24799.192894080414
24799.192894080414
24799.192894080414
24799.192894080414
24799.192894080414
24799.192894080414
24799.192894080414
24799.192894080414
24799.192894080414
24799.192894080414
24799.192894080414
24799.192894080414
24799.192894080414
24799.192894080414
24799.192894080414
24799.192894080414
24799.192894080414
24799.192894080414
24799.192894080414
24799.192894080414
24799.192894080414
24799.192894080414
24799.192894080414
24799.192894080414
24799.192894080414
24574.17323381903
24574.17323381903
24574.17323381903
24574.17323381903
24574.17323381903
24574.17323381903
24574.17323381903
24574.17323381903
24574.17323381903
24574.17323381903
24574.17323381903
24574.17323381903
24574.17323381903
24574.17323381903
24574.17323381903
24574.17323381903
24574.17323381903
24574.17323381903
24574.17323381903
24574.17323381903
24574.17323381903
24574.17323381903
24574.17323381903
24574.17323381903
24574.17323381903
24574.17323381903
24574.17323381903
24574.17323381903
24574.17323381903
24574.17323381903
24574.17323381903
24574.17323381903
24574.17323381903
24574.17323381903
24574.17323381903
24574.17323381903
24574.17323381903
24574.17323381903
24574.17323381903
24574.17323381903
24574.17323381903
24574.17323381903
24574.17323381903
24574.17323381903
24574.17323381903
24574.17323381903
24574.17323381903
24574.17323381903
24574.17323381903
24574.17323381903
24574.17323381903
24574.17323381903
24574.17323381903
24574.17323381903
24574.17323381903
24468.95681978272
24468.95681978272
24468.95681978272
24468.95681978272
24468.95681978272
24468.95681978272
24468.95681978272
24468.95681978272
24468.95681978272
24468.95681978272
24468.95681978272
24468.95681978272
24468.95681978272
24468.95681978272
24468.95681978272
24468.95681978272
24468.95681978272
24468.95681978272
24468.95681978272
24468.95681978272
24468.95681978272
24468.95681978272
24468.95681978272
24468.95681978272
24468.95681978272
24468.95681978272
24468.95681978272
24468.95681978272
24468.95681978272
24468.95681978272
24468.95681978272
24468.95681978272
24468.95681978272
24468.95681978272
24468.95681978272
24468.95681978272
24468.95681978272
24175.172807249375
24175.172807249375
24175.172807249375
24175.172807249375
24175.172807249375
24175.172807249375
24175.172807249375
24175.172807249375
24175.172807249375
24175.172807249375
24175.172807249375
24175.172807249375
24175.172807249375
24175.172807249375
24175.172807249375
24175.172807249375
24175.172807249375
24175.172807249375
24142.782468469213
24142.782468469213
24142.782468469213
24142.782468469213
24142.782468469213
24142.782468469213
24142.782468469213
24142.782468469213
24142.782468469213
24142.782468469213
24142.782468469213
24112.454826784127
24112.454826784127
24012.517014935027
24012.517014935027
24012.517014935027
24012.517014935027
24012.517014935027
24012.517014935027
24012.517014935027
24012.517014935027
24012.517014935027
24012.517014935027
23572.92274790791
23572.92274790791
23572.92274790791
23572.92274790791
23572.92274790791
23572.92274790791
23572.92274790791
23572.92274790791
23572.92274790791
23572.92274790791
23572.92274790791
23572.92274790791
23572.92274790791
23572.92274790791
23572.92274790791
23572.92274790791
23572.92274790791
23541.457575938282
23541.457575938282
23541.457575938282
23541.457575938282
23541.457575938282
23541.457575938282
23541.457575938282
23541.457575938282
23541.457575938282
23541.457575938282
23541.457575938282
23541.457575938282
23541.457575938282
23541.457575938282
23541.457575938282
23541.457575938282
23541.457575938282
23541.457575938282
23541.457575938282
23541.457575938282
23541.457575938282
23541.457575938282
23541.457575938282
23541.457575938282
23491.575667591344
23491.575667591344
23491.575667591344
23491.575667591344
23491.575667591344
23491.575667591344
23491.575667591344
23491.575667591344
23491.575667591344
23491.575667591344
23491.575667591344
23491.575667591344
23491.575667591344
23491.575667591344
23491.575667591344
23491.575667591344
23491.575667591344
23491.575667591344
23491.575667591344
23491.575667591344
23491.575667591344
23491.575667591344
23491.575667591344
23491.575667591344
23491.575667591344
23491.575667591344
23491.575667591344
23491.575667591344
23491.575667591344
23491.575667591344
23491.575667591344
23491.575667591344
23491.575667591344
23491.575667591344
23491.575667591344
23491.575667591344
23491.575667591344
23491.575667591344
23491.575667591344
23491.575667591344
23491.575667591344
23491.575667591344
23491.575667591344
23491.575667591344
23491.575667591344
23491.575667591344
23491.575667591344
23491.575667591344
23491.575667591344
23491.575667591344
23491.575667591344
23491.575667591344
23491.575667591344
23491.575667591344
23491.575667591344
23491.575667591344
23491.575667591344
23491.575667591344
23491.575667591344
23491.575667591344
23491.575667591344
23491.575667591344
23491.575667591344
23491.575667591344
23491.575667591344
23491.575667591344
23491.575667591344
23491.575667591344
23491.575667591344
23491.575667591344
23491.575667591344
23172.510060160323
23172.510060160323
23172.510060160323
23172.510060160323
23172.510060160323
23172.510060160323
23172.510060160323
23172.510060160323
23172.510060160323
23172.510060160323
23172.510060160323
23172.510060160323
23172.510060160323
23172.510060160323
23172.510060160323
23172.510060160323
23172.510060160323
23172.510060160323
23172.510060160323
23172.510060160323
23172.510060160323
23172.510060160323
23172.510060160323
23172.510060160323
23172.510060160323
23172.510060160323
23172.510060160323
23172.510060160323
23172.510060160323
23172.510060160323
23172.510060160323
23172.510060160323
23172.510060160323
23172.510060160323
23172.510060160323
23172.510060160323
23172.510060160323
23172.510060160323
23172.510060160323
23172.510060160323
23172.510060160323
23172.510060160323
23172.510060160323
23172.510060160323
23172.510060160323
23172.510060160323
23172.510060160323
23172.510060160323
23172.510060160323
23172.510060160323
23172.510060160323
23172.510060160323
23172.510060160323
23172.510060160323
23172.510060160323
23172.510060160323
23172.510060160323
23172.510060160323
23172.510060160323
23172.510060160323
22816.996491752572
22816.996491752572
22816.996491752572
22816.996491752572
22816.996491752572
22816.996491752572
22816.996491752572
22816.996491752572
22816.996491752572
22816.996491752572
22816.996491752572
22816.996491752572
22816.996491752572
22816.996491752572
22816.996491752572
22816.996491752572
22816.996491752572
22816.996491752572
22816.996491752572
22816.996491752572
22816.996491752572
22816.996491752572
22816.996491752572
22816.996491752572
22816.996491752572
22816.996491752572
22816.996491752572
22816.996491752572
22816.996491752572
22816.996491752572
22816.996491752572
22816.996491752572
22816.996491752572
22816.996491752572
22816.996491752572
22816.996491752572
22816.996491752572
22816.996491752572
22816.996491752572
22816.996491752572
22816.996491752572
22816.996491752572
22816.996491752572
22816.996491752572
22816.996491752572
22816.996491752572
22816.996491752572
22816.996491752572
22816.996491752572
22816.996491752572
22816.996491752572
22816.996491752572
22816.996491752572
22816.996491752572
22816.996491752572
22816.996491752572
22816.996491752572
22816.996491752572
22816.996491752572
22816.996491752572
22816.996491752572
22816.996491752572
22816.996491752572
22816.996491752572
22816.996491752572
22816.996491752572
22816.996491752572
22816.996491752572
22816.996491752572
22816.996491752572
22816.996491752572
22816.996491752572
22816.996491752572
22816.996491752572
22816.996491752572
22816.996491752572
22816.996491752572
22816.996491752572
22816.996491752572
22816.996491752572
22816.996491752572
22816.996491752572
22816.996491752572
22816.996491752572
22816.996491752572
22816.996491752572
22816.996491752572
22816.996491752572
22816.996491752572
22816.996491752572
22816.996491752572
22816.996491752572
22816.996491752572
22816.996491752572
22816.996491752572
22816.996491752572
22816.996491752572
22816.996491752572
22816.996491752572
22816.996491752572
22816.996491752572
22816.996491752572
22816.996491752572
22816.996491752572
22816.996491752572
22816.996491752572
22816.996491752572
22432.120371705245
22432.120371705245
22432.120371705245
22432.120371705245
22432.120371705245
22432.120371705245
22432.120371705245
22432.120371705245
22432.120371705245
22432.120371705245
22432.120371705245
22432.120371705245
22432.120371705245
22432.120371705245
22432.120371705245
22432.120371705245
22432.120371705245
22432.120371705245
22432.120371705245
22432.120371705245
22432.120371705245
22432.120371705245
22432.120371705245
22432.120371705245
22432.120371705245
22432.120371705245
22432.120371705245
22432.120371705245
22432.120371705245
22432.120371705245
22432.120371705245
22432.120371705245
22432.120371705245
22432.120371705245
22432.120371705245
22432.120371705245
22432.120371705245
22432.120371705245
22432.120371705245
22432.120371705245
22432.120371705245
22432.120371705245
22432.120371705245
22432.120371705245
22432.120371705245
22432.120371705245
22432.120371705245
22432.120371705245
22432.120371705245
22432.120371705245
22432.120371705245
22432.120371705245
22432.120371705245
22432.120371705245
22432.120371705245
22432.120371705245
22432.120371705245
22432.120371705245
22432.120371705245
22432.120371705245
22432.120371705245
22432.120371705245
22432.120371705245
22432.120371705245
22432.120371705245
22432.120371705245
22432.120371705245
22432.120371705245
22432.120371705245
22432.120371705245
22432.120371705245
22432.120371705245
22432.120371705245
22432.120371705245
22432.120371705245
22432.120371705245
22432.120371705245
22432.120371705245
22432.120371705245
22432.120371705245
22432.120371705245
22432.120371705245
22432.120371705245
22432.120371705245
22432.120371705245
22432.120371705245
22432.120371705245
22432.120371705245
22432.120371705245
22432.120371705245
22432.120371705245
22432.120371705245
22432.120371705245
22432.120371705245
22432.120371705245
22231.242649310745
22231.242649310745
22231.242649310745
22231.242649310745
22030.40507203646
22030.40507203646
22030.40507203646
22030.40507203646
22030.40507203646
22030.40507203646
22030.40507203646
22030.40507203646
22030.40507203646
22030.40507203646
22030.40507203646
22030.40507203646
22030.40507203646
22030.40507203646
22030.40507203646
22030.40507203646
22030.40507203646
22030.40507203646
22030.40507203646
22030.40507203646
22030.40507203646
22030.40507203646
22030.40507203646
22030.40507203646
22030.40507203646
22030.40507203646
22030.40507203646
22030.40507203646
22030.40507203646
22030.40507203646
22030.40507203646
22030.40507203646
22030.40507203646
22030.40507203646
22030.40507203646
22030.40507203646
22030.40507203646
22030.40507203646
22030.40507203646
22030.40507203646
22030.40507203646
22030.40507203646
22030.40507203646
22030.40507203646
22030.40507203646
22030.40507203646
22030.40507203646
22030.40507203646
22030.40507203646
22030.40507203646
22030.40507203646
22030.40507203646
22030.40507203646
22030.40507203646
22030.40507203646
22030.40507203646
22030.40507203646
22030.40507203646
22030.40507203646
22030.40507203646
22030.40507203646
22030.40507203646
22030.40507203646
22030.40507203646
22030.40507203646
22030.40507203646
22030.40507203646
22030.40507203646
22030.40507203646
22030.40507203646
22030.40507203646
22030.40507203646
22030.40507203646
22030.40507203646
22030.40507203646
22030.40507203646
22030.40507203646
22030.40507203646
22030.40507203646
22030.40507203646
22030.40507203646
22030.40507203646
22030.40507203646
22030.40507203646
22030.40507203646
22030.40507203646
22030.40507203646
22030.40507203646
22030.40507203646
22030.40507203646
22030.40507203646
22030.40507203646
22030.40507203646
22030.40507203646
22030.40507203646
22030.40507203646
22030.40507203646
22030.40507203646
21973.69581144676
21973.69581144676
21973.69581144676
21973.69581144676
21973.69581144676
21973.69581144676
21973.69581144676
21973.69581144676
21973.69581144676
21973.69581144676
21973.69581144676
21973.69581144676
21973.69581144676
21973.69581144676
21973.69581144676
21973.69581144676
21973.69581144676
21973.69581144676
21973.69581144676
21973.69581144676
21973.69581144676
21973.69581144676
21934.318949430024
21934.318949430024
21934.318949430024
21934.318949430024
21934.318949430024
21934.318949430024
21934.318949430024
21934.318949430024
21934.318949430024
21934.318949430024
21386.379122129714
21386.379122129714
21386.379122129714
21386.379122129714
21386.379122129714
21386.379122129714
21386.379122129714
21386.379122129714
21386.379122129714
21386.379122129714
21386.379122129714
21386.379122129714
21386.379122129714
21386.379122129714
21386.379122129714
21386.379122129714
21386.379122129714
21386.379122129714
21386.379122129714
21386.379122129714
21386.379122129714
21386.379122129714
21386.379122129714
21386.379122129714
21386.379122129714
21386.379122129714
21386.379122129714
21386.379122129714
21386.379122129714
21386.379122129714
21386.379122129714
21386.379122129714
21386.379122129714
21386.379122129714
21386.379122129714
21386.379122129714
21386.379122129714
21386.379122129714
21386.379122129714
21386.379122129714
21386.379122129714
21386.379122129714
21386.379122129714
21386.379122129714
21386.379122129714
21386.379122129714
21386.379122129714
21386.379122129714
21386.379122129714
21386.379122129714
21386.379122129714
21386.379122129714
21386.379122129714
21386.379122129714
21386.379122129714
21386.379122129714
21386.379122129714
21386.379122129714
21386.379122129714
21386.379122129714
21386.379122129714
Time: 158.3100242614746 seconds 
Best solution: 21386.379122129714 [80, 76, 81, 89, 65, 60, 61, 66, 87, 88, 94, 95, 100, 99, 98, 90, 93, 96, 97, 92, 91, 101, 102, 85, 86, 74, 75, 70, 69, 63, 62, 105, 58, 43, 42, 41, 36, 37, 16, 19, 26, 25, 27, 24, 18, 17, 34, 35, 38, 39, 14, 13, 5, 4, 9, 8, 32, 28, 30, 15, 11, 10, 7, 1, 2, 6, 3, 12, 103, 23, 20, 22, 21, 29, 31, 33, 45, 48, 40, 49, 50, 104, 44, 53, 52, 46, 47, 51, 55, 56, 54, 57, 59, 68, 72, 64, 77, 73, 84, 83, 82, 78, 71, 67, 79]
Avg solution: 33394.5549558671