Alg:1, Run: 9, file: C:\Users\gabri\Documents\AN 3 SEM 2\AI\Lab\Lab3\\lin105.tsp, population number: 1000, generations: 2500 
100694.12970151957
100694.12970151957
100694.12970151957
100694.12970151957
100694.12970151957
99464.10389954418
99464.10389954418
99464.10389954418
98577.1688221553
96003.95052755871
96003.95052755871
96003.95052755871
95333.68086502393
95333.68086502393
95333.68086502393
92119.99086327384
92119.99086327384
92119.99086327384
90501.06950009493
90501.06950009493
87956.11021622065
87956.11021622065
87956.11021622065
87956.11021622065
87956.11021622065
87956.11021622065
87956.11021622065
87605.66140963988
85814.94597780233
85814.94597780233
85814.94597780233
85814.94597780233
85814.94597780233
84149.09377702791
84149.09377702791
79175.17804994309
79175.17804994309
79175.17804994309
79175.17804994309
79175.17804994309
79175.17804994309
79175.17804994309
79175.17804994309
79175.17804994309
79175.17804994309
79175.17804994309
79175.17804994309
79175.17804994309
79175.17804994309
79175.17804994309
79175.17804994309
75864.7750645586
75864.7750645586
75864.7750645586
75284.06087107597
75284.06087107597
75054.8956577667
75054.8956577667
75054.8956577667
75054.8956577667
75054.8956577667
75054.8956577667
75054.8956577667
75054.8956577667
75054.8956577667
75054.8956577667
75054.8956577667
75054.8956577667
75054.8956577667
74810.33946954539
74810.33946954539
74810.33946954539
74810.33946954539
74810.33946954539
74602.82587092274
74602.82587092274
74602.82587092274
74602.82587092274
73720.9450762114
73720.9450762114
72567.79167700977
71808.37178970549
71808.37178970549
71808.37178970549
71808.37178970549
71808.37178970549
71808.37178970549
71808.37178970549
71808.37178970549
71808.37178970549
71636.7009164172
70326.31954052484
70326.31954052484
70326.31954052484
70326.31954052484
70326.31954052484
70326.31954052484
70326.31954052484
70326.31954052484
70326.31954052484
70218.68168812491
70218.68168812491
70068.48384923537
70068.48384923537
70040.6320202905
70040.6320202905
68756.03820158161
68129.17093658447
67584.42900589806
67584.42900589806
67584.42900589806
67584.42900589806
67076.39249203198
67076.39249203198
67076.39249203198
66487.06608218633
66487.06608218633
66487.06608218633
66487.06608218633
66487.06608218633
66487.06608218633
64628.30848758848
64628.30848758848
64628.30848758848
64628.30848758848
64628.30848758848
64563.03512217655
64563.03512217655
64563.03512217655
64563.03512217655
64563.03512217655
64013.300645793606
64013.300645793606
64013.300645793606
64013.300645793606
63960.09499550902
63412.73227703785
63412.73227703785
63412.73227703785
63412.73227703785
63412.73227703785
63412.73227703785
63412.73227703785
63412.73227703785
63412.73227703785
63412.73227703785
61502.14859680075
61502.14859680075
60764.479566891416
60764.479566891416
60764.479566891416
60764.479566891416
60764.479566891416
60764.479566891416
60764.479566891416
60764.479566891416
60764.479566891416
60764.479566891416
59361.796909756915
59361.796909756915
59361.796909756915
59361.796909756915
59361.796909756915
59361.796909756915
59361.796909756915
59361.796909756915
59361.796909756915
59361.796909756915
59361.796909756915
59361.796909756915
59361.796909756915
59361.796909756915
59361.796909756915
59361.796909756915
59361.796909756915
59361.796909756915
59158.92638328774
59158.92638328774
59158.92638328774
58926.72878172524
56732.948063805125
56732.948063805125
56732.948063805125
56732.948063805125
56732.948063805125
56732.948063805125
56732.948063805125
56732.948063805125
56732.948063805125
56732.948063805125
56732.948063805125
56732.948063805125
56732.948063805125
56732.948063805125
56732.948063805125
56732.948063805125
56732.948063805125
56732.948063805125
55411.13746467586
55411.13746467586
55411.13746467586
55411.13746467586
55411.13746467586
55411.13746467586
55411.13746467586
55411.13746467586
55411.13746467586
55411.13746467586
55411.13746467586
55411.13746467586
55411.13746467586
55411.13746467586
55411.13746467586
55411.13746467586
55411.13746467586
55411.13746467586
55411.13746467586
55411.13746467586
55411.13746467586
55411.13746467586
55411.13746467586
55411.13746467586
55411.13746467586
53462.45297034099
53462.45297034099
53462.45297034099
53462.45297034099
53462.45297034099
53462.45297034099
53462.45297034099
53462.45297034099
53462.45297034099
53462.45297034099
53462.45297034099
53462.45297034099
53462.45297034099
53462.45297034099
53462.45297034099
53462.45297034099
53462.45297034099
53462.45297034099
53462.45297034099
53462.45297034099
52752.582383519904
52752.582383519904
52752.582383519904
52752.582383519904
52752.582383519904
50628.28934322337
50628.28934322337
50628.28934322337
50628.28934322337
50628.28934322337
50628.28934322337
50628.28934322337
50628.28934322337
50628.28934322337
50628.28934322337
50158.46696889264
50158.46696889264
50158.46696889264
50158.46696889264
50158.46696889264
50158.46696889264
50158.46696889264
50158.46696889264
50158.46696889264
49297.91552662747
49297.91552662747
49297.91552662747
49297.91552662747
49297.91552662747
49297.91552662747
49297.91552662747
49297.91552662747
49297.91552662747
49297.91552662747
49297.91552662747
49297.91552662747
49297.91552662747
49297.91552662747
49297.91552662747
49297.91552662747
49297.91552662747
49297.91552662747
49297.91552662747
49297.91552662747
49297.91552662747
49297.91552662747
49297.91552662747
49297.91552662747
49285.317938205524
49285.317938205524
49285.317938205524
49285.317938205524
49285.317938205524
49285.317938205524
49285.317938205524
49285.317938205524
49285.317938205524
47721.469148690165
47721.469148690165
47721.469148690165
47721.469148690165
47721.469148690165
47721.469148690165
47721.469148690165
47721.469148690165
47721.469148690165
45602.53620774115
45602.53620774115
45602.53620774115
45602.53620774115
45602.53620774115
45602.53620774115
45602.53620774115
45602.53620774115
45602.53620774115
45602.53620774115
45602.53620774115
45602.53620774115
45602.53620774115
45602.53620774115
45602.53620774115
45602.53620774115
45602.53620774115
45602.53620774115
45602.53620774115
45602.53620774115
45602.53620774115
45602.53620774115
45602.53620774115
45602.53620774115
45602.53620774115
45602.53620774115
45602.53620774115
45602.53620774115
45602.53620774115
45602.53620774115
45602.53620774115
45602.53620774115
45602.53620774115
45602.53620774115
45079.9540140283
45079.9540140283
45079.9540140283
45079.9540140283
45079.9540140283
45079.9540140283
45079.9540140283
45079.9540140283
45079.9540140283
45079.9540140283
45079.9540140283
45079.9540140283
45079.9540140283
44465.73826297581
44465.73826297581
43574.133632034034
43574.133632034034
43574.133632034034
43574.133632034034
43574.133632034034
43574.133632034034
43574.133632034034
43574.133632034034
43574.133632034034
43574.133632034034
43434.54017040911
43434.54017040911
43434.54017040911
43434.54017040911
43434.54017040911
43434.54017040911
43434.54017040911
43434.54017040911
43434.54017040911
43434.54017040911
42965.27384345326
42965.27384345326
42965.27384345326
42965.27384345326
42965.27384345326
42965.27384345326
42965.27384345326
42965.27384345326
42770.96861625157
42770.96861625157
42770.96861625157
42770.96861625157
42770.96861625157
42770.96861625157
42770.96861625157
42770.96861625157
42770.96861625157
42770.96861625157
42770.96861625157
42770.96861625157
41750.85797177915
41750.85797177915
41750.85797177915
41750.85797177915
41750.85797177915
41750.85797177915
41750.85797177915
41750.85797177915
41750.85797177915
41750.85797177915
41750.85797177915
41750.85797177915
41750.85797177915
41750.85797177915
41750.85797177915
40309.512823332436
40309.512823332436
40309.512823332436
40309.512823332436
40309.512823332436
40309.512823332436
40309.512823332436
40309.512823332436
40309.512823332436
40309.512823332436
40309.512823332436
40309.512823332436
40309.512823332436
40309.512823332436
40309.512823332436
40309.512823332436
40309.512823332436
40309.512823332436
40309.512823332436
40309.512823332436
40309.512823332436
40309.512823332436
40309.512823332436
40309.512823332436
40309.512823332436
40309.512823332436
40110.65864653332
40110.65864653332
40110.65864653332
40110.65864653332
40110.65864653332
40054.24009141292
40054.24009141292
40054.24009141292
40054.24009141292
40054.24009141292
40054.24009141292
39914.860817177825
39914.860817177825
39914.860817177825
39914.860817177825
39914.860817177825
39914.860817177825
39914.860817177825
39914.860817177825
39914.860817177825
39914.860817177825
39914.860817177825
39914.860817177825
39914.860817177825
39914.860817177825
39758.760883762094
39758.760883762094
39758.760883762094
39758.760883762094
39758.760883762094
39758.760883762094
39758.760883762094
39758.760883762094
39758.760883762094
39758.760883762094
39758.760883762094
39462.89848833037
39462.89848833037
39462.89848833037
39462.89848833037
39462.89848833037
39462.89848833037
39462.89848833037
39462.89848833037
39462.89848833037
39462.89848833037
39462.89848833037
39462.89848833037
38973.4575630616
38973.4575630616
38973.4575630616
38973.4575630616
38973.4575630616
38233.133657712744
38233.133657712744
38233.133657712744
38233.133657712744
38233.133657712744
38233.133657712744
38233.133657712744
38233.133657712744
38233.133657712744
38233.133657712744
38233.133657712744
38233.133657712744
38233.133657712744
38233.133657712744
38233.133657712744
38233.133657712744
38233.133657712744
38233.133657712744
38233.133657712744
38050.91448875072
38050.91448875072
38050.91448875072
38050.91448875072
38050.91448875072
38050.91448875072
37720.02898251453
37720.02898251453
37720.02898251453
37720.02898251453
37720.02898251453
37720.02898251453
37720.02898251453
37720.02898251453
37720.02898251453
37720.02898251453
37720.02898251453
37720.02898251453
37720.02898251453
37720.02898251453
37720.02898251453
37720.02898251453
37222.9015265888
37222.9015265888
37222.9015265888
37222.9015265888
37222.9015265888
37222.9015265888
37222.9015265888
37222.9015265888
37222.9015265888
37222.9015265888
37222.9015265888
37222.9015265888
37222.9015265888
36736.701247362806
36736.701247362806
36736.701247362806
36736.701247362806
36736.701247362806
36736.701247362806
36736.701247362806
36736.701247362806
36736.701247362806
36736.701247362806
36736.701247362806
36508.48817764837
36508.48817764837
36508.48817764837
36508.48817764837
36508.48817764837
36508.48817764837
36508.48817764837
36508.48817764837
36217.87202234149
36217.87202234149
36217.87202234149
36217.87202234149
36217.87202234149
36217.87202234149
35631.41574976273
35631.41574976273
35631.41574976273
35631.41574976273
35631.41574976273
35631.41574976273
35631.41574976273
35631.41574976273
35631.41574976273
35631.41574976273
35631.41574976273
35631.41574976273
35631.41574976273
35631.41574976273
35631.41574976273
35631.41574976273
35631.41574976273
35631.41574976273
35631.41574976273
35631.41574976273
35631.41574976273
35631.41574976273
35631.41574976273
35631.41574976273
35631.41574976273
35631.41574976273
35631.41574976273
35631.41574976273
35631.41574976273
35631.41574976273
35631.41574976273
35631.41574976273
35631.41574976273
35631.41574976273
35631.41574976273
35631.41574976273
35631.41574976273
35631.41574976273
35631.41574976273
35631.41574976273
35631.41574976273
35631.41574976273
35631.41574976273
35395.58658585722
35395.58658585722
35395.58658585722
35395.58658585722
35395.58658585722
35395.58658585722
35395.58658585722
35395.58658585722
35395.58658585722
34391.773420048194
34391.773420048194
34391.773420048194
34391.773420048194
34391.773420048194
34391.773420048194
34391.773420048194
34391.773420048194
34391.773420048194
34391.773420048194
34391.773420048194
34391.773420048194
34391.773420048194
34391.773420048194
34391.773420048194
34391.773420048194
34391.773420048194
34391.773420048194
34391.773420048194
34391.773420048194
34391.773420048194
34391.773420048194
34391.773420048194
34391.773420048194
34391.773420048194
34391.773420048194
34391.773420048194
34391.773420048194
34391.773420048194
34391.773420048194
34391.773420048194
34391.773420048194
34391.773420048194
34391.773420048194
34391.773420048194
34391.773420048194
34391.773420048194
34391.773420048194
34391.773420048194
34391.773420048194
34391.773420048194
34391.773420048194
34391.773420048194
34391.773420048194
34391.773420048194
34391.773420048194
34391.773420048194
34391.773420048194
34391.773420048194
34258.322711371366
34258.322711371366
34258.322711371366
34258.322711371366
34258.322711371366
34258.322711371366
34258.322711371366
34258.322711371366
34258.322711371366
34258.322711371366
34258.322711371366
34258.322711371366
34258.322711371366
34258.322711371366
34258.322711371366
34258.322711371366
34258.322711371366
34258.322711371366
34258.322711371366
34258.322711371366
34258.322711371366
34258.322711371366
34258.322711371366
34258.322711371366
34258.322711371366
34258.322711371366
34258.322711371366
34258.322711371366
34258.322711371366
34115.39890095592
34115.39890095592
34115.39890095592
34046.134210478594
34046.134210478594
34046.134210478594
34046.134210478594
34046.134210478594
34046.134210478594
34046.134210478594
34046.134210478594
34046.134210478594
34046.134210478594
34046.134210478594
34046.134210478594
34046.134210478594
34046.134210478594
34046.134210478594
34046.134210478594
34046.134210478594
34046.134210478594
34046.134210478594
34046.134210478594
34046.134210478594
34046.134210478594
34046.134210478594
34046.134210478594
34046.134210478594
34046.134210478594
34046.134210478594
34046.134210478594
34046.134210478594
34046.134210478594
34046.134210478594
34046.134210478594
34046.134210478594
34046.134210478594
34046.134210478594
34046.134210478594
34046.134210478594
34046.134210478594
34046.134210478594
33908.62191355111
33838.60442377976
33838.60442377976
33838.60442377976
33838.60442377976
33838.60442377976
33838.60442377976
33838.60442377976
33838.60442377976
33838.60442377976
33838.60442377976
33838.60442377976
33838.60442377976
32654.394528001994
32654.394528001994
32654.394528001994
32654.394528001994
32654.394528001994
32654.394528001994
32654.394528001994
32654.394528001994
32654.394528001994
32654.394528001994
32654.394528001994
32654.394528001994
32654.394528001994
32654.394528001994
32654.394528001994
32654.394528001994
32654.394528001994
32654.394528001994
32654.394528001994
32237.287064400647
32237.287064400647
32237.287064400647
32237.287064400647
32237.287064400647
32237.287064400647
32237.287064400647
32237.287064400647
32237.287064400647
32237.287064400647
32237.287064400647
32237.287064400647
32237.287064400647
32237.287064400647
32237.287064400647
32237.287064400647
32237.287064400647
32237.287064400647
32237.287064400647
32237.287064400647
32237.287064400647
32237.287064400647
32237.287064400647
32237.287064400647
32237.287064400647
32237.287064400647
32237.287064400647
32237.287064400647
32237.287064400647
32237.287064400647
32237.287064400647
32237.287064400647
32237.287064400647
32237.287064400647
31849.35420721739
31849.35420721739
31849.35420721739
31849.35420721739
31849.35420721739
31849.35420721739
31849.35420721739
31849.35420721739
31849.35420721739
31849.35420721739
31849.35420721739
31849.35420721739
31849.35420721739
31849.35420721739
31849.35420721739
31849.35420721739
31849.35420721739
31849.35420721739
31849.35420721739
31849.35420721739
31849.35420721739
31849.35420721739
31849.35420721739
31849.35420721739
31849.35420721739
31849.35420721739
31849.35420721739
31849.35420721739
31849.35420721739
31849.35420721739
31849.35420721739
31849.35420721739
31849.35420721739
31849.35420721739
31849.35420721739
31849.35420721739
31849.35420721739
31849.35420721739
31849.35420721739
31849.35420721739
31849.35420721739
31763.049961497873
31763.049961497873
31763.049961497873
31763.049961497873
31763.049961497873
31763.049961497873
31763.049961497873
31763.049961497873
31763.049961497873
31763.049961497873
31763.049961497873
31763.049961497873
31763.049961497873
31763.049961497873
31763.049961497873
31763.049961497873
31763.049961497873
31763.049961497873
31763.049961497873
31763.049961497873
31763.049961497873
31763.049961497873
31763.049961497873
31763.049961497873
31763.049961497873
31763.049961497873
31763.049961497873
31763.049961497873
31763.049961497873
31763.049961497873
31763.049961497873
31763.049961497873
31763.049961497873
31763.049961497873
31763.049961497873
31763.049961497873
31763.049961497873
31705.888975439855
31705.888975439855
31705.888975439855
31568.165933639244
31568.165933639244
31568.165933639244
31568.165933639244
31568.165933639244
31568.165933639244
31568.165933639244
31568.165933639244
31568.165933639244
31568.165933639244
31568.165933639244
31501.651501345066
31240.20324711532
31240.20324711532
31240.20324711532
31240.20324711532
31240.20324711532
31240.20324711532
31240.20324711532
31240.20324711532
31240.20324711532
31240.20324711532
31240.20324711532
31240.20324711532
31240.20324711532
31240.20324711532
31240.20324711532
31240.20324711532
31240.20324711532
31240.20324711532
31240.20324711532
31240.20324711532
31240.20324711532
31240.20324711532
31240.20324711532
31240.20324711532
31240.20324711532
31240.20324711532
29772.927132169152
29772.927132169152
29772.927132169152
29772.927132169152
29772.927132169152
29772.927132169152
29772.927132169152
29772.927132169152
29772.927132169152
29772.927132169152
29772.927132169152
29772.927132169152
29772.927132169152
29772.927132169152
29772.927132169152
29772.927132169152
29772.927132169152
29772.927132169152
29772.927132169152
29772.927132169152
29772.927132169152
29772.927132169152
29772.927132169152
29772.927132169152
29772.927132169152
29772.927132169152
29772.927132169152
29772.927132169152
29772.927132169152
28324.24393903681
28324.24393903681
28324.24393903681
28324.24393903681
28324.24393903681
28324.24393903681
28324.24393903681
28324.24393903681
28324.24393903681
28324.24393903681
28324.24393903681
28324.24393903681
28324.24393903681
28324.24393903681
28324.24393903681
28324.24393903681
28324.24393903681
28324.24393903681
28324.24393903681
28324.24393903681
28324.24393903681
28324.24393903681
28324.24393903681
28324.24393903681
28324.24393903681
28324.24393903681
28324.24393903681
28324.24393903681
28324.24393903681
28324.24393903681
28324.24393903681
28324.24393903681
28324.24393903681
28324.24393903681
28324.24393903681
28324.24393903681
28324.24393903681
28324.24393903681
28324.24393903681
28324.24393903681
28324.24393903681
28324.24393903681
28324.24393903681
28324.24393903681
28324.24393903681
28324.24393903681
28324.24393903681
28324.24393903681
28324.24393903681
28324.24393903681
28324.24393903681
28324.24393903681
28324.24393903681
28324.24393903681
28324.24393903681
28324.24393903681
28324.24393903681
28324.24393903681
28324.24393903681
28324.24393903681
28324.24393903681
28324.24393903681
28324.24393903681
28324.24393903681
28324.24393903681
28324.24393903681
28324.24393903681
28324.24393903681
28324.24393903681
28324.24393903681
28324.24393903681
28324.24393903681
28324.24393903681
28324.24393903681
28324.24393903681
28324.24393903681
28324.24393903681
27534.12109725331
27534.12109725331
27534.12109725331
27534.12109725331
27534.12109725331
27534.12109725331
27534.12109725331
27534.12109725331
27534.12109725331
27534.12109725331
27534.12109725331
27534.12109725331
27534.12109725331
27534.12109725331
27534.12109725331
27534.12109725331
27534.12109725331
27534.12109725331
27534.12109725331
27534.12109725331
27534.12109725331
27534.12109725331
27534.12109725331
27534.12109725331
27534.12109725331
27534.12109725331
27534.12109725331
27534.12109725331
27534.12109725331
27534.12109725331
27534.12109725331
27534.12109725331
27534.12109725331
27534.12109725331
27534.12109725331
27534.12109725331
27534.12109725331
27534.12109725331
27534.12109725331
27534.12109725331
27534.12109725331
27534.12109725331
27534.12109725331
27534.12109725331
27534.12109725331
27534.12109725331
27534.12109725331
27534.12109725331
27534.12109725331
27534.12109725331
27534.12109725331
27534.12109725331
27534.12109725331
27534.12109725331
27534.12109725331
27534.12109725331
27534.12109725331
27207.08586690692
27207.08586690692
27207.08586690692
27207.08586690692
27207.08586690692
27207.08586690692
27207.08586690692
27207.08586690692
27207.08586690692
27207.08586690692
27207.08586690692
27207.08586690692
27207.08586690692
27207.08586690692
27207.08586690692
27207.08586690692
27207.08586690692
27207.08586690692
27207.08586690692
27207.08586690692
27207.08586690692
27207.08586690692
27207.08586690692
27207.08586690692
27207.08586690692
27207.08586690692
27207.08586690692
27207.08586690692
27207.08586690692
27207.08586690692
27207.08586690692
27207.08586690692
27207.08586690692
27207.08586690692
27207.08586690692
27207.08586690692
27207.08586690692
27207.08586690692
27207.08586690692
27207.08586690692
27207.08586690692
27207.08586690692
27207.08586690692
27207.08586690692
27207.08586690692
27207.08586690692
27207.08586690692
27207.08586690692
27207.08586690692
27207.08586690692
27207.08586690692
27207.08586690692
27207.08586690692
27207.08586690692
27207.08586690692
27207.08586690692
27207.08586690692
27207.08586690692
27207.08586690692
27207.08586690692
27207.08586690692
26207.447601274358
26207.447601274358
26207.447601274358
26207.447601274358
26207.447601274358
26207.447601274358
26207.447601274358
26207.447601274358
26207.447601274358
26207.447601274358
26207.447601274358
26207.447601274358
26207.447601274358
26207.447601274358
26207.447601274358
26207.447601274358
26207.447601274358
26207.447601274358
26207.447601274358
26207.447601274358
26207.447601274358
26207.447601274358
26207.447601274358
26207.447601274358
26207.447601274358
26207.447601274358
26207.447601274358
26207.447601274358
26207.447601274358
26207.447601274358
26207.447601274358
26207.447601274358
26207.447601274358
26207.447601274358
26207.447601274358
26207.447601274358
26207.447601274358
26207.447601274358
26207.447601274358
26207.447601274358
26207.447601274358
26207.447601274358
26207.447601274358
26207.447601274358
26207.447601274358
26207.447601274358
26207.447601274358
26207.447601274358
26207.447601274358
26207.447601274358
26207.447601274358
26207.447601274358
26207.447601274358
26207.447601274358
26207.447601274358
26207.447601274358
26207.447601274358
26207.447601274358
26207.447601274358
26207.447601274358
26207.447601274358
26207.447601274358
26207.447601274358
26207.447601274358
26207.447601274358
26207.447601274358
26207.447601274358
26207.447601274358
26207.447601274358
26207.447601274358
26207.447601274358
26207.447601274358
26207.447601274358
26207.447601274358
26207.447601274358
26207.447601274358
26207.447601274358
26207.447601274358
26207.447601274358
26207.447601274358
26207.447601274358
26207.447601274358
26207.447601274358
26207.447601274358
26207.447601274358
26158.567977150415
26158.567977150415
26158.567977150415
26158.567977150415
26158.567977150415
26158.567977150415
26158.567977150415
26158.567977150415
26158.567977150415
26158.567977150415
26158.567977150415
26158.567977150415
26158.567977150415
26158.567977150415
26158.567977150415
26158.567977150415
26158.567977150415
26158.567977150415
26158.567977150415
26158.567977150415
26158.567977150415
26158.567977150415
26158.567977150415
26158.567977150415
26158.567977150415
26158.567977150415
26158.567977150415
26158.567977150415
26158.567977150415
26158.567977150415
26158.567977150415
26158.567977150415
26158.567977150415
26158.567977150415
26158.567977150415
26158.567977150415
26158.567977150415
26158.567977150415
26158.567977150415
26158.567977150415
26158.567977150415
26158.567977150415
26158.567977150415
26158.567977150415
26158.567977150415
26158.567977150415
26158.567977150415
26158.567977150415
26158.567977150415
26158.567977150415
26158.567977150415
26158.567977150415
26158.567977150415
26158.567977150415
26158.567977150415
26158.567977150415
26158.567977150415
26158.567977150415
26158.567977150415
25955.51313918961
25955.51313918961
25955.51313918961
25955.51313918961
25955.51313918961
25955.51313918961
25955.51313918961
25955.51313918961
25955.51313918961
25955.51313918961
25955.51313918961
25955.51313918961
25955.51313918961
25955.51313918961
25955.51313918961
25955.51313918961
25955.51313918961
25955.51313918961
25955.51313918961
25955.51313918961
25955.51313918961
25955.51313918961
25955.51313918961
25955.51313918961
25955.51313918961
25955.51313918961
25955.51313918961
25955.51313918961
25955.51313918961
25955.51313918961
25955.51313918961
25955.51313918961
25955.51313918961
25955.51313918961
25955.51313918961
25955.51313918961
25955.51313918961
25955.51313918961
25955.51313918961
25955.51313918961
25955.51313918961
25955.51313918961
25955.51313918961
25955.51313918961
25955.51313918961
25955.51313918961
25955.51313918961
25955.51313918961
25955.51313918961
25955.51313918961
25955.51313918961
25955.51313918961
25955.51313918961
25955.51313918961
25955.51313918961
25955.51313918961
25955.51313918961
25955.51313918961
25955.51313918961
25955.51313918961
25955.51313918961
25955.51313918961
25955.51313918961
25955.51313918961
25955.51313918961
25955.51313918961
25955.51313918961
25658.84566817256
25658.84566817256
25658.84566817256
25658.84566817256
25658.84566817256
25658.84566817256
25658.84566817256
25658.84566817256
25658.84566817256
25658.84566817256
25658.84566817256
25658.84566817256
25658.84566817256
25658.84566817256
25658.84566817256
25658.84566817256
25658.84566817256
25658.84566817256
25658.84566817256
25658.84566817256
25658.84566817256
25658.84566817256
25658.84566817256
25658.84566817256
25658.84566817256
25658.84566817256
25658.84566817256
25658.84566817256
25658.84566817256
25658.84566817256
25658.84566817256
25658.84566817256
25658.84566817256
25658.84566817256
25658.84566817256
25658.84566817256
25658.84566817256
25658.84566817256
25658.84566817256
25658.84566817256
25658.84566817256
25658.84566817256
25658.84566817256
25658.84566817256
25658.84566817256
25658.84566817256
25658.84566817256
25658.84566817256
25658.84566817256
25658.84566817256
25658.84566817256
25658.84566817256
25658.84566817256
25658.84566817256
25658.84566817256
25658.84566817256
25658.84566817256
25658.84566817256
25658.84566817256
25658.84566817256
25658.84566817256
25658.84566817256
25658.84566817256
25658.84566817256
25658.84566817256
25658.84566817256
25658.84566817256
25658.84566817256
25658.84566817256
25658.84566817256
25658.84566817256
25658.84566817256
25658.84566817256
25658.84566817256
25658.84566817256
25658.84566817256
25658.84566817256
25658.84566817256
25658.84566817256
25658.84566817256
25658.84566817256
25658.84566817256
25658.84566817256
25658.84566817256
25658.84566817256
25658.84566817256
25658.84566817256
25658.84566817256
25658.84566817256
25658.84566817256
25658.84566817256
25658.84566817256
25658.84566817256
25658.84566817256
25658.84566817256
25658.84566817256
25658.84566817256
25658.84566817256
25658.84566817256
25658.84566817256
25658.84566817256
25658.84566817256
25658.84566817256
25658.84566817256
25501.190279971604
25501.190279971604
25501.190279971604
25501.190279971604
25501.190279971604
25501.190279971604
25501.190279971604
25501.190279971604
25501.190279971604
25501.190279971604
25501.190279971604
25501.190279971604
25501.190279971604
25501.190279971604
25501.190279971604
25501.190279971604
25501.190279971604
25501.190279971604
25501.190279971604
25501.190279971604
25501.190279971604
25501.190279971604
25501.190279971604
25501.190279971604
25501.190279971604
25501.190279971604
25501.190279971604
25501.190279971604
25501.190279971604
25501.190279971604
25501.190279971604
25501.190279971604
25501.190279971604
25501.190279971604
25501.190279971604
25501.190279971604
25501.190279971604
25501.190279971604
25501.190279971604
25501.190279971604
25501.190279971604
25501.190279971604
25501.190279971604
25501.190279971604
25501.190279971604
25501.190279971604
25501.190279971604
25405.430603418055
25405.430603418055
25405.430603418055
25405.430603418055
25405.430603418055
25114.52783726513
25114.52783726513
25114.52783726513
25114.52783726513
25114.52783726513
25114.52783726513
25114.52783726513
25114.52783726513
25114.52783726513
25114.52783726513
25114.52783726513
25114.52783726513
25114.52783726513
25114.52783726513
25114.52783726513
25114.52783726513
25114.52783726513
25114.52783726513
25114.52783726513
25114.52783726513
25114.52783726513
25114.52783726513
25114.52783726513
25114.52783726513
25114.52783726513
25114.52783726513
25114.52783726513
25114.52783726513
25114.52783726513
25114.52783726513
25114.52783726513
25114.52783726513
25114.52783726513
25114.52783726513
25114.52783726513
25114.52783726513
25114.52783726513
25114.52783726513
25114.52783726513
25114.52783726513
25114.52783726513
25114.52783726513
25114.52783726513
25114.52783726513
25114.52783726513
25114.52783726513
25114.52783726513
25114.52783726513
25114.52783726513
25114.52783726513
24792.981826322575
24792.981826322575
24792.981826322575
24792.981826322575
24792.981826322575
24792.981826322575
24792.981826322575
24792.981826322575
24792.981826322575
24792.981826322575
24792.981826322575
24792.981826322575
24792.981826322575
24792.981826322575
24792.981826322575
24792.981826322575
24792.981826322575
24792.981826322575
24792.981826322575
24792.981826322575
24792.981826322575
24792.981826322575
24792.981826322575
24792.981826322575
24792.981826322575
24792.981826322575
24792.981826322575
24792.981826322575
24792.981826322575
24792.981826322575
24792.981826322575
24792.981826322575
24792.981826322575
24792.981826322575
24792.981826322575
24792.981826322575
24792.981826322575
24792.981826322575
24792.981826322575
24792.981826322575
24792.981826322575
24792.981826322575
24792.981826322575
24792.981826322575
24792.981826322575
24792.981826322575
24792.981826322575
24792.981826322575
24792.981826322575
24792.981826322575
24792.981826322575
24792.981826322575
24792.981826322575
24792.981826322575
24792.981826322575
24792.981826322575
24792.981826322575
24792.981826322575
24792.981826322575
24792.981826322575
24792.981826322575
24792.981826322575
24792.981826322575
24792.981826322575
24792.981826322575
24792.981826322575
24792.981826322575
24792.981826322575
24792.981826322575
24792.981826322575
24792.981826322575
24792.981826322575
24792.981826322575
24792.981826322575
24792.981826322575
24792.981826322575
24792.981826322575
24792.981826322575
24792.981826322575
24792.981826322575
24792.981826322575
24792.981826322575
24792.981826322575
24792.981826322575
24792.981826322575
24792.981826322575
24792.981826322575
24792.981826322575
24792.981826322575
24792.981826322575
24792.981826322575
24792.981826322575
24792.981826322575
24792.981826322575
24792.981826322575
24792.981826322575
24792.981826322575
24792.981826322575
24792.981826322575
24792.981826322575
24792.981826322575
24792.981826322575
24792.981826322575
24792.981826322575
24792.981826322575
24792.981826322575
24792.981826322575
24792.981826322575
24792.981826322575
24792.981826322575
24792.981826322575
24792.981826322575
24792.981826322575
24792.981826322575
24792.981826322575
24792.981826322575
24792.981826322575
24792.981826322575
24792.981826322575
24792.981826322575
24792.981826322575
24792.981826322575
24792.981826322575
24792.981826322575
24792.981826322575
24792.981826322575
24792.981826322575
24792.981826322575
24792.981826322575
24792.981826322575
24792.981826322575
24792.981826322575
24792.981826322575
24792.981826322575
24792.981826322575
24792.981826322575
24606.53602142066
24606.53602142066
24606.53602142066
24606.53602142066
24606.53602142066
24606.53602142066
24606.53602142066
24606.53602142066
24606.53602142066
24606.53602142066
24606.53602142066
24606.53602142066
24483.581756598407
24483.581756598407
24483.581756598407
24483.581756598407
24483.581756598407
24483.581756598407
24483.581756598407
23846.490301476184
23846.490301476184
23846.490301476184
23846.490301476184
23846.490301476184
23846.490301476184
23846.490301476184
23846.490301476184
23846.490301476184
23846.490301476184
23846.490301476184
23846.490301476184
23846.490301476184
23846.490301476184
23846.490301476184
23846.490301476184
23846.490301476184
23846.490301476184
23846.490301476184
23846.490301476184
23846.490301476184
23846.490301476184
23846.490301476184
23846.490301476184
23846.490301476184
23846.490301476184
23846.490301476184
23846.490301476184
23846.490301476184
23846.490301476184
23846.490301476184
23846.490301476184
23846.490301476184
23846.490301476184
23846.490301476184
23846.490301476184
23846.490301476184
23846.490301476184
23846.490301476184
23846.490301476184
23846.490301476184
23846.490301476184
23846.490301476184
23846.490301476184
23846.490301476184
23846.490301476184
23846.490301476184
23846.490301476184
23846.490301476184
23846.490301476184
23846.490301476184
23846.490301476184
23846.490301476184
23846.490301476184
23846.490301476184
23846.490301476184
23846.490301476184
23846.490301476184
23846.490301476184
23846.490301476184
23846.490301476184
23846.490301476184
23846.490301476184
23846.490301476184
23846.490301476184
23846.490301476184
23846.490301476184
23846.490301476184
23846.490301476184
23846.490301476184
23846.490301476184
23846.490301476184
23846.490301476184
23846.490301476184
23846.490301476184
23846.490301476184
23846.490301476184
23846.490301476184
23846.490301476184
23846.490301476184
23846.490301476184
23846.490301476184
23846.490301476184
23846.490301476184
23846.490301476184
23846.490301476184
23846.490301476184
23846.490301476184
23846.490301476184
23846.490301476184
23846.490301476184
23846.490301476184
23846.490301476184
23846.490301476184
23846.490301476184
23846.490301476184
23846.490301476184
23846.490301476184
23846.490301476184
23846.490301476184
23846.490301476184
23846.490301476184
23846.490301476184
23846.490301476184
23846.490301476184
23846.490301476184
23846.490301476184
23846.490301476184
23846.490301476184
23846.490301476184
23846.490301476184
23846.490301476184
23846.490301476184
23846.490301476184
23846.490301476184
23846.490301476184
23846.490301476184
23846.490301476184
23846.490301476184
23846.490301476184
23846.490301476184
23846.490301476184
23846.490301476184
23846.490301476184
23846.490301476184
23846.490301476184
23846.490301476184
23846.490301476184
23846.490301476184
23846.490301476184
23846.490301476184
23846.490301476184
23846.490301476184
23846.490301476184
23846.490301476184
23846.490301476184
23846.490301476184
23846.490301476184
23846.490301476184
23846.490301476184
23846.490301476184
23846.490301476184
23846.490301476184
23846.490301476184
23846.490301476184
23846.490301476184
23846.490301476184
23846.490301476184
23846.490301476184
23846.490301476184
23846.490301476184
23846.490301476184
23846.490301476184
23846.490301476184
23846.490301476184
23846.490301476184
23846.490301476184
23846.490301476184
23846.490301476184
23568.810478606283
23568.810478606283
23568.810478606283
23568.810478606283
23568.810478606283
23568.810478606283
23568.810478606283
23568.810478606283
23568.810478606283
23568.810478606283
23568.810478606283
23568.810478606283
23568.810478606283
23568.810478606283
23568.810478606283
23568.810478606283
23568.810478606283
23568.810478606283
23568.810478606283
23568.810478606283
23568.810478606283
23568.810478606283
23568.810478606283
23568.810478606283
23568.810478606283
23568.810478606283
23568.810478606283
23568.810478606283
23568.810478606283
23568.810478606283
23568.810478606283
23568.810478606283
23568.810478606283
23568.810478606283
23568.810478606283
23568.810478606283
23568.810478606283
23568.810478606283
23568.810478606283
23568.810478606283
23568.810478606283
23568.810478606283
23568.810478606283
23568.810478606283
23568.810478606283
23568.810478606283
23568.810478606283
23568.810478606283
23568.810478606283
23568.810478606283
23568.810478606283
23568.810478606283
23568.810478606283
23568.810478606283
23568.810478606283
23568.810478606283
23568.810478606283
23568.810478606283
23568.810478606283
23568.810478606283
23568.810478606283
23568.810478606283
23568.810478606283
23568.810478606283
23568.810478606283
23568.810478606283
23568.810478606283
23568.810478606283
23568.810478606283
23568.810478606283
23568.810478606283
23568.810478606283
23568.810478606283
23568.810478606283
23568.810478606283
23568.810478606283
23568.810478606283
23568.810478606283
23568.810478606283
23568.810478606283
23568.810478606283
23568.810478606283
23568.810478606283
23568.810478606283
23568.810478606283
23568.810478606283
23568.810478606283
23568.810478606283
23568.810478606283
23568.810478606283
23568.810478606283
23568.810478606283
23568.810478606283
23568.810478606283
23568.810478606283
23568.810478606283
23568.810478606283
23568.810478606283
23568.810478606283
23568.810478606283
23568.810478606283
23568.810478606283
23568.810478606283
23568.810478606283
23568.810478606283
23568.810478606283
23568.810478606283
23568.810478606283
23568.810478606283
23568.810478606283
23568.810478606283
23568.810478606283
23568.810478606283
23568.810478606283
23568.810478606283
23568.810478606283
23568.810478606283
23568.810478606283
23568.810478606283
23568.810478606283
23568.810478606283
23568.810478606283
23568.810478606283
23568.810478606283
23568.810478606283
23568.810478606283
23568.810478606283
23568.810478606283
23568.810478606283
23568.810478606283
23568.810478606283
23568.810478606283
23568.810478606283
23568.810478606283
23568.810478606283
23568.810478606283
23568.810478606283
23568.810478606283
23568.810478606283
23568.810478606283
23568.810478606283
23568.810478606283
23568.810478606283
23568.810478606283
23568.810478606283
23568.810478606283
23568.810478606283
23568.810478606283
23568.810478606283
23568.810478606283
23188.73685097708
23188.73685097708
23188.73685097708
23188.73685097708
23188.73685097708
23188.73685097708
23188.73685097708
23188.73685097708
23188.73685097708
23188.73685097708
23188.73685097708
23188.73685097708
23188.73685097708
23188.73685097708
23188.73685097708
23188.73685097708
23188.73685097708
23188.73685097708
23188.73685097708
23188.73685097708
23188.73685097708
23188.73685097708
23188.73685097708
23188.73685097708
23188.73685097708
23188.73685097708
23188.73685097708
23188.73685097708
23188.73685097708
23188.73685097708
23188.73685097708
23188.73685097708
23188.73685097708
23188.73685097708
23188.73685097708
23188.73685097708
23188.73685097708
23188.73685097708
23188.73685097708
23188.73685097708
23188.73685097708
23188.73685097708
23188.73685097708
23188.73685097708
23188.73685097708
23188.73685097708
23188.73685097708
23188.73685097708
23188.73685097708
23188.73685097708
23188.73685097708
23188.73685097708
23188.73685097708
23188.73685097708
23188.73685097708
23188.73685097708
23188.73685097708
23188.73685097708
23188.73685097708
23188.73685097708
23188.73685097708
23188.73685097708
23188.73685097708
23188.73685097708
23188.73685097708
23188.73685097708
23188.73685097708
23188.73685097708
23188.73685097708
23188.73685097708
23188.73685097708
23188.73685097708
23188.73685097708
23188.73685097708
23188.73685097708
23188.73685097708
23188.73685097708
23188.73685097708
23188.73685097708
23188.73685097708
23188.73685097708
23188.73685097708
23188.73685097708
23188.73685097708
23188.73685097708
23188.73685097708
23188.73685097708
23188.73685097708
23188.73685097708
23188.73685097708
23188.73685097708
23188.73685097708
23188.73685097708
23188.73685097708
23188.73685097708
23188.73685097708
23188.73685097708
23188.73685097708
23188.73685097708
23188.73685097708
23188.73685097708
23188.73685097708
23188.73685097708
23188.73685097708
23188.73685097708
23188.73685097708
23188.73685097708
23188.73685097708
23188.73685097708
23188.73685097708
23188.73685097708
23188.73685097708
23188.73685097708
23188.73685097708
23188.73685097708
23188.73685097708
23127.015881825075
23127.015881825075
23127.015881825075
23127.015881825075
23127.015881825075
23127.015881825075
23127.015881825075
23127.015881825075
23127.015881825075
23127.015881825075
23127.015881825075
23127.015881825075
23127.015881825075
23127.015881825075
23127.015881825075
23127.015881825075
23127.015881825075
23127.015881825075
23127.015881825075
23127.015881825075
23127.015881825075
23127.015881825075
23127.015881825075
23127.015881825075
23127.015881825075
23127.015881825075
23127.015881825075
23127.015881825075
23127.015881825075
23127.015881825075
23127.015881825075
23127.015881825075
23127.015881825075
23127.015881825075
23127.015881825075
23127.015881825075
23127.015881825075
23127.015881825075
23127.015881825075
23127.015881825075
23127.015881825075
23127.015881825075
23127.015881825075
23127.015881825075
23127.015881825075
23101.488062102897
23101.488062102897
23101.488062102897
23101.488062102897
23101.488062102897
23101.488062102897
23101.488062102897
23101.488062102897
23101.488062102897
23101.488062102897
23101.488062102897
23101.488062102897
23101.488062102897
23101.488062102897
23101.488062102897
23101.488062102897
23101.488062102897
23101.488062102897
23101.488062102897
23101.488062102897
23101.488062102897
23101.488062102897
23101.488062102897
23101.488062102897
23101.488062102897
23101.488062102897
23101.488062102897
23101.488062102897
23101.488062102897
23101.488062102897
23101.488062102897
23101.488062102897
23101.488062102897
23101.488062102897
23101.488062102897
23101.488062102897
23101.488062102897
23101.488062102897
23101.488062102897
23101.488062102897
23101.488062102897
23101.488062102897
23101.488062102897
23101.488062102897
23101.488062102897
23101.488062102897
23101.488062102897
22873.408377332056
22873.408377332056
22873.408377332056
22873.408377332056
22873.408377332056
22873.408377332056
22873.408377332056
22873.408377332056
22873.408377332056
22873.408377332056
22873.408377332056
22873.408377332056
22873.408377332056
22873.408377332056
22873.408377332056
22873.408377332056
22873.408377332056
22661.855383609156
22661.855383609156
22661.855383609156
22661.855383609156
22661.855383609156
22661.855383609156
22661.855383609156
22661.855383609156
22661.855383609156
22661.855383609156
22661.855383609156
22661.855383609156
22661.855383609156
22661.855383609156
22661.855383609156
22661.855383609156
22661.855383609156
22661.855383609156
22661.855383609156
22661.855383609156
22661.855383609156
22661.855383609156
22661.855383609156
22661.855383609156
22661.855383609156
22661.855383609156
22661.855383609156
22661.855383609156
22661.855383609156
22661.855383609156
22661.855383609156
22661.855383609156
22661.855383609156
22661.855383609156
22661.855383609156
22661.855383609156
22661.855383609156
22661.855383609156
22661.855383609156
22661.855383609156
22661.855383609156
22661.855383609156
22661.855383609156
22661.855383609156
22661.855383609156
22661.855383609156
22661.855383609156
22249.431931025043
22249.431931025043
22249.431931025043
22249.431931025043
22249.431931025043
22249.431931025043
22249.431931025043
22249.431931025043
22249.431931025043
22249.431931025043
22249.431931025043
22249.431931025043
22249.431931025043
22249.431931025043
22249.431931025043
22249.431931025043
22249.431931025043
22249.431931025043
22249.431931025043
22249.431931025043
22249.431931025043
22249.431931025043
22249.431931025043
22249.431931025043
22249.431931025043
22249.431931025043
22249.431931025043
22249.431931025043
22249.431931025043
22249.431931025043
22249.431931025043
22249.431931025043
22249.431931025043
22249.431931025043
22249.431931025043
22249.431931025043
22249.431931025043
22249.431931025043
22249.431931025043
22249.431931025043
22249.431931025043
22249.431931025043
22249.431931025043
22249.431931025043
22249.431931025043
22249.431931025043
22249.431931025043
22249.431931025043
22249.431931025043
22249.431931025043
22249.431931025043
22249.431931025043
22249.431931025043
22249.431931025043
22249.431931025043
22249.431931025043
22249.431931025043
22249.431931025043
22249.431931025043
22249.431931025043
22249.431931025043
22249.431931025043
22249.431931025043
22249.431931025043
22249.431931025043
22249.431931025043
22249.431931025043
22249.431931025043
22249.431931025043
22249.431931025043
22249.431931025043
22249.431931025043
22249.431931025043
22249.431931025043
22249.431931025043
22249.431931025043
22249.431931025043
22249.431931025043
22249.431931025043
22249.431931025043
22249.431931025043
22249.431931025043
22220.112358716877
22220.112358716877
22220.112358716877
22220.112358716877
22220.112358716877
22220.112358716877
22220.112358716877
22220.112358716877
22220.112358716877
22220.112358716877
22220.112358716877
22220.112358716877
22220.112358716877
22220.112358716877
22220.112358716877
22220.112358716877
22220.112358716877
22220.112358716877
22220.112358716877
22220.112358716877
22220.112358716877
22220.112358716877
22220.112358716877
22220.112358716877
22220.112358716877
22220.112358716877
22220.112358716877
22220.112358716877
22220.112358716877
22220.112358716877
22220.112358716877
22208.452235209978
22208.452235209978
22208.452235209978
22208.452235209978
22208.452235209978
22208.452235209978
22208.452235209978
22208.452235209978
22208.452235209978
22208.452235209978
22208.452235209978
22208.452235209978
22208.452235209978
22208.452235209978
22208.452235209978
22208.452235209978
22208.452235209978
22208.452235209978
22208.452235209978
22208.452235209978
22208.452235209978
22208.452235209978
22208.452235209978
22208.452235209978
22208.452235209978
22208.452235209978
22208.452235209978
22208.452235209978
22208.452235209978
22208.452235209978
22208.452235209978
22208.452235209978
22208.452235209978
22208.452235209978
22208.452235209978
22208.452235209978
22208.452235209978
22195.177178042526
22195.177178042526
22195.177178042526
22195.177178042526
22195.177178042526
22195.177178042526
22195.177178042526
22195.177178042526
22195.177178042526
22195.177178042526
22195.177178042526
22195.177178042526
22195.177178042526
21959.1632698029
21959.1632698029
21959.1632698029
21959.1632698029
21959.1632698029
21959.1632698029
21959.1632698029
21959.1632698029
21959.1632698029
21959.1632698029
21959.1632698029
21959.1632698029
21959.1632698029
21959.1632698029
21959.1632698029
21959.1632698029
21959.1632698029
21959.1632698029
21959.1632698029
21959.1632698029
21959.1632698029
21959.1632698029
21959.1632698029
21959.1632698029
21959.1632698029
21959.1632698029
21959.1632698029
21959.1632698029
21959.1632698029
21959.1632698029
21959.1632698029
21959.1632698029
Time: 159.99923133850098 seconds 
Best solution: 21959.1632698029 [66, 87, 94, 95, 100, 88, 90, 98, 99, 89, 75, 74, 70, 81, 69, 73, 76, 80, 86, 84, 83, 85, 78, 71, 67, 77, 68, 72, 79, 96, 92, 91, 97, 102, 101, 93, 82, 64, 58, 53, 52, 46, 41, 44, 42, 36, 37, 35, 34, 38, 39, 13, 14, 4, 5, 9, 3, 8, 18, 17, 16, 19, 24, 26, 25, 33, 22, 11, 7, 2, 1, 6, 10, 103, 21, 32, 30, 29, 27, 20, 23, 12, 28, 15, 31, 43, 51, 47, 104, 40, 48, 45, 59, 49, 50, 55, 105, 56, 57, 54, 62, 63, 60, 61, 65]
Avg solution: 32511.98405681914