Alg:1, Run: 6, file: C:\Users\gabri\Documents\AN 3 SEM 2\AI\Lab\Lab3\\lin105.tsp, population number: 1000, generations: 2500 
107549.36461099106
107099.21171144857
106205.11233060276
103087.29487227574
103087.29487227574
102285.48122980408
99823.51130758254
99823.51130758254
99823.51130758254
99823.51130758254
95783.66740547151
95783.66740547151
95783.66740547151
90597.22392070598
90597.22392070598
90597.22392070598
90597.22392070598
85417.95426581679
85417.95426581679
85417.95426581679
85417.95426581679
85417.95426581679
85417.95426581679
85417.95426581679
85417.95426581679
85417.95426581679
85417.95426581679
85417.95426581679
85417.95426581679
85417.95426581679
81243.65859419784
81243.65859419784
81243.65859419784
81243.65859419784
81243.65859419784
81243.65859419784
81243.65859419784
81243.65859419784
81243.65859419784
81243.65859419784
81243.65859419784
81243.65859419784
81243.65859419784
81243.65859419784
81243.65859419784
81243.65859419784
80576.3488790199
80576.3488790199
79892.18701972358
79395.81868242205
79395.81868242205
79126.54075320443
78374.67650616087
78374.67650616087
78374.67650616087
78374.67650616087
78374.67650616087
78222.12378897592
78037.7631218969
78037.7631218969
78037.7631218969
76830.97430265443
76830.97430265443
76830.97430265443
76830.97430265443
76830.97430265443
76830.97430265443
76009.22450635873
76009.22450635873
73225.67238152587
73225.67238152587
73225.67238152587
73225.67238152587
73225.67238152587
72141.97570352777
72141.97570352777
72141.97570352777
72141.97570352777
72141.97570352777
72141.97570352777
71490.06396811517
71490.06396811517
71490.06396811517
70316.8875494251
70316.8875494251
70316.8875494251
70316.8875494251
69792.77283549879
69792.77283549879
69792.77283549879
69792.77283549879
69792.77283549879
69743.39751734286
69743.39751734286
69743.39751734286
69743.39751734286
69743.39751734286
69743.39751734286
69252.39369460018
68164.88122264516
67709.29962077053
67709.29962077053
67214.02665062818
67214.02665062818
67214.02665062818
66927.46346227397
66927.46346227397
66927.46346227397
66927.46346227397
66927.46346227397
66927.46346227397
66927.46346227397
66927.46346227397
66927.46346227397
66927.46346227397
66927.46346227397
66927.46346227397
65898.50136203956
65898.50136203956
65898.50136203956
65898.50136203956
64809.779257555514
64809.779257555514
64809.779257555514
64809.779257555514
64477.645047287755
64477.645047287755
64477.645047287755
64477.645047287755
64477.645047287755
64477.645047287755
64477.645047287755
64152.720903681824
64152.720903681824
64152.720903681824
64152.720903681824
63378.582393932826
63378.582393932826
61160.26890525206
61160.26890525206
61160.26890525206
60668.09521504677
60668.09521504677
60668.09521504677
60668.09521504677
59481.838090299854
59481.838090299854
59481.838090299854
59481.838090299854
59481.838090299854
59481.838090299854
59481.838090299854
59481.838090299854
59481.838090299854
59481.838090299854
59481.838090299854
59097.14188811733
59097.14188811733
59097.14188811733
59097.14188811733
59097.14188811733
59097.14188811733
59097.14188811733
59097.14188811733
59097.14188811733
59097.14188811733
59097.14188811733
59097.14188811733
59097.14188811733
59097.14188811733
59097.14188811733
59097.14188811733
59097.14188811733
59097.14188811733
59097.14188811733
58128.442943921844
58128.442943921844
58128.442943921844
58128.442943921844
58128.442943921844
56990.10160103403
56990.10160103403
56990.10160103403
56990.10160103403
56990.10160103403
55526.41095939832
55526.41095939832
55526.41095939832
55526.41095939832
55526.41095939832
55526.41095939832
52929.57716285781
52929.57716285781
52929.57716285781
52929.57716285781
52929.57716285781
52929.57716285781
52929.57716285781
52929.57716285781
52929.57716285781
52929.57716285781
52929.57716285781
52929.57716285781
52929.57716285781
52929.57716285781
52929.57716285781
52929.57716285781
52929.57716285781
52929.57716285781
52929.57716285781
52929.57716285781
52929.57716285781
52929.57716285781
52929.57716285781
52929.57716285781
52929.57716285781
52929.57716285781
52929.57716285781
52929.57716285781
52929.57716285781
52929.57716285781
52929.57716285781
52929.57716285781
52929.57716285781
52929.57716285781
52929.57716285781
52825.21051403145
52825.21051403145
51653.645491542564
48162.787273369904
48162.787273369904
48162.787273369904
48162.787273369904
48162.787273369904
48162.787273369904
48162.787273369904
48162.787273369904
48162.787273369904
48162.787273369904
48162.787273369904
48162.787273369904
48162.787273369904
48162.787273369904
48162.787273369904
48162.787273369904
48162.787273369904
48162.787273369904
48162.787273369904
48162.787273369904
48162.787273369904
48162.787273369904
48162.787273369904
48162.787273369904
48162.787273369904
48162.787273369904
48162.787273369904
48162.787273369904
48162.787273369904
48162.787273369904
48162.787273369904
48162.787273369904
48162.787273369904
47711.612274981504
47711.612274981504
47711.612274981504
47711.612274981504
47711.612274981504
47711.612274981504
47711.612274981504
47711.612274981504
47711.612274981504
47711.612274981504
47711.612274981504
47711.612274981504
47711.612274981504
47711.612274981504
47711.612274981504
47711.612274981504
47711.612274981504
47711.612274981504
47711.612274981504
47711.612274981504
47711.612274981504
47711.612274981504
47711.612274981504
45329.33995426677
45329.33995426677
45329.33995426677
45329.33995426677
45329.33995426677
45329.33995426677
45329.33995426677
45329.33995426677
45329.33995426677
45329.33995426677
45329.33995426677
45329.33995426677
45329.33995426677
45329.33995426677
45329.33995426677
45329.33995426677
45329.33995426677
45329.33995426677
45329.33995426677
45329.33995426677
45329.33995426677
45329.33995426677
45329.33995426677
45329.33995426677
45329.33995426677
45329.33995426677
45329.33995426677
45329.33995426677
45329.33995426677
45329.33995426677
45329.33995426677
45329.33995426677
45329.33995426677
45329.33995426677
45329.33995426677
45329.33995426677
45329.33995426677
45329.33995426677
45329.33995426677
45329.33995426677
45329.33995426677
45329.33995426677
45329.33995426677
45329.33995426677
44916.18472666805
44916.18472666805
44916.18472666805
44916.18472666805
44916.18472666805
44916.18472666805
44916.18472666805
43864.12649446435
43864.12649446435
43864.12649446435
43539.88980232634
43539.88980232634
43539.88980232634
43539.88980232634
43539.88980232634
43539.88980232634
43539.88980232634
43539.88980232634
43539.88980232634
43539.88980232634
43539.88980232634
43539.88980232634
43539.88980232634
43539.88980232634
43539.88980232634
43539.88980232634
43539.88980232634
43539.88980232634
42936.283698234394
42936.283698234394
42936.283698234394
42936.283698234394
42936.283698234394
42864.11874463944
42864.11874463944
42864.11874463944
42864.11874463944
42864.11874463944
42864.11874463944
42864.11874463944
42864.11874463944
42864.11874463944
42251.298595905486
41226.794543504504
41226.794543504504
41226.794543504504
41226.794543504504
41226.794543504504
41226.794543504504
41226.794543504504
41226.794543504504
41226.794543504504
41226.794543504504
41226.794543504504
41226.794543504504
40939.56750338445
40939.56750338445
40939.56750338445
40939.56750338445
40939.56750338445
40939.56750338445
40939.56750338445
40744.13622727104
40744.13622727104
40744.13622727104
40744.13622727104
40744.13622727104
40744.13622727104
40744.13622727104
40744.13622727104
40744.13622727104
40744.13622727104
40744.13622727104
40744.13622727104
40744.13622727104
40744.13622727104
40744.13622727104
40744.13622727104
40744.13622727104
40744.13622727104
40744.13622727104
40744.13622727104
40744.13622727104
40744.13622727104
40744.13622727104
40744.13622727104
40744.13622727104
40744.13622727104
40744.13622727104
40744.13622727104
40744.13622727104
40744.13622727104
40744.13622727104
40744.13622727104
40744.13622727104
40658.59130908328
40658.59130908328
40019.50989196382
40019.50989196382
40019.50989196382
40019.50989196382
40019.50989196382
40019.50989196382
40019.50989196382
40019.50989196382
40019.50989196382
40019.50989196382
40019.50989196382
40019.50989196382
40019.50989196382
40019.50989196382
40019.50989196382
40019.50989196382
40019.50989196382
40019.50989196382
40019.50989196382
40019.50989196382
40019.50989196382
40019.50989196382
40019.50989196382
39880.564276222285
39880.564276222285
39880.564276222285
39880.564276222285
39880.564276222285
39880.564276222285
39880.564276222285
39880.564276222285
39880.564276222285
39880.564276222285
39880.564276222285
39880.564276222285
39880.564276222285
39880.564276222285
39880.564276222285
39880.564276222285
39880.564276222285
38420.56934845238
38420.56934845238
38420.56934845238
38420.56934845238
38420.56934845238
38420.56934845238
38420.56934845238
38420.56934845238
38420.56934845238
38420.56934845238
38420.56934845238
38420.56934845238
38420.56934845238
38420.56934845238
38420.56934845238
38420.56934845238
38420.56934845238
38420.56934845238
38420.56934845238
38420.56934845238
38420.56934845238
38420.56934845238
38420.56934845238
38420.56934845238
38420.56934845238
38420.56934845238
38420.56934845238
38420.56934845238
38420.56934845238
38420.56934845238
38420.56934845238
38420.56934845238
38420.56934845238
38420.56934845238
38420.56934845238
38420.56934845238
38420.56934845238
38420.56934845238
38420.56934845238
38420.56934845238
38420.56934845238
38420.56934845238
38420.56934845238
38309.5990504552
38309.5990504552
38309.5990504552
38309.5990504552
38309.5990504552
37919.574516636225
37919.574516636225
37919.574516636225
37919.574516636225
37919.574516636225
37919.574516636225
37919.574516636225
37919.574516636225
37919.574516636225
37919.574516636225
37919.574516636225
37919.574516636225
37919.574516636225
37919.574516636225
37919.574516636225
37919.574516636225
37919.574516636225
37919.574516636225
37919.574516636225
37919.574516636225
37919.574516636225
37919.574516636225
37919.574516636225
37919.574516636225
37919.574516636225
37919.574516636225
37919.574516636225
37919.574516636225
37919.574516636225
37919.574516636225
37919.574516636225
37919.574516636225
37919.574516636225
37919.574516636225
37919.574516636225
37919.574516636225
37919.574516636225
37919.574516636225
37919.574516636225
37919.574516636225
37919.574516636225
37919.574516636225
37919.574516636225
37919.574516636225
37919.574516636225
37462.7570064157
37462.7570064157
37462.7570064157
37462.7570064157
37289.73228755637
37289.73228755637
37289.73228755637
37289.73228755637
37289.73228755637
37289.73228755637
37289.73228755637
37289.73228755637
37289.73228755637
37289.73228755637
37289.73228755637
37289.73228755637
37289.73228755637
37289.73228755637
37289.73228755637
37289.73228755637
37289.73228755637
37236.126928529084
37236.126928529084
37236.126928529084
37236.126928529084
37236.126928529084
37236.126928529084
37236.126928529084
37236.126928529084
37236.126928529084
37236.126928529084
37236.126928529084
37236.126928529084
37236.126928529084
37236.126928529084
37236.126928529084
37236.126928529084
37236.126928529084
37236.126928529084
36960.60323271666
36960.60323271666
36960.60323271666
36960.60323271666
36960.60323271666
36960.60323271666
36960.60323271666
36960.60323271666
36960.60323271666
36960.60323271666
36960.60323271666
36960.60323271666
36960.60323271666
36930.60270351846
36930.60270351846
36930.60270351846
36930.60270351846
36486.346359551986
36106.811219690826
36106.811219690826
36106.811219690826
36106.811219690826
35930.930432513596
35930.930432513596
35930.930432513596
35930.930432513596
35930.930432513596
35930.930432513596
35930.930432513596
35930.930432513596
35930.930432513596
35930.930432513596
35930.930432513596
35930.930432513596
35403.081172731225
35403.081172731225
35403.081172731225
35403.081172731225
35403.081172731225
35403.081172731225
35403.081172731225
35403.081172731225
35403.081172731225
35403.081172731225
35403.081172731225
35403.081172731225
35403.081172731225
35403.081172731225
35403.081172731225
35403.081172731225
35403.081172731225
35403.081172731225
35403.081172731225
35403.081172731225
35403.081172731225
35403.081172731225
35403.081172731225
35403.081172731225
35403.081172731225
35403.081172731225
35403.081172731225
35403.081172731225
35042.436375392404
35042.436375392404
34473.25951236921
34473.25951236921
34473.25951236921
34473.25951236921
34473.25951236921
34473.25951236921
34271.896583246256
34271.896583246256
34271.896583246256
34271.896583246256
34271.896583246256
34271.896583246256
34271.896583246256
34271.896583246256
34271.896583246256
34271.896583246256
34271.896583246256
34271.896583246256
34271.896583246256
34271.896583246256
34271.896583246256
34271.896583246256
34271.896583246256
34271.896583246256
34271.896583246256
34271.896583246256
34271.896583246256
34271.896583246256
34271.896583246256
34271.896583246256
34271.896583246256
34271.896583246256
34271.896583246256
34271.896583246256
34271.896583246256
34271.896583246256
33631.99168650991
33631.99168650991
33631.99168650991
33631.99168650991
33631.99168650991
33631.99168650991
33631.99168650991
33631.99168650991
33631.99168650991
33631.99168650991
33631.99168650991
33631.99168650991
33631.99168650991
33631.99168650991
33631.99168650991
33631.99168650991
33631.99168650991
33631.99168650991
33631.99168650991
33631.99168650991
33631.99168650991
33631.99168650991
33631.99168650991
33631.99168650991
33631.99168650991
33631.99168650991
33631.99168650991
33631.99168650991
33631.99168650991
33631.99168650991
33631.99168650991
33631.99168650991
33631.99168650991
33631.99168650991
33631.99168650991
33631.99168650991
33631.99168650991
33631.99168650991
33264.535125123555
33264.535125123555
33264.535125123555
33264.535125123555
33264.535125123555
33264.535125123555
33264.535125123555
33264.535125123555
33264.535125123555
33264.535125123555
33264.535125123555
33264.535125123555
33264.535125123555
33264.535125123555
33264.535125123555
33264.535125123555
33264.535125123555
33264.535125123555
33264.535125123555
33264.535125123555
33264.535125123555
33264.535125123555
33264.535125123555
33264.535125123555
33264.535125123555
33264.535125123555
33264.535125123555
33264.535125123555
33264.535125123555
33264.535125123555
33264.535125123555
33264.535125123555
33264.535125123555
33264.535125123555
33028.2145819901
33028.2145819901
33028.2145819901
33028.2145819901
33028.2145819901
33028.2145819901
33028.2145819901
33028.2145819901
33028.2145819901
33028.2145819901
33028.2145819901
33028.2145819901
33028.2145819901
33028.2145819901
33028.2145819901
33028.2145819901
33028.2145819901
33028.2145819901
33028.2145819901
32818.71502917734
32818.71502917734
32633.72310118625
32633.72310118625
32633.72310118625
32633.72310118625
32633.72310118625
32633.72310118625
32633.72310118625
32633.72310118625
32633.72310118625
32633.72310118625
32633.72310118625
32633.72310118625
32633.72310118625
32633.72310118625
32633.72310118625
32633.72310118625
32633.72310118625
32633.72310118625
32633.72310118625
32633.72310118625
32633.72310118625
32633.72310118625
32633.72310118625
32369.91253497271
32369.91253497271
32369.91253497271
32369.91253497271
32369.91253497271
32369.91253497271
32369.91253497271
31615.479993350367
31615.479993350367
31615.479993350367
31615.479993350367
31615.479993350367
31615.479993350367
31615.479993350367
31615.479993350367
31615.479993350367
31615.479993350367
31615.479993350367
31615.479993350367
31615.479993350367
31615.479993350367
31615.479993350367
31615.479993350367
31615.479993350367
31615.479993350367
31615.479993350367
31615.479993350367
31615.479993350367
31615.479993350367
31615.479993350367
31615.479993350367
31615.479993350367
31615.479993350367
31615.479993350367
31615.479993350367
31615.479993350367
31615.479993350367
31615.479993350367
31615.479993350367
31615.479993350367
31615.479993350367
31615.479993350367
31615.479993350367
31615.479993350367
31615.479993350367
31615.479993350367
31615.479993350367
31615.479993350367
31615.479993350367
31615.479993350367
31615.479993350367
31615.479993350367
31615.479993350367
31615.479993350367
31615.479993350367
31615.479993350367
31615.479993350367
31615.479993350367
31615.479993350367
31615.479993350367
31615.479993350367
31615.479993350367
31315.535056755743
31315.535056755743
31315.535056755743
31315.535056755743
31315.535056755743
31315.535056755743
31315.535056755743
31315.535056755743
31315.535056755743
31315.535056755743
31315.535056755743
31315.535056755743
31315.535056755743
31315.535056755743
30307.383624749997
30307.383624749997
30307.383624749997
30307.383624749997
30307.383624749997
30307.383624749997
30307.383624749997
30307.383624749997
30307.383624749997
30307.383624749997
30307.383624749997
30307.383624749997
30307.383624749997
30307.383624749997
30307.383624749997
30307.383624749997
30307.383624749997
30307.383624749997
30307.383624749997
30307.383624749997
30307.383624749997
30307.383624749997
30307.383624749997
30307.383624749997
30307.383624749997
30307.383624749997
30307.383624749997
30307.383624749997
30307.383624749997
30307.383624749997
30307.383624749997
30307.383624749997
30307.383624749997
30307.383624749997
30307.383624749997
30307.383624749997
30307.383624749997
30307.383624749997
30307.383624749997
30307.383624749997
30307.383624749997
30307.383624749997
30307.383624749997
30307.383624749997
30307.383624749997
30307.383624749997
30307.383624749997
30307.383624749997
30307.383624749997
30307.383624749997
30307.383624749997
30307.383624749997
30307.383624749997
30307.383624749997
30307.383624749997
30307.383624749997
30307.383624749997
30307.383624749997
30307.383624749997
30307.383624749997
30307.383624749997
30307.383624749997
30307.383624749997
30307.383624749997
30307.383624749997
30307.383624749997
30307.383624749997
30307.383624749997
30307.383624749997
30307.383624749997
30307.383624749997
30307.383624749997
30307.383624749997
30307.383624749997
30307.383624749997
30307.383624749997
30307.383624749997
30307.383624749997
30307.383624749997
30307.383624749997
30307.383624749997
30307.383624749997
30307.383624749997
30307.383624749997
30307.383624749997
30307.383624749997
30307.383624749997
30307.383624749997
30307.383624749997
30307.383624749997
30263.66125963439
30263.66125963439
30263.66125963439
30263.66125963439
30263.66125963439
30263.66125963439
30263.66125963439
30114.13277743277
30114.13277743277
30114.13277743277
30114.13277743277
30076.610806830544
30076.610806830544
30076.610806830544
30076.610806830544
30076.610806830544
30076.610806830544
30076.610806830544
30076.610806830544
30076.610806830544
30076.610806830544
30076.610806830544
30076.610806830544
29546.50931023848
29546.50931023848
29546.50931023848
29403.38374755361
29403.38374755361
29403.38374755361
29403.38374755361
29403.38374755361
29403.38374755361
29403.38374755361
29403.38374755361
29403.38374755361
29403.38374755361
29403.38374755361
29403.38374755361
29403.38374755361
29403.38374755361
29399.74503256753
28753.036610584717
28753.036610584717
28753.036610584717
28753.036610584717
28753.036610584717
28753.036610584717
28753.036610584717
28753.036610584717
28753.036610584717
28753.036610584717
28753.036610584717
28753.036610584717
28753.036610584717
28753.036610584717
28753.036610584717
28753.036610584717
28753.036610584717
28753.036610584717
28753.036610584717
28753.036610584717
28208.317163674652
28208.317163674652
28208.317163674652
28208.317163674652
28208.317163674652
28208.317163674652
28208.317163674652
28208.317163674652
28208.317163674652
28208.317163674652
28208.317163674652
28208.317163674652
28208.317163674652
28208.317163674652
28208.317163674652
28208.317163674652
28208.317163674652
28208.317163674652
28208.317163674652
28208.317163674652
28208.317163674652
28208.317163674652
28208.317163674652
28208.317163674652
28208.317163674652
28208.317163674652
28208.317163674652
28208.317163674652
28208.317163674652
28208.317163674652
28208.317163674652
28208.317163674652
28208.317163674652
28208.317163674652
28208.317163674652
28208.317163674652
28208.317163674652
28208.317163674652
28208.317163674652
28208.317163674652
28208.317163674652
28208.317163674652
28208.317163674652
28208.317163674652
28208.317163674652
28208.317163674652
28208.317163674652
28208.317163674652
28208.317163674652
28208.317163674652
28208.317163674652
28208.317163674652
28208.317163674652
28208.317163674652
28208.317163674652
28208.317163674652
28208.317163674652
28208.317163674652
28208.317163674652
28208.317163674652
28208.317163674652
28208.317163674652
28208.317163674652
28208.317163674652
28208.317163674652
28208.317163674652
28208.317163674652
28208.317163674652
28208.317163674652
28208.317163674652
28208.317163674652
28208.317163674652
28208.317163674652
28208.317163674652
28208.317163674652
28208.317163674652
28208.317163674652
28208.317163674652
28208.317163674652
28208.317163674652
27932.518874635385
27932.518874635385
27932.518874635385
27932.518874635385
27932.518874635385
27932.518874635385
27932.518874635385
27932.518874635385
27932.518874635385
27932.518874635385
27932.518874635385
27932.518874635385
27932.518874635385
27932.518874635385
27932.518874635385
27932.518874635385
27932.518874635385
27932.518874635385
27932.518874635385
26879.00261391732
26879.00261391732
26879.00261391732
26879.00261391732
26879.00261391732
26879.00261391732
26879.00261391732
26879.00261391732
26879.00261391732
26879.00261391732
26879.00261391732
26879.00261391732
26879.00261391732
26879.00261391732
26879.00261391732
26879.00261391732
26879.00261391732
26879.00261391732
26879.00261391732
26879.00261391732
26879.00261391732
26879.00261391732
26879.00261391732
26879.00261391732
26879.00261391732
26879.00261391732
26879.00261391732
26879.00261391732
26879.00261391732
26879.00261391732
26879.00261391732
26879.00261391732
26879.00261391732
26879.00261391732
26879.00261391732
26879.00261391732
26879.00261391732
26879.00261391732
26879.00261391732
26879.00261391732
26879.00261391732
26879.00261391732
26879.00261391732
26879.00261391732
26879.00261391732
26879.00261391732
26879.00261391732
26879.00261391732
26879.00261391732
26879.00261391732
26879.00261391732
26879.00261391732
26879.00261391732
26879.00261391732
26879.00261391732
26879.00261391732
26774.72431726801
26774.72431726801
26774.72431726801
26774.72431726801
26774.72431726801
26774.72431726801
26774.72431726801
26774.72431726801
26774.72431726801
26774.72431726801
26774.72431726801
26774.72431726801
26774.72431726801
26774.72431726801
26774.72431726801
26774.72431726801
26774.72431726801
26774.72431726801
26774.72431726801
26774.72431726801
26774.72431726801
26774.72431726801
26774.72431726801
26774.72431726801
26774.72431726801
26774.72431726801
26774.72431726801
26774.72431726801
26774.72431726801
26774.72431726801
26774.72431726801
26774.72431726801
26774.72431726801
26774.72431726801
26774.72431726801
26774.72431726801
26774.72431726801
26774.72431726801
26774.72431726801
26774.72431726801
26774.72431726801
26774.72431726801
26774.72431726801
26774.72431726801
26774.72431726801
26774.72431726801
25581.008000717684
25581.008000717684
25581.008000717684
25581.008000717684
25581.008000717684
25581.008000717684
25581.008000717684
25581.008000717684
25581.008000717684
25581.008000717684
25581.008000717684
25581.008000717684
25581.008000717684
25581.008000717684
25581.008000717684
25581.008000717684
25581.008000717684
25581.008000717684
25581.008000717684
25581.008000717684
25581.008000717684
25581.008000717684
25581.008000717684
25581.008000717684
25581.008000717684
25581.008000717684
25581.008000717684
25581.008000717684
25581.008000717684
25581.008000717684
25581.008000717684
25581.008000717684
25581.008000717684
25581.008000717684
25581.008000717684
25581.008000717684
25581.008000717684
25581.008000717684
25581.008000717684
25581.008000717684
25581.008000717684
25581.008000717684
25581.008000717684
25581.008000717684
25581.008000717684
25581.008000717684
25581.008000717684
25581.008000717684
25581.008000717684
25581.008000717684
25581.008000717684
25581.008000717684
25581.008000717684
25581.008000717684
25581.008000717684
25581.008000717684
25581.008000717684
25581.008000717684
25581.008000717684
25581.008000717684
25581.008000717684
25581.008000717684
25581.008000717684
25581.008000717684
25581.008000717684
25581.008000717684
25581.008000717684
25581.008000717684
25581.008000717684
25581.008000717684
25581.008000717684
25581.008000717684
25581.008000717684
25581.008000717684
25581.008000717684
25581.008000717684
25581.008000717684
25581.008000717684
25581.008000717684
25581.008000717684
25581.008000717684
25581.008000717684
25581.008000717684
25581.008000717684
25581.008000717684
25581.008000717684
25581.008000717684
25581.008000717684
25581.008000717684
25581.008000717684
25581.008000717684
25581.008000717684
25581.008000717684
25581.008000717684
25581.008000717684
25581.008000717684
25581.008000717684
25581.008000717684
25581.008000717684
25581.008000717684
25581.008000717684
25581.008000717684
25581.008000717684
25581.008000717684
25581.008000717684
25581.008000717684
25581.008000717684
25581.008000717684
25581.008000717684
25581.008000717684
25581.008000717684
25581.008000717684
25581.008000717684
25581.008000717684
25581.008000717684
25581.008000717684
25581.008000717684
25581.008000717684
25581.008000717684
25581.008000717684
25581.008000717684
25581.008000717684
25581.008000717684
25581.008000717684
25581.008000717684
25581.008000717684
25581.008000717684
25581.008000717684
25581.008000717684
25581.008000717684
25581.008000717684
25581.008000717684
25581.008000717684
25468.534167796035
25468.534167796035
25468.534167796035
25468.534167796035
25468.534167796035
25468.534167796035
25468.534167796035
25468.534167796035
25468.534167796035
25468.534167796035
25468.534167796035
25468.534167796035
25468.534167796035
25468.534167796035
25468.534167796035
25468.534167796035
25468.534167796035
25468.534167796035
25468.534167796035
25468.534167796035
25468.534167796035
25468.534167796035
25468.534167796035
25468.534167796035
25468.534167796035
25468.534167796035
25468.534167796035
24936.723450117803
24936.723450117803
24936.723450117803
24936.723450117803
24936.723450117803
24936.723450117803
24936.723450117803
24936.723450117803
24936.723450117803
24936.723450117803
24936.723450117803
24936.723450117803
24936.723450117803
24936.723450117803
24936.723450117803
24936.723450117803
24936.723450117803
24936.723450117803
24936.723450117803
24908.84626485783
24908.84626485783
24908.84626485783
24908.84626485783
24908.84626485783
24908.84626485783
24908.84626485783
24908.84626485783
24908.84626485783
24908.84626485783
24908.84626485783
24908.84626485783
24908.84626485783
24908.84626485783
24908.84626485783
24908.84626485783
24908.84626485783
24908.84626485783
24908.84626485783
24908.84626485783
24908.84626485783
24908.84626485783
24908.84626485783
24908.84626485783
24908.84626485783
24908.84626485783
24908.84626485783
24908.84626485783
24908.84626485783
24908.84626485783
24908.84626485783
24908.84626485783
24908.84626485783
24908.84626485783
24908.84626485783
24908.84626485783
24908.84626485783
24908.84626485783
24908.84626485783
24908.84626485783
24908.84626485783
24908.84626485783
24908.84626485783
24908.84626485783
24908.84626485783
24908.84626485783
24908.84626485783
24908.84626485783
24908.84626485783
24908.84626485783
24908.84626485783
24908.84626485783
24884.805262725557
24884.805262725557
24884.805262725557
24884.805262725557
24742.751719331696
24742.751719331696
24742.751719331696
24352.876846784326
24352.876846784326
24352.876846784326
24352.876846784326
24352.876846784326
24352.876846784326
24352.876846784326
24352.876846784326
24352.876846784326
24352.876846784326
24352.876846784326
24283.38897208991
24204.29589889763
24204.29589889763
24204.29589889763
24204.29589889763
24204.29589889763
24204.29589889763
24204.29589889763
24204.29589889763
24204.29589889763
24204.29589889763
24204.29589889763
23365.702335308168
23365.702335308168
23365.702335308168
23365.702335308168
23365.702335308168
23365.702335308168
23365.702335308168
23365.702335308168
23365.702335308168
23365.702335308168
23365.702335308168
23365.702335308168
23365.702335308168
23365.702335308168
23365.702335308168
23365.702335308168
23365.702335308168
23365.702335308168
23365.702335308168
23365.702335308168
23365.702335308168
23365.702335308168
23365.702335308168
23365.702335308168
23365.702335308168
23365.702335308168
23365.702335308168
23365.702335308168
23365.702335308168
23365.702335308168
23365.702335308168
23365.702335308168
23365.702335308168
23365.702335308168
23365.702335308168
23365.702335308168
23365.702335308168
23365.702335308168
23365.702335308168
23365.702335308168
23365.702335308168
23365.702335308168
23365.702335308168
23365.702335308168
23365.702335308168
23365.702335308168
23365.702335308168
23365.702335308168
23365.702335308168
23365.702335308168
23365.702335308168
23365.702335308168
23365.702335308168
23365.702335308168
23365.702335308168
23365.702335308168
23365.702335308168
23365.702335308168
23365.702335308168
23365.702335308168
23365.702335308168
23365.702335308168
23365.702335308168
23365.702335308168
23365.702335308168
23365.702335308168
23365.702335308168
23365.702335308168
23365.702335308168
23365.702335308168
23365.702335308168
23365.702335308168
23365.702335308168
23365.702335308168
23365.702335308168
23365.702335308168
23365.702335308168
23365.702335308168
23365.702335308168
23365.702335308168
23365.702335308168
23066.566361439585
23066.566361439585
23066.566361439585
23066.566361439585
23066.566361439585
23066.566361439585
23066.566361439585
23066.566361439585
23066.566361439585
23066.566361439585
23066.566361439585
23066.566361439585
23066.566361439585
23066.566361439585
23066.566361439585
23066.566361439585
23066.566361439585
23066.566361439585
23066.566361439585
23066.566361439585
23066.566361439585
23066.566361439585
23066.566361439585
23066.566361439585
23066.566361439585
23066.566361439585
23066.566361439585
23066.566361439585
23066.566361439585
23066.566361439585
23066.566361439585
23066.566361439585
23066.566361439585
23066.566361439585
23066.566361439585
23066.566361439585
23066.566361439585
23066.566361439585
23066.566361439585
23066.566361439585
23066.566361439585
23066.566361439585
23066.566361439585
23066.566361439585
23066.566361439585
23066.566361439585
23066.566361439585
23066.566361439585
23066.566361439585
23066.566361439585
23066.566361439585
23066.566361439585
23066.566361439585
23066.566361439585
23066.566361439585
23066.566361439585
22968.15226140173
22968.15226140173
22968.15226140173
22968.15226140173
22968.15226140173
22968.15226140173
22968.15226140173
22784.443035903463
22784.443035903463
22784.443035903463
22784.443035903463
22784.443035903463
22784.443035903463
22784.443035903463
22784.443035903463
22784.443035903463
22784.443035903463
22784.443035903463
22784.443035903463
22784.443035903463
22784.443035903463
22784.443035903463
22784.443035903463
22784.443035903463
22784.443035903463
22784.443035903463
22784.443035903463
22784.443035903463
22784.443035903463
22784.443035903463
22784.443035903463
22784.443035903463
22784.443035903463
22659.255036958468
22659.255036958468
22659.255036958468
22659.255036958468
22659.255036958468
22659.255036958468
22659.255036958468
22659.255036958468
22659.255036958468
22659.255036958468
22659.255036958468
22112.18422359149
22112.18422359149
22112.18422359149
22112.18422359149
22112.18422359149
22112.18422359149
22112.18422359149
22112.18422359149
22112.18422359149
22112.18422359149
22112.18422359149
22112.18422359149
22112.18422359149
22112.18422359149
22112.18422359149
22112.18422359149
22112.18422359149
22112.18422359149
22112.18422359149
22112.18422359149
22112.18422359149
22112.18422359149
22112.18422359149
22112.18422359149
22112.18422359149
22112.18422359149
22112.18422359149
22112.18422359149
22112.18422359149
22112.18422359149
22112.18422359149
22112.18422359149
22112.18422359149
22112.18422359149
22112.18422359149
22112.18422359149
22112.18422359149
22112.18422359149
22112.18422359149
22112.18422359149
22112.18422359149
22112.18422359149
22112.18422359149
22112.18422359149
22112.18422359149
22112.18422359149
22112.18422359149
22112.18422359149
22112.18422359149
22112.18422359149
22112.18422359149
22112.18422359149
22112.18422359149
22112.18422359149
22112.18422359149
22112.18422359149
22112.18422359149
22112.18422359149
22112.18422359149
22112.18422359149
22112.18422359149
22112.18422359149
22112.18422359149
22112.18422359149
22112.18422359149
22112.18422359149
22112.18422359149
22112.18422359149
22112.18422359149
22112.18422359149
22112.18422359149
22112.18422359149
22112.18422359149
22112.18422359149
22112.18422359149
21772.415207152495
21772.415207152495
21772.415207152495
21772.415207152495
21772.415207152495
21772.415207152495
21772.415207152495
21772.415207152495
21772.415207152495
21772.415207152495
21772.415207152495
21772.415207152495
21772.415207152495
21772.415207152495
21772.415207152495
21772.415207152495
21772.415207152495
21772.415207152495
21772.415207152495
21772.415207152495
21772.415207152495
21772.415207152495
21772.415207152495
21772.415207152495
21772.415207152495
21772.415207152495
21772.415207152495
21772.415207152495
21772.415207152495
21772.415207152495
21772.415207152495
21772.415207152495
21772.415207152495
21772.415207152495
21772.415207152495
21772.415207152495
21772.415207152495
21772.415207152495
21772.415207152495
21772.415207152495
21772.415207152495
21772.415207152495
21772.415207152495
21772.415207152495
21772.415207152495
21772.415207152495
21772.415207152495
21772.415207152495
21772.415207152495
21772.415207152495
21772.415207152495
21772.415207152495
21772.415207152495
21772.415207152495
21772.415207152495
21772.415207152495
21772.415207152495
21772.415207152495
21772.415207152495
21772.415207152495
21772.415207152495
21772.415207152495
21772.415207152495
21772.415207152495
21772.415207152495
21772.415207152495
21772.415207152495
21772.415207152495
21772.415207152495
21772.415207152495
21772.415207152495
21772.415207152495
21772.415207152495
21772.415207152495
21772.415207152495
21772.415207152495
21772.415207152495
21772.415207152495
21772.415207152495
21772.415207152495
21772.415207152495
21772.415207152495
21772.415207152495
21772.415207152495
21772.415207152495
21772.415207152495
21735.960927618886
21735.960927618886
21735.960927618886
21735.960927618886
21735.960927618886
21735.960927618886
21735.960927618886
21735.960927618886
21735.960927618886
21735.960927618886
21735.960927618886
21659.35922357716
21659.35922357716
21659.35922357716
21633.789496767193
21633.789496767193
21633.789496767193
21633.789496767193
21633.789496767193
21633.789496767193
21633.789496767193
21633.789496767193
21633.789496767193
21633.789496767193
21633.789496767193
21633.789496767193
21633.789496767193
21633.789496767193
21633.789496767193
21633.789496767193
21633.789496767193
21633.789496767193
21633.789496767193
21633.789496767193
21543.880702470597
21543.880702470597
21543.880702470597
21543.880702470597
21543.880702470597
21543.880702470597
21543.880702470597
21543.880702470597
21543.880702470597
21543.880702470597
21543.880702470597
21543.880702470597
21543.880702470597
21543.880702470597
21543.880702470597
21543.880702470597
21543.880702470597
21543.880702470597
21543.880702470597
21543.880702470597
21543.880702470597
21543.880702470597
21543.880702470597
21543.880702470597
21543.880702470597
21543.880702470597
21543.880702470597
21543.880702470597
21543.880702470597
21543.880702470597
21543.880702470597
21543.880702470597
21543.880702470597
21543.880702470597
21543.880702470597
21543.880702470597
21335.69680158176
21335.69680158176
21335.69680158176
21335.69680158176
21335.69680158176
21335.69680158176
21335.69680158176
21335.69680158176
21335.69680158176
21335.69680158176
21335.69680158176
21335.69680158176
21335.69680158176
21335.69680158176
21335.69680158176
21335.69680158176
21335.69680158176
21335.69680158176
21335.69680158176
21335.69680158176
21335.69680158176
21335.69680158176
21335.69680158176
21335.69680158176
21335.69680158176
21335.69680158176
21335.69680158176
21335.69680158176
21335.69680158176
21335.69680158176
21335.69680158176
21335.69680158176
21335.69680158176
21335.69680158176
21335.69680158176
21335.69680158176
21335.69680158176
21335.69680158176
21335.69680158176
21335.69680158176
21335.69680158176
21335.69680158176
21335.69680158176
21335.69680158176
21335.69680158176
21335.69680158176
21335.69680158176
21335.69680158176
21335.69680158176
21335.69680158176
20948.610815264976
20948.610815264976
20410.87164491972
20410.87164491972
20410.87164491972
20410.87164491972
20410.87164491972
20410.87164491972
20410.87164491972
20410.87164491972
20410.87164491972
20410.87164491972
20410.87164491972
20410.87164491972
20410.87164491972
20410.87164491972
20410.87164491972
20410.87164491972
20410.87164491972
20410.87164491972
20410.87164491972
20410.87164491972
20410.87164491972
20410.87164491972
20410.87164491972
20410.87164491972
20410.87164491972
20410.87164491972
20410.87164491972
20410.87164491972
20410.87164491972
20410.87164491972
20410.87164491972
20410.87164491972
20410.87164491972
20410.87164491972
20410.87164491972
20410.87164491972
20410.87164491972
20410.87164491972
20410.87164491972
20410.87164491972
20410.87164491972
20410.87164491972
20410.87164491972
20410.87164491972
20410.87164491972
20410.87164491972
20410.87164491972
20410.87164491972
20410.87164491972
20410.87164491972
20410.87164491972
20410.87164491972
20410.87164491972
20410.87164491972
20410.87164491972
20410.87164491972
20410.87164491972
20410.87164491972
20410.87164491972
20410.87164491972
20410.87164491972
20410.87164491972
20410.87164491972
20410.87164491972
20410.87164491972
20410.87164491972
20410.87164491972
20410.87164491972
20410.87164491972
20410.87164491972
20410.87164491972
20410.87164491972
20410.87164491972
20410.87164491972
20410.87164491972
20410.87164491972
20410.87164491972
20410.87164491972
20410.87164491972
20410.87164491972
20410.87164491972
20410.87164491972
20410.87164491972
20410.87164491972
20410.87164491972
20410.87164491972
20410.87164491972
20410.87164491972
20410.87164491972
20410.87164491972
20410.87164491972
20410.87164491972
20410.87164491972
20410.87164491972
20410.87164491972
20410.87164491972
20410.87164491972
20410.87164491972
20410.87164491972
20410.87164491972
20410.87164491972
20410.87164491972
20410.87164491972
20410.87164491972
20410.87164491972
20410.87164491972
20410.87164491972
20410.87164491972
20410.87164491972
20410.87164491972
20410.87164491972
20410.87164491972
20410.87164491972
20410.87164491972
20410.87164491972
20410.87164491972
20410.87164491972
20410.87164491972
20410.87164491972
20410.87164491972
20410.87164491972
20338.22525108822
20338.22525108822
20338.22525108822
20338.22525108822
20338.22525108822
20338.22525108822
20338.22525108822
20338.22525108822
20338.22525108822
20338.22525108822
20338.22525108822
20338.22525108822
20338.22525108822
20338.22525108822
20338.22525108822
20338.22525108822
20338.22525108822
20338.22525108822
20338.22525108822
20338.22525108822
20338.22525108822
20338.22525108822
20338.22525108822
20338.22525108822
20338.22525108822
20338.22525108822
20338.22525108822
20338.22525108822
20338.22525108822
20338.22525108822
20338.22525108822
20338.22525108822
20338.22525108822
20338.22525108822
20338.22525108822
20338.22525108822
20338.22525108822
20338.22525108822
20338.22525108822
20338.22525108822
20338.22525108822
20338.22525108822
20338.22525108822
20338.22525108822
20338.22525108822
20338.22525108822
20338.22525108822
20149.140874746023
20149.140874746023
20149.140874746023
20149.140874746023
20149.140874746023
20149.140874746023
20149.140874746023
20149.140874746023
20149.140874746023
20149.140874746023
20149.140874746023
20149.140874746023
20149.140874746023
20149.140874746023
20149.140874746023
20149.140874746023
20149.140874746023
20149.140874746023
20149.140874746023
20149.140874746023
20149.140874746023
20149.140874746023
20149.140874746023
20149.140874746023
20149.140874746023
20149.140874746023
20149.140874746023
20149.140874746023
20149.140874746023
20149.140874746023
20149.140874746023
20149.140874746023
20149.140874746023
20149.140874746023
20149.140874746023
20149.140874746023
20149.140874746023
20149.140874746023
20149.140874746023
20149.140874746023
20149.140874746023
20149.140874746023
20149.140874746023
20149.140874746023
20149.140874746023
20149.140874746023
20149.140874746023
20149.140874746023
20149.140874746023
20149.140874746023
20149.140874746023
20149.140874746023
20149.140874746023
20149.140874746023
20149.140874746023
20149.140874746023
20149.140874746023
20098.157624739604
20098.157624739604
20098.157624739604
20098.157624739604
20098.157624739604
20098.157624739604
20098.157624739604
20098.157624739604
20098.157624739604
20098.157624739604
20098.157624739604
20098.157624739604
20098.157624739604
20098.157624739604
20098.157624739604
20098.157624739604
20098.157624739604
20098.157624739604
20098.157624739604
20098.157624739604
20098.157624739604
20098.157624739604
19063.236916432266
19063.236916432266
19063.236916432266
19063.236916432266
19063.236916432266
19063.236916432266
19063.236916432266
19063.236916432266
19063.236916432266
19063.236916432266
19063.236916432266
19063.236916432266
19063.236916432266
19063.236916432266
19063.236916432266
19063.236916432266
19063.236916432266
19063.236916432266
19063.236916432266
19063.236916432266
19063.236916432266
19063.236916432266
19063.236916432266
19063.236916432266
19063.236916432266
19063.236916432266
19063.236916432266
19063.236916432266
19063.236916432266
19063.236916432266
19063.236916432266
19063.236916432266
19063.236916432266
19063.236916432266
19063.236916432266
19063.236916432266
19063.236916432266
19063.236916432266
19063.236916432266
19063.236916432266
19063.236916432266
19063.236916432266
19063.236916432266
19063.236916432266
19063.236916432266
19063.236916432266
19063.236916432266
19063.236916432266
19063.236916432266
19063.236916432266
19063.236916432266
19063.236916432266
19063.236916432266
19063.236916432266
19063.236916432266
19063.236916432266
19063.236916432266
19063.236916432266
19063.236916432266
19063.236916432266
19063.236916432266
19063.236916432266
19063.236916432266
19063.236916432266
19063.236916432266
19063.236916432266
19063.236916432266
19063.236916432266
19063.236916432266
19063.236916432266
19063.236916432266
19063.236916432266
19063.236916432266
19063.236916432266
19063.236916432266
19063.236916432266
19063.236916432266
19063.236916432266
19063.236916432266
19063.236916432266
19063.236916432266
19063.236916432266
19063.236916432266
19063.236916432266
19063.236916432266
19063.236916432266
19063.236916432266
19063.236916432266
19063.236916432266
19063.236916432266
19063.236916432266
19063.236916432266
18953.12271998715
18953.12271998715
18953.12271998715
18953.12271998715
18953.12271998715
18953.12271998715
18953.12271998715
18953.12271998715
18953.12271998715
18953.12271998715
18953.12271998715
18953.12271998715
18953.12271998715
18953.12271998715
18953.12271998715
18953.12271998715
18953.12271998715
18953.12271998715
18953.12271998715
18953.12271998715
18953.12271998715
18953.12271998715
18953.12271998715
18953.12271998715
18953.12271998715
18953.12271998715
18953.12271998715
18953.12271998715
18953.12271998715
18953.12271998715
18953.12271998715
18953.12271998715
18953.12271998715
18953.12271998715
18953.12271998715
18953.12271998715
18953.12271998715
18953.12271998715
18953.12271998715
18953.12271998715
18953.12271998715
18953.12271998715
18953.12271998715
18953.12271998715
18953.12271998715
18953.12271998715
18953.12271998715
18953.12271998715
18953.12271998715
18953.12271998715
18953.12271998715
18953.12271998715
18953.12271998715
18953.12271998715
18953.12271998715
18953.12271998715
18953.12271998715
18953.12271998715
18953.12271998715
18953.12271998715
18953.12271998715
18953.12271998715
18953.12271998715
18953.12271998715
18953.12271998715
18953.12271998715
18953.12271998715
18953.12271998715
18953.12271998715
18953.12271998715
18953.12271998715
18953.12271998715
18953.12271998715
18953.12271998715
18953.12271998715
18953.12271998715
18953.12271998715
18953.12271998715
18953.12271998715
18953.12271998715
18953.12271998715
18953.12271998715
18953.12271998715
18953.12271998715
18953.12271998715
18953.12271998715
18953.12271998715
18953.12271998715
18953.12271998715
18953.12271998715
18953.12271998715
18953.12271998715
18953.12271998715
18953.12271998715
18953.12271998715
18953.12271998715
18953.12271998715
18953.12271998715
18953.12271998715
18953.12271998715
18953.12271998715
18953.12271998715
18953.12271998715
18953.12271998715
18953.12271998715
18953.12271998715
18953.12271998715
18953.12271998715
18953.12271998715
18953.12271998715
18953.12271998715
18953.12271998715
18953.12271998715
18953.12271998715
18953.12271998715
18953.12271998715
18953.12271998715
18953.12271998715
18953.12271998715
18953.12271998715
18953.12271998715
18953.12271998715
18953.12271998715
18953.12271998715
18953.12271998715
18953.12271998715
18953.12271998715
18953.12271998715
18953.12271998715
18953.12271998715
18953.12271998715
18953.12271998715
18953.12271998715
18953.12271998715
18953.12271998715
18953.12271998715
18953.12271998715
18953.12271998715
18953.12271998715
18953.12271998715
18953.12271998715
18953.12271998715
18953.12271998715
18953.12271998715
18953.12271998715
18953.12271998715
18953.12271998715
18953.12271998715
18953.12271998715
18953.12271998715
18953.12271998715
18953.12271998715
18953.12271998715
18953.12271998715
18953.12271998715
18953.12271998715
18953.12271998715
18953.12271998715
18953.12271998715
18953.12271998715
18953.12271998715
18953.12271998715
18953.12271998715
18953.12271998715
18953.12271998715
18953.12271998715
18953.12271998715
18953.12271998715
18953.12271998715
18953.12271998715
18953.12271998715
18953.12271998715
18953.12271998715
18953.12271998715
18953.12271998715
18953.12271998715
18953.12271998715
18953.12271998715
18953.12271998715
18953.12271998715
18953.12271998715
18953.12271998715
18953.12271998715
18953.12271998715
18953.12271998715
18953.12271998715
18953.12271998715
18953.12271998715
18953.12271998715
18953.12271998715
18953.12271998715
18953.12271998715
18953.12271998715
18953.12271998715
Time: 159.12421941757202 seconds 
Best solution: 18953.12271998715 [27, 24, 19, 17, 9, 8, 3, 2, 1, 11, 7, 6, 10, 12, 103, 15, 29, 20, 33, 21, 22, 32, 31, 28, 23, 30, 104, 40, 49, 45, 50, 56, 55, 57, 105, 59, 64, 70, 81, 75, 74, 69, 76, 73, 79, 72, 71, 67, 68, 84, 86, 80, 77, 78, 82, 83, 85, 92, 91, 97, 102, 101, 96, 93, 98, 99, 89, 90, 95, 100, 94, 88, 87, 66, 65, 61, 60, 63, 62, 58, 48, 54, 51, 53, 52, 46, 42, 43, 47, 44, 41, 37, 36, 39, 38, 34, 35, 13, 14, 4, 5, 25, 26, 18, 16]
Avg solution: 31314.910695821614