Alg:1, Run: 3, file: C:\Users\gabri\Documents\AN 3 SEM 2\AI\Lab\Lab3\\lin105.tsp, population number: 1000, generations: 2500 
103565.25157201751
103565.25157201751
103565.25157201751
103314.69379528635
102396.84660149961
99870.59858911888
98925.4024159193
96361.2195138813
95981.05465890448
95981.05465890448
95890.53883047233
95890.53883047233
94006.8480194261
94006.8480194261
92781.39803780268
89403.71923291069
89403.71923291069
89403.71923291069
89403.71923291069
89403.71923291069
89370.6840464491
83724.74792330696
83724.74792330696
83724.74792330696
83724.74792330696
83724.74792330696
83724.74792330696
83724.74792330696
83724.74792330696
83724.74792330696
83724.74792330696
83724.74792330696
83724.74792330696
83724.74792330696
83198.41772543138
83198.41772543138
83198.41772543138
83198.41772543138
83198.41772543138
83198.41772543138
82313.59610771202
82313.59610771202
82313.59610771202
81103.61675853505
81103.61675853505
81103.61675853505
80999.0789265329
80496.14918205941
80496.14918205941
80297.77151213342
78351.0274588577
78351.0274588577
78351.0274588577
78351.0274588577
78351.0274588577
78351.0274588577
77938.8347901889
76591.1600066639
76591.1600066639
76591.1600066639
76591.1600066639
76591.1600066639
76591.1600066639
75867.31145559326
75867.31145559326
75867.31145559326
75867.31145559326
75867.31145559326
75867.31145559326
75867.31145559326
75867.31145559326
75867.31145559326
75867.31145559326
72166.11754984719
72166.11754984719
72166.11754984719
71851.52794487307
71851.52794487307
71851.52794487307
71851.52794487307
71851.52794487307
71851.52794487307
71851.52794487307
70579.53664074787
70579.53664074787
70579.53664074787
70579.53664074787
70579.53664074787
70579.53664074787
70579.53664074787
70579.53664074787
70579.53664074787
70579.53664074787
70579.53664074787
70579.53664074787
70579.53664074787
70579.53664074787
70579.53664074787
70579.53664074787
69863.87705110217
69863.87705110217
69863.87705110217
69863.87705110217
69863.87705110217
69863.87705110217
66833.62601378938
66833.62601378938
66833.62601378938
66833.62601378938
66833.62601378938
66833.62601378938
66833.62601378938
66833.62601378938
66833.62601378938
66833.62601378938
66833.62601378938
66833.62601378938
66833.62601378938
66833.62601378938
66833.62601378938
65852.28550792942
65505.49508678453
65505.49508678453
65505.49508678453
65505.49508678453
65505.49508678453
65505.49508678453
65505.49508678453
65505.49508678453
65505.49508678453
65505.49508678453
65505.49508678453
65505.49508678453
65505.49508678453
65505.49508678453
65505.49508678453
65147.09136448629
65147.09136448629
65147.09136448629
63585.620814210815
63585.620814210815
63585.620814210815
63585.620814210815
63585.620814210815
63585.620814210815
63585.620814210815
63585.620814210815
63585.620814210815
63585.620814210815
63585.620814210815
63310.208311940165
63310.208311940165
63310.208311940165
62329.47689442806
62329.47689442806
62329.47689442806
62329.47689442806
62329.47689442806
62329.47689442806
62329.47689442806
62329.47689442806
62329.47689442806
62329.47689442806
62329.47689442806
62329.47689442806
62329.47689442806
60698.491221436096
60698.491221436096
59873.78612974446
59873.78612974446
59873.78612974446
59873.78612974446
59873.78612974446
59873.78612974446
57258.806425468756
57258.806425468756
57258.806425468756
57258.806425468756
57258.806425468756
57258.806425468756
57258.806425468756
57258.806425468756
57258.806425468756
57258.806425468756
57258.806425468756
57258.806425468756
57258.806425468756
57258.806425468756
57258.806425468756
57258.806425468756
57258.806425468756
57258.806425468756
57258.806425468756
57258.806425468756
57258.806425468756
57258.806425468756
57258.806425468756
57258.806425468756
57258.806425468756
57258.806425468756
57258.806425468756
57258.806425468756
57258.806425468756
57258.806425468756
57258.806425468756
57258.806425468756
57258.806425468756
57258.806425468756
57258.806425468756
56449.240006454194
56449.240006454194
56449.240006454194
56449.240006454194
56449.240006454194
56449.240006454194
56449.240006454194
56430.95485284506
56430.95485284506
56430.95485284506
56430.95485284506
56430.95485284506
56430.95485284506
56430.95485284506
56430.95485284506
56430.95485284506
56187.73657009438
56187.73657009438
56142.842625026664
56142.842625026664
55019.28963106264
55019.28963106264
55019.28963106264
55019.28963106264
54585.51176251858
54585.51176251858
54585.51176251858
54585.51176251858
54585.51176251858
53785.57732875431
53785.57732875431
53785.57732875431
53785.57732875431
53785.57732875431
52866.71618416918
52866.71618416918
52866.71618416918
52866.71618416918
52866.71618416918
52866.71618416918
52866.71618416918
52866.71618416918
52866.71618416918
52866.71618416918
52866.71618416918
52866.71618416918
52866.71618416918
52866.71618416918
52866.71618416918
52866.71618416918
52866.71618416918
52866.71618416918
51759.50739167314
51759.50739167314
51759.50739167314
51759.50739167314
51759.50739167314
51759.50739167314
51759.50739167314
51759.50739167314
51759.50739167314
51759.50739167314
51759.50739167314
51759.50739167314
51759.50739167314
51715.356165383404
51715.356165383404
51715.356165383404
51715.356165383404
51715.356165383404
51715.356165383404
51715.356165383404
51715.356165383404
51715.356165383404
51715.356165383404
51715.356165383404
48713.258649443356
48713.258649443356
48713.258649443356
48713.258649443356
48713.258649443356
48713.258649443356
48713.258649443356
48713.258649443356
48713.258649443356
48713.258649443356
48713.258649443356
48713.258649443356
48713.258649443356
48713.258649443356
48713.258649443356
48713.258649443356
48713.258649443356
48713.258649443356
48713.258649443356
48713.258649443356
48713.258649443356
48713.258649443356
48713.258649443356
48713.258649443356
48713.258649443356
48713.258649443356
48713.258649443356
48713.258649443356
48713.258649443356
48713.258649443356
48639.60889724649
48639.60889724649
48639.60889724649
48639.60889724649
48639.60889724649
48639.60889724649
48032.232508883644
48032.232508883644
48032.232508883644
48032.232508883644
48032.232508883644
48032.232508883644
48032.232508883644
48032.232508883644
48032.232508883644
48032.232508883644
48032.232508883644
48032.232508883644
48032.232508883644
48032.232508883644
48032.232508883644
48032.232508883644
48032.232508883644
48032.232508883644
48032.232508883644
48032.232508883644
47094.85405362769
47094.85405362769
47094.85405362769
47094.85405362769
47094.85405362769
47094.85405362769
47094.85405362769
47094.85405362769
47094.85405362769
47094.85405362769
47094.85405362769
47094.85405362769
47094.85405362769
47094.85405362769
46833.77367941294
46833.77367941294
46833.77367941294
46833.77367941294
46833.77367941294
46833.77367941294
46833.77367941294
46833.77367941294
46833.77367941294
46833.77367941294
46833.77367941294
46833.77367941294
46833.77367941294
46815.15608324674
46815.15608324674
46815.15608324674
46815.15608324674
46666.426567846625
46666.426567846625
46666.426567846625
46666.426567846625
46666.426567846625
46666.426567846625
46666.426567846625
46666.426567846625
46666.426567846625
46666.426567846625
46070.92602508461
46070.92602508461
46070.92602508461
46070.92602508461
46070.92602508461
45932.72376005683
45932.72376005683
45932.72376005683
45073.11418651848
45073.11418651848
45073.11418651848
45073.11418651848
45073.11418651848
45073.11418651848
45073.11418651848
45073.11418651848
44514.419512901935
44514.419512901935
44514.419512901935
44514.419512901935
44514.419512901935
44514.419512901935
44514.419512901935
44514.419512901935
44514.419512901935
44514.419512901935
43867.34669043324
43867.34669043324
43867.34669043324
43867.34669043324
43867.34669043324
43867.34669043324
43867.34669043324
43867.34669043324
43867.34669043324
43867.34669043324
43867.34669043324
43867.34669043324
43867.34669043324
43867.34669043324
43546.85756618758
43546.85756618758
43546.85756618758
43546.85756618758
43546.85756618758
43546.85756618758
43546.85756618758
43546.85756618758
43546.85756618758
43546.85756618758
43546.85756618758
43546.85756618758
43546.85756618758
43546.85756618758
43382.70582596365
43382.70582596365
43382.70582596365
43382.70582596365
43382.70582596365
43151.91268138596
43151.91268138596
43151.91268138596
43151.91268138596
41578.06749814342
41578.06749814342
41578.06749814342
41578.06749814342
41578.06749814342
41578.06749814342
41578.06749814342
41578.06749814342
41578.06749814342
41578.06749814342
41578.06749814342
41578.06749814342
41578.06749814342
41578.06749814342
41578.06749814342
39528.351117533915
39528.351117533915
39528.351117533915
39528.351117533915
39528.351117533915
39528.351117533915
39528.351117533915
39528.351117533915
39528.351117533915
39528.351117533915
39528.351117533915
39528.351117533915
39528.351117533915
39528.351117533915
39528.351117533915
39528.351117533915
39528.351117533915
39528.351117533915
39528.351117533915
39528.351117533915
39528.351117533915
39528.351117533915
39528.351117533915
39528.351117533915
39528.351117533915
39528.351117533915
39528.351117533915
39528.351117533915
39528.351117533915
39528.351117533915
39528.351117533915
39528.351117533915
39528.351117533915
39528.351117533915
39528.351117533915
39528.351117533915
39528.351117533915
39528.351117533915
39528.351117533915
39528.351117533915
39528.351117533915
39528.351117533915
39528.351117533915
39528.351117533915
39528.351117533915
39528.351117533915
39528.351117533915
39528.351117533915
39528.351117533915
39528.351117533915
39528.351117533915
39528.351117533915
39528.351117533915
39528.351117533915
39528.351117533915
39528.351117533915
39528.351117533915
39528.351117533915
39528.351117533915
39528.351117533915
39528.351117533915
39528.351117533915
39528.351117533915
39528.351117533915
39528.351117533915
39528.351117533915
39528.351117533915
39528.351117533915
39528.351117533915
39528.351117533915
39528.351117533915
39528.351117533915
39528.351117533915
39159.54623436775
39159.54623436775
39159.54623436775
39159.54623436775
39159.54623436775
39159.54623436775
39159.54623436775
39159.54623436775
39159.54623436775
39159.54623436775
39159.54623436775
39159.54623436775
39159.54623436775
39159.54623436775
39159.54623436775
39159.54623436775
39159.54623436775
39159.54623436775
39159.54623436775
39159.54623436775
39159.54623436775
39159.54623436775
39159.54623436775
39159.54623436775
39159.54623436775
39159.54623436775
39159.54623436775
39159.54623436775
39159.54623436775
39159.54623436775
39159.54623436775
39159.54623436775
39159.54623436775
39159.54623436775
39159.54623436775
39159.54623436775
39159.54623436775
39159.54623436775
38035.09266837711
38035.09266837711
38035.09266837711
38035.09266837711
38035.09266837711
38035.09266837711
38035.09266837711
38035.09266837711
38035.09266837711
38035.09266837711
38035.09266837711
38035.09266837711
38035.09266837711
38035.09266837711
38035.09266837711
38035.09266837711
38035.09266837711
38035.09266837711
38035.09266837711
38035.09266837711
38035.09266837711
38035.09266837711
38035.09266837711
38035.09266837711
38035.09266837711
38035.09266837711
38035.09266837711
38035.09266837711
38035.09266837711
38035.09266837711
38035.09266837711
38035.09266837711
38035.09266837711
38035.09266837711
38035.09266837711
38035.09266837711
38035.09266837711
38035.09266837711
38035.09266837711
38035.09266837711
38035.09266837711
38035.09266837711
38035.09266837711
38035.09266837711
38035.09266837711
38035.09266837711
37105.184817928566
37105.184817928566
37105.184817928566
37105.184817928566
37105.184817928566
37105.184817928566
37105.184817928566
37105.184817928566
37105.184817928566
37105.184817928566
37105.184817928566
37105.184817928566
37105.184817928566
36888.072653543575
36888.072653543575
36888.072653543575
36888.072653543575
36888.072653543575
36888.072653543575
36888.072653543575
36888.072653543575
36888.072653543575
36888.072653543575
36888.072653543575
36888.072653543575
36888.072653543575
36888.072653543575
36888.072653543575
36888.072653543575
36888.072653543575
36739.861303384096
36739.861303384096
36739.861303384096
36739.861303384096
36739.861303384096
36739.861303384096
36739.861303384096
36739.861303384096
36739.861303384096
36739.861303384096
35396.70805650409
35396.70805650409
35396.70805650409
35396.70805650409
35396.70805650409
35396.70805650409
35396.70805650409
35396.70805650409
35396.70805650409
35396.70805650409
35396.70805650409
35396.70805650409
35396.70805650409
35396.70805650409
35396.70805650409
35396.70805650409
35396.70805650409
35396.70805650409
35396.70805650409
35396.70805650409
35396.70805650409
35396.70805650409
35396.70805650409
35396.70805650409
35396.70805650409
35396.70805650409
35396.70805650409
35396.70805650409
35396.70805650409
35396.70805650409
35396.70805650409
35396.70805650409
35396.70805650409
35396.70805650409
35396.70805650409
35396.70805650409
35396.70805650409
35396.70805650409
35396.70805650409
35396.70805650409
35396.70805650409
35396.70805650409
35396.70805650409
35396.70805650409
35396.70805650409
35396.70805650409
35396.70805650409
35396.70805650409
35396.70805650409
35396.70805650409
35396.70805650409
35352.34596091957
34764.397009936314
34764.397009936314
34764.397009936314
34764.397009936314
34764.397009936314
34764.397009936314
34764.397009936314
34764.397009936314
34764.397009936314
34764.397009936314
34764.397009936314
34764.397009936314
34764.397009936314
34764.397009936314
34764.397009936314
34764.397009936314
34764.397009936314
34764.397009936314
34764.397009936314
34764.397009936314
34764.397009936314
34764.397009936314
34550.851750546004
34550.851750546004
34550.851750546004
34550.851750546004
34550.851750546004
34550.851750546004
34550.851750546004
34550.851750546004
34550.851750546004
34550.851750546004
34550.851750546004
34550.851750546004
34550.851750546004
34550.851750546004
34550.851750546004
34550.851750546004
34550.851750546004
34550.851750546004
34550.851750546004
34364.47066200698
34364.47066200698
33445.68353880445
33445.68353880445
33445.68353880445
33445.68353880445
33445.68353880445
33445.68353880445
33445.68353880445
33445.68353880445
33445.68353880445
33445.68353880445
33445.68353880445
33445.68353880445
33445.68353880445
33445.68353880445
33445.68353880445
33445.68353880445
33445.68353880445
33445.68353880445
33445.68353880445
33445.68353880445
33445.68353880445
33445.68353880445
33445.68353880445
33445.68353880445
33445.68353880445
33445.68353880445
33445.68353880445
33445.68353880445
33445.68353880445
33445.68353880445
33445.68353880445
33445.68353880445
33445.68353880445
33445.68353880445
33445.68353880445
33445.68353880445
33445.68353880445
33445.68353880445
33445.68353880445
33445.68353880445
33445.68353880445
33445.68353880445
33445.68353880445
33445.68353880445
33445.68353880445
33445.68353880445
33445.68353880445
33445.68353880445
33445.68353880445
33445.68353880445
33445.68353880445
33445.68353880445
33445.68353880445
33445.68353880445
33445.68353880445
33445.68353880445
33445.68353880445
33445.68353880445
33445.68353880445
33445.68353880445
33445.68353880445
33445.68353880445
33181.41586380449
33181.41586380449
33181.41586380449
33181.41586380449
33181.41586380449
33181.41586380449
33181.41586380449
33181.41586380449
33181.41586380449
33181.41586380449
32783.852231600715
32783.852231600715
32783.852231600715
32783.852231600715
32783.852231600715
32783.852231600715
32783.852231600715
32783.852231600715
32783.852231600715
32783.852231600715
32783.852231600715
32783.852231600715
32783.852231600715
32783.852231600715
32783.852231600715
32783.852231600715
32783.852231600715
32783.852231600715
32783.852231600715
32783.852231600715
32783.852231600715
32783.852231600715
32783.852231600715
32783.852231600715
32783.852231600715
32783.852231600715
32783.852231600715
32783.852231600715
32783.852231600715
32783.852231600715
32783.852231600715
32783.852231600715
32783.852231600715
32783.852231600715
32780.2788064123
32780.2788064123
32780.2788064123
32780.2788064123
32780.2788064123
32780.2788064123
32780.2788064123
32780.2788064123
32780.2788064123
32780.2788064123
32780.2788064123
32780.2788064123
32780.2788064123
32780.2788064123
32780.2788064123
32780.2788064123
32780.2788064123
32780.2788064123
32780.2788064123
32780.2788064123
32780.2788064123
32780.2788064123
32780.2788064123
32780.2788064123
32780.2788064123
32780.2788064123
32780.2788064123
32780.2788064123
32780.2788064123
32780.2788064123
32780.2788064123
32022.391639603804
32022.391639603804
32022.391639603804
32022.391639603804
32022.391639603804
32022.391639603804
32022.391639603804
32022.391639603804
32022.391639603804
32022.391639603804
32022.391639603804
32022.391639603804
32022.391639603804
32022.391639603804
31821.132243591404
31821.132243591404
31821.132243591404
31821.132243591404
31821.132243591404
31821.132243591404
31821.132243591404
31821.132243591404
31821.132243591404
31821.132243591404
31821.132243591404
31821.132243591404
31821.132243591404
31821.132243591404
31821.132243591404
31821.132243591404
31821.132243591404
30267.87743858403
30267.87743858403
30267.87743858403
30267.87743858403
30267.87743858403
30267.87743858403
30267.87743858403
30267.87743858403
30267.87743858403
30267.87743858403
30267.87743858403
30267.87743858403
30267.87743858403
30267.87743858403
30267.87743858403
30267.87743858403
30267.87743858403
30267.87743858403
30267.87743858403
30267.87743858403
30267.87743858403
30267.87743858403
30267.87743858403
30267.87743858403
30267.87743858403
30267.87743858403
30267.87743858403
30267.87743858403
30267.87743858403
30267.87743858403
30267.87743858403
30267.87743858403
30267.87743858403
30267.87743858403
30267.87743858403
30267.87743858403
30267.87743858403
30267.87743858403
30267.87743858403
30267.87743858403
30267.87743858403
30267.87743858403
30267.87743858403
30267.87743858403
30267.87743858403
30267.87743858403
30267.87743858403
30267.87743858403
30267.87743858403
30267.87743858403
30267.87743858403
30267.87743858403
30267.87743858403
30267.87743858403
30267.87743858403
30267.87743858403
30267.87743858403
30267.87743858403
30267.87743858403
30267.87743858403
30267.87743858403
30267.87743858403
30267.87743858403
30267.87743858403
30267.87743858403
30267.87743858403
30267.87743858403
30267.87743858403
30267.87743858403
30267.87743858403
30267.87743858403
29539.65672162932
29539.65672162932
29539.65672162932
29539.65672162932
29539.65672162932
29539.65672162932
29539.65672162932
29539.65672162932
29539.65672162932
29539.65672162932
29539.65672162932
29539.65672162932
29539.65672162932
29539.65672162932
29539.65672162932
29539.65672162932
29539.65672162932
29539.65672162932
29539.65672162932
29539.65672162932
29539.65672162932
29539.65672162932
29539.65672162932
29539.65672162932
29539.65672162932
29539.65672162932
29539.65672162932
29539.65672162932
29539.65672162932
29539.65672162932
29539.65672162932
29539.65672162932
29539.65672162932
29539.65672162932
29539.65672162932
29539.65672162932
29539.65672162932
29539.65672162932
29539.65672162932
29539.65672162932
29539.65672162932
29539.65672162932
29539.65672162932
29539.65672162932
29539.65672162932
29539.65672162932
29539.65672162932
29539.65672162932
29539.65672162932
29539.65672162932
29539.65672162932
29539.65672162932
29539.65672162932
29539.65672162932
29539.65672162932
29539.65672162932
29539.65672162932
29539.65672162932
29463.282324931475
29463.282324931475
29463.282324931475
29463.282324931475
29463.282324931475
29463.282324931475
29463.282324931475
29463.282324931475
29463.282324931475
29463.282324931475
29463.282324931475
29449.94616725587
29449.94616725587
29449.94616725587
29449.94616725587
29449.94616725587
29449.94616725587
29449.94616725587
29449.94616725587
29449.94616725587
29449.94616725587
29449.94616725587
29449.94616725587
29449.94616725587
29449.94616725587
29449.94616725587
29449.94616725587
29449.94616725587
29449.94616725587
29449.94616725587
29449.94616725587
29449.94616725587
29449.94616725587
29449.94616725587
29449.94616725587
29449.94616725587
29449.94616725587
29449.94616725587
29449.94616725587
29449.94616725587
29449.94616725587
29449.94616725587
29449.94616725587
29449.94616725587
29449.94616725587
29449.94616725587
29449.94616725587
29449.94616725587
29449.94616725587
29449.94616725587
29449.94616725587
29449.94616725587
29449.94616725587
29449.94616725587
29449.94616725587
29449.94616725587
29449.94616725587
29449.94616725587
29449.94616725587
29449.94616725587
29419.741912531503
29419.741912531503
29419.741912531503
29419.741912531503
29419.741912531503
29419.741912531503
29419.741912531503
29419.741912531503
29419.741912531503
29419.741912531503
29419.741912531503
29351.826075958605
29351.826075958605
29351.826075958605
29351.826075958605
29351.826075958605
29351.826075958605
29351.826075958605
29351.826075958605
29351.826075958605
29351.826075958605
29351.826075958605
29351.826075958605
29351.826075958605
29351.826075958605
29351.826075958605
29351.826075958605
29351.826075958605
29351.826075958605
29351.826075958605
29351.826075958605
29351.826075958605
29351.826075958605
29351.826075958605
29351.826075958605
29351.826075958605
29351.826075958605
29351.826075958605
29351.826075958605
29351.826075958605
29351.826075958605
29351.826075958605
29351.826075958605
29351.826075958605
29351.826075958605
28968.929267739444
28826.262471674698
28826.262471674698
28826.262471674698
28826.262471674698
28826.262471674698
28826.262471674698
28826.262471674698
28370.052514599876
28370.052514599876
28370.052514599876
28370.052514599876
28370.052514599876
28370.052514599876
28370.052514599876
28370.052514599876
28370.052514599876
28370.052514599876
28370.052514599876
28370.052514599876
28370.052514599876
28370.052514599876
28370.052514599876
28370.052514599876
28370.052514599876
28370.052514599876
28370.052514599876
28370.052514599876
28370.052514599876
28370.052514599876
28370.052514599876
28370.052514599876
28370.052514599876
28370.052514599876
28370.052514599876
28370.052514599876
28370.052514599876
28370.052514599876
28370.052514599876
28370.052514599876
28370.052514599876
28370.052514599876
28370.052514599876
28370.052514599876
28370.052514599876
28370.052514599876
28370.052514599876
28370.052514599876
28370.052514599876
28370.052514599876
28370.052514599876
28370.052514599876
28370.052514599876
28370.052514599876
28370.052514599876
28370.052514599876
28370.052514599876
28370.052514599876
28370.052514599876
28370.052514599876
28370.052514599876
28370.052514599876
28370.052514599876
27857.62356955046
27857.62356955046
27857.62356955046
27857.62356955046
27857.62356955046
27857.62356955046
27857.62356955046
27857.62356955046
27857.62356955046
27857.62356955046
27857.62356955046
27857.62356955046
27857.62356955046
27857.62356955046
27857.62356955046
27857.62356955046
27857.62356955046
27857.62356955046
27857.62356955046
27857.62356955046
27857.62356955046
27857.62356955046
27857.62356955046
27857.62356955046
27857.62356955046
27857.62356955046
27857.62356955046
27857.62356955046
27857.62356955046
27857.62356955046
27857.62356955046
27857.62356955046
27857.62356955046
27857.62356955046
27857.62356955046
27857.62356955046
27857.62356955046
27857.62356955046
27055.473668696774
27055.473668696774
27055.473668696774
27055.473668696774
27055.473668696774
27055.473668696774
27055.473668696774
27055.473668696774
27055.473668696774
27055.473668696774
27055.473668696774
27055.473668696774
27055.473668696774
27055.473668696774
27055.473668696774
27055.473668696774
27055.473668696774
27055.473668696774
27055.473668696774
27055.473668696774
27055.473668696774
27055.473668696774
27055.473668696774
27055.473668696774
27055.473668696774
27055.473668696774
27055.473668696774
27055.473668696774
27055.473668696774
27055.473668696774
27055.473668696774
27055.473668696774
27055.473668696774
27055.473668696774
27055.473668696774
27055.473668696774
27055.473668696774
27055.473668696774
27055.473668696774
27055.473668696774
27055.473668696774
27055.473668696774
27055.473668696774
27055.473668696774
27055.473668696774
27055.473668696774
27055.473668696774
27055.473668696774
27055.473668696774
27055.473668696774
27055.473668696774
27055.473668696774
27055.473668696774
27055.473668696774
27055.473668696774
27055.473668696774
27055.473668696774
27055.473668696774
27055.473668696774
27055.473668696774
27055.473668696774
27055.473668696774
27055.473668696774
27055.473668696774
27055.473668696774
27055.473668696774
27055.473668696774
27055.473668696774
27055.473668696774
27055.473668696774
27055.473668696774
27055.473668696774
27055.473668696774
27055.473668696774
27055.473668696774
27055.473668696774
27055.473668696774
27055.473668696774
27055.473668696774
27055.473668696774
27055.473668696774
27055.473668696774
27055.473668696774
27055.473668696774
27055.473668696774
27055.473668696774
27055.473668696774
27055.473668696774
27055.473668696774
27055.473668696774
27055.473668696774
27055.473668696774
27055.473668696774
27055.473668696774
27055.473668696774
27055.473668696774
27055.473668696774
27055.473668696774
27055.473668696774
27055.473668696774
27055.473668696774
27055.473668696774
27055.473668696774
27055.473668696774
27055.473668696774
27055.473668696774
27055.473668696774
27055.473668696774
27055.473668696774
27055.473668696774
27055.473668696774
27055.473668696774
27055.473668696774
27055.473668696774
27055.473668696774
27055.473668696774
27055.473668696774
27055.473668696774
27055.473668696774
27055.473668696774
27055.473668696774
27055.473668696774
27055.473668696774
27055.473668696774
27055.473668696774
27055.473668696774
27055.473668696774
27055.473668696774
27055.473668696774
27055.473668696774
27055.473668696774
27055.473668696774
27055.473668696774
27055.473668696774
27055.473668696774
27055.473668696774
27055.473668696774
27055.473668696774
27055.473668696774
27055.473668696774
27055.473668696774
27055.473668696774
27055.473668696774
27055.473668696774
27055.473668696774
27055.473668696774
27055.473668696774
27055.473668696774
27055.473668696774
27055.473668696774
27055.473668696774
27055.473668696774
27055.473668696774
27055.473668696774
27055.473668696774
27055.473668696774
27055.473668696774
27043.68203334832
27043.68203334832
27043.68203334832
27043.68203334832
27043.68203334832
27043.68203334832
27043.68203334832
27043.68203334832
27043.68203334832
27043.68203334832
27043.68203334832
27043.68203334832
27043.68203334832
27043.68203334832
27043.68203334832
27043.68203334832
27043.68203334832
27043.68203334832
27043.68203334832
27043.68203334832
27043.68203334832
27043.68203334832
27043.68203334832
27043.68203334832
27043.68203334832
27043.68203334832
27043.68203334832
27043.68203334832
27043.68203334832
26824.24175881693
26824.24175881693
26824.24175881693
26824.24175881693
26824.24175881693
26824.24175881693
26824.24175881693
26824.24175881693
26824.24175881693
26824.24175881693
26824.24175881693
26824.24175881693
26824.24175881693
26824.24175881693
26824.24175881693
26824.24175881693
26824.24175881693
26824.24175881693
26824.24175881693
26824.24175881693
26824.24175881693
26824.24175881693
26824.24175881693
26824.24175881693
26824.24175881693
26824.24175881693
26824.24175881693
26824.24175881693
26824.24175881693
26824.24175881693
26824.24175881693
26824.24175881693
26824.24175881693
26824.24175881693
26824.24175881693
26824.24175881693
26824.24175881693
26824.24175881693
26824.24175881693
26824.24175881693
26824.24175881693
26824.24175881693
26824.24175881693
26824.24175881693
26824.24175881693
26824.24175881693
26824.24175881693
26824.24175881693
26824.24175881693
26824.24175881693
26824.24175881693
26824.24175881693
26824.24175881693
26739.87355261028
26739.87355261028
26739.87355261028
26739.87355261028
26739.87355261028
26739.87355261028
26739.87355261028
26739.87355261028
26739.87355261028
26739.87355261028
26739.87355261028
26739.87355261028
26739.87355261028
26739.87355261028
26739.87355261028
26739.87355261028
26739.87355261028
26739.87355261028
26739.87355261028
26739.87355261028
26739.87355261028
26739.87355261028
26739.87355261028
26739.87355261028
26739.87355261028
26739.87355261028
26739.87355261028
26739.87355261028
26739.87355261028
26126.571395560106
26126.571395560106
26126.571395560106
26126.571395560106
26126.571395560106
26126.571395560106
26126.571395560106
26126.571395560106
26126.571395560106
26126.571395560106
26126.571395560106
26126.571395560106
26126.571395560106
26126.571395560106
26126.571395560106
26126.571395560106
26126.571395560106
26126.571395560106
26126.571395560106
26126.571395560106
26126.571395560106
26126.571395560106
26126.571395560106
26126.571395560106
26126.571395560106
25336.67767938504
25336.67767938504
25336.67767938504
25336.67767938504
25336.67767938504
25336.67767938504
25336.67767938504
25336.67767938504
25336.67767938504
25336.67767938504
25336.67767938504
25336.67767938504
25336.67767938504
25336.67767938504
25336.67767938504
25336.67767938504
25336.67767938504
25336.67767938504
25336.67767938504
25336.67767938504
25336.67767938504
25336.67767938504
25336.67767938504
25336.67767938504
25336.67767938504
25336.67767938504
25336.67767938504
25336.67767938504
25336.67767938504
25336.67767938504
25336.67767938504
25336.67767938504
25336.67767938504
25336.67767938504
25336.67767938504
25336.67767938504
25336.67767938504
25336.67767938504
24911.01557788521
24911.01557788521
24911.01557788521
24911.01557788521
24911.01557788521
24911.01557788521
24911.01557788521
24911.01557788521
24911.01557788521
24911.01557788521
24911.01557788521
24911.01557788521
24911.01557788521
24911.01557788521
24911.01557788521
24911.01557788521
24911.01557788521
24911.01557788521
24911.01557788521
24911.01557788521
24911.01557788521
24911.01557788521
24911.01557788521
24911.01557788521
24911.01557788521
24911.01557788521
24911.01557788521
24911.01557788521
24911.01557788521
24911.01557788521
24911.01557788521
24911.01557788521
24911.01557788521
24911.01557788521
24911.01557788521
24911.01557788521
24911.01557788521
24911.01557788521
24911.01557788521
24911.01557788521
24911.01557788521
24911.01557788521
24911.01557788521
24911.01557788521
24911.01557788521
24911.01557788521
24911.01557788521
24911.01557788521
24911.01557788521
24911.01557788521
24911.01557788521
24911.01557788521
24911.01557788521
24911.01557788521
24911.01557788521
24911.01557788521
24911.01557788521
24911.01557788521
24911.01557788521
24911.01557788521
24911.01557788521
24911.01557788521
24911.01557788521
24911.01557788521
24911.01557788521
24911.01557788521
24911.01557788521
24911.01557788521
24911.01557788521
24911.01557788521
24911.01557788521
24911.01557788521
24911.01557788521
24911.01557788521
24911.01557788521
24911.01557788521
24911.01557788521
24911.01557788521
24911.01557788521
24911.01557788521
24911.01557788521
24911.01557788521
24911.01557788521
24911.01557788521
24911.01557788521
24911.01557788521
24911.01557788521
24911.01557788521
24911.01557788521
24911.01557788521
24911.01557788521
24911.01557788521
24911.01557788521
24911.01557788521
24911.01557788521
24911.01557788521
24911.01557788521
24911.01557788521
24911.01557788521
24911.01557788521
24911.01557788521
24911.01557788521
24712.1976103219
24712.1976103219
24712.1976103219
24712.1976103219
24712.1976103219
24712.1976103219
24712.1976103219
24712.1976103219
24712.1976103219
24712.1976103219
24712.1976103219
24712.1976103219
24712.1976103219
24712.1976103219
24712.1976103219
24712.1976103219
24712.1976103219
24712.1976103219
24712.1976103219
24712.1976103219
24712.1976103219
24712.1976103219
24712.1976103219
24712.1976103219
24712.1976103219
24712.1976103219
24712.1976103219
24712.1976103219
24712.1976103219
24712.1976103219
24712.1976103219
24712.1976103219
24712.1976103219
24712.1976103219
24712.1976103219
24712.1976103219
24712.1976103219
24712.1976103219
24712.1976103219
24712.1976103219
24712.1976103219
24712.1976103219
24712.1976103219
24712.1976103219
24712.1976103219
24568.973601546906
24568.973601546906
24568.973601546906
24568.973601546906
24568.973601546906
24568.973601546906
24568.973601546906
24568.973601546906
24568.973601546906
24568.973601546906
24568.973601546906
24568.973601546906
24568.973601546906
24568.973601546906
24520.389949629505
24520.389949629505
24520.389949629505
24520.389949629505
24520.389949629505
24520.389949629505
24520.389949629505
24520.389949629505
24520.389949629505
24520.389949629505
24520.389949629505
24520.389949629505
24520.389949629505
24520.389949629505
24520.389949629505
24520.389949629505
24520.389949629505
24520.389949629505
24520.389949629505
24520.389949629505
24520.389949629505
24520.389949629505
24520.389949629505
24520.389949629505
24520.389949629505
24520.389949629505
24520.389949629505
24520.389949629505
24520.389949629505
24520.389949629505
24520.389949629505
24520.389949629505
24520.389949629505
24520.389949629505
24520.389949629505
24520.389949629505
24520.389949629505
24520.389949629505
24520.389949629505
24520.389949629505
24520.389949629505
24520.389949629505
24520.389949629505
24520.389949629505
24520.389949629505
24520.389949629505
24520.389949629505
24520.389949629505
24520.389949629505
24520.389949629505
24520.389949629505
24520.389949629505
24520.389949629505
24520.389949629505
24520.389949629505
24520.389949629505
24520.389949629505
24520.389949629505
24520.389949629505
24520.389949629505
24520.389949629505
24520.389949629505
24520.389949629505
24520.389949629505
24520.389949629505
24520.389949629505
24520.389949629505
24520.389949629505
24520.389949629505
24520.389949629505
24520.389949629505
24520.389949629505
24520.389949629505
24520.389949629505
24520.389949629505
24520.389949629505
24520.389949629505
24520.389949629505
24520.389949629505
24520.389949629505
24520.389949629505
24520.389949629505
24520.389949629505
24520.389949629505
24520.389949629505
24412.49145622567
24412.49145622567
24412.49145622567
24412.49145622567
24412.49145622567
24412.49145622567
24412.49145622567
24412.49145622567
24412.49145622567
24412.49145622567
24170.23365637212
24170.23365637212
24170.23365637212
24170.23365637212
24170.23365637212
24170.23365637212
24170.23365637212
23886.18811781165
23886.18811781165
23886.18811781165
23886.18811781165
23886.18811781165
23886.18811781165
23886.18811781165
23886.18811781165
23886.18811781165
23886.18811781165
23886.18811781165
23886.18811781165
23886.18811781165
23886.18811781165
23886.18811781165
23886.18811781165
23886.18811781165
23886.18811781165
23886.18811781165
23886.18811781165
23886.18811781165
23886.18811781165
23886.18811781165
23886.18811781165
23886.18811781165
23886.18811781165
23886.18811781165
23886.18811781165
23886.18811781165
23886.18811781165
23886.18811781165
23886.18811781165
23886.18811781165
23886.18811781165
23886.18811781165
23886.18811781165
23886.18811781165
23886.18811781165
23886.18811781165
23886.18811781165
23886.18811781165
23886.18811781165
23886.18811781165
23886.18811781165
23886.18811781165
23779.55085229369
23779.55085229369
23779.55085229369
23779.55085229369
23779.55085229369
23779.55085229369
23779.55085229369
23779.55085229369
23779.55085229369
23779.55085229369
23779.55085229369
23779.55085229369
23779.55085229369
23779.55085229369
23779.55085229369
23779.55085229369
23779.55085229369
23779.55085229369
23779.55085229369
23779.55085229369
23779.55085229369
23779.55085229369
23779.55085229369
23779.55085229369
23779.55085229369
23725.380958027512
23725.380958027512
23725.380958027512
23725.380958027512
23725.380958027512
23725.380958027512
23725.380958027512
23725.380958027512
23725.380958027512
23725.380958027512
23725.380958027512
23725.380958027512
23725.380958027512
23725.380958027512
23725.380958027512
23526.45727502182
23526.45727502182
23526.45727502182
23526.45727502182
23526.45727502182
23526.45727502182
23526.45727502182
23526.45727502182
23526.45727502182
23526.45727502182
23526.45727502182
23526.45727502182
23526.45727502182
23526.45727502182
23526.45727502182
23526.45727502182
23526.45727502182
23526.45727502182
23526.45727502182
23526.45727502182
23526.45727502182
23526.45727502182
23526.45727502182
23526.45727502182
23526.45727502182
23526.45727502182
23526.45727502182
23526.45727502182
23526.45727502182
23526.45727502182
23526.45727502182
23526.45727502182
23526.45727502182
23526.45727502182
23526.45727502182
23526.45727502182
23526.45727502182
23526.45727502182
23526.45727502182
23526.45727502182
23526.45727502182
23526.45727502182
23526.45727502182
23526.45727502182
23526.45727502182
23526.45727502182
23526.45727502182
23526.45727502182
23526.45727502182
23526.45727502182
23526.45727502182
23526.45727502182
23526.45727502182
23526.45727502182
23526.45727502182
23526.45727502182
23526.45727502182
23526.45727502182
23526.45727502182
23526.45727502182
23526.45727502182
23526.45727502182
23526.45727502182
23526.45727502182
23526.45727502182
23526.45727502182
23526.45727502182
23526.45727502182
23526.45727502182
23526.45727502182
23526.45727502182
23526.45727502182
23526.45727502182
23526.45727502182
23526.45727502182
23526.45727502182
23526.45727502182
23526.45727502182
23526.45727502182
23526.45727502182
23471.098338178883
23471.098338178883
23471.098338178883
23471.098338178883
23471.098338178883
23471.098338178883
23471.098338178883
23471.098338178883
23471.098338178883
23471.098338178883
23471.098338178883
23471.098338178883
23471.098338178883
23471.098338178883
23471.098338178883
23471.098338178883
23471.098338178883
23471.098338178883
23471.098338178883
23471.098338178883
23471.098338178883
23471.098338178883
23471.098338178883
23471.098338178883
23101.351960221968
23101.351960221968
23101.351960221968
23101.351960221968
23101.351960221968
23101.351960221968
23101.351960221968
23101.351960221968
23101.351960221968
23101.351960221968
23101.351960221968
23101.351960221968
23101.351960221968
23101.351960221968
23101.351960221968
23101.351960221968
23101.351960221968
23101.351960221968
23101.351960221968
23101.351960221968
23101.351960221968
23101.351960221968
23101.351960221968
23101.351960221968
23101.351960221968
23101.351960221968
23101.351960221968
23101.351960221968
23101.351960221968
23101.351960221968
23101.351960221968
23101.351960221968
23101.351960221968
23101.351960221968
23101.351960221968
23101.351960221968
23101.351960221968
23101.351960221968
23101.351960221968
23101.351960221968
23101.351960221968
23101.351960221968
23101.351960221968
23101.351960221968
23101.351960221968
23101.351960221968
23101.351960221968
23101.351960221968
23101.351960221968
23101.351960221968
23101.351960221968
23101.351960221968
23101.351960221968
23101.351960221968
23101.351960221968
23101.351960221968
23101.351960221968
23101.351960221968
23101.351960221968
23101.351960221968
23101.351960221968
23101.351960221968
23101.351960221968
23101.351960221968
23101.351960221968
23101.351960221968
23101.351960221968
23101.351960221968
23101.351960221968
23101.351960221968
23101.351960221968
23101.351960221968
23101.351960221968
23101.351960221968
23101.351960221968
23101.351960221968
23101.351960221968
23101.351960221968
23101.351960221968
22775.62609031669
22775.62609031669
22775.62609031669
22775.62609031669
22775.62609031669
22775.62609031669
22775.62609031669
22775.62609031669
22775.62609031669
22775.62609031669
22775.62609031669
22775.62609031669
22775.62609031669
22775.62609031669
22775.62609031669
22775.62609031669
22775.62609031669
22775.62609031669
22775.62609031669
22775.62609031669
22775.62609031669
22775.62609031669
22775.62609031669
22775.62609031669
22775.62609031669
22775.62609031669
22775.62609031669
22775.62609031669
22775.62609031669
22775.62609031669
22775.62609031669
22775.62609031669
22775.62609031669
22775.62609031669
22775.62609031669
22775.62609031669
22775.62609031669
22775.62609031669
22775.62609031669
22775.62609031669
22775.62609031669
22775.62609031669
22775.62609031669
22775.62609031669
22775.62609031669
22775.62609031669
22775.62609031669
22775.62609031669
22775.62609031669
22775.62609031669
22775.62609031669
22775.62609031669
22775.62609031669
22775.62609031669
22775.62609031669
22775.62609031669
22775.62609031669
22550.502047273134
22550.502047273134
22550.502047273134
22550.502047273134
22550.502047273134
22550.502047273134
22550.502047273134
22550.502047273134
22550.502047273134
22550.502047273134
22550.502047273134
22550.502047273134
22550.502047273134
22550.502047273134
22550.502047273134
22550.502047273134
22550.502047273134
22550.502047273134
22550.502047273134
22550.502047273134
22550.502047273134
22550.502047273134
22550.502047273134
22550.502047273134
22550.502047273134
22550.502047273134
22550.502047273134
22550.502047273134
22550.502047273134
22550.502047273134
22550.502047273134
22550.502047273134
22550.502047273134
22550.502047273134
22550.502047273134
22550.502047273134
22550.502047273134
22550.502047273134
22550.502047273134
22550.502047273134
22550.502047273134
22550.502047273134
22550.502047273134
22550.502047273134
22550.502047273134
22550.502047273134
22550.502047273134
22550.502047273134
22550.502047273134
22550.502047273134
22550.502047273134
22550.502047273134
22550.502047273134
22550.502047273134
22550.502047273134
22550.502047273134
22550.502047273134
22550.502047273134
22550.502047273134
22550.502047273134
22550.502047273134
22550.502047273134
22550.502047273134
22550.502047273134
22550.502047273134
22550.502047273134
22550.502047273134
22550.502047273134
22550.502047273134
22550.502047273134
22550.502047273134
22550.502047273134
22550.502047273134
22550.502047273134
22550.502047273134
22550.502047273134
22550.502047273134
22550.502047273134
22550.502047273134
22550.502047273134
22550.502047273134
22550.502047273134
22550.502047273134
22550.502047273134
22550.502047273134
22550.502047273134
22550.502047273134
22550.502047273134
22550.502047273134
22550.502047273134
22550.502047273134
22550.502047273134
22550.502047273134
22550.502047273134
22550.502047273134
22550.502047273134
22550.502047273134
22550.502047273134
22550.502047273134
22550.502047273134
22550.502047273134
22550.502047273134
22550.502047273134
22550.502047273134
22550.502047273134
22550.502047273134
22550.502047273134
22550.502047273134
22550.502047273134
22550.502047273134
22550.502047273134
22550.502047273134
22550.502047273134
22550.502047273134
22550.502047273134
22550.502047273134
22550.502047273134
22550.502047273134
22550.502047273134
22550.502047273134
22550.502047273134
22550.502047273134
22550.502047273134
22550.502047273134
22528.223363916168
22528.223363916168
22528.223363916168
22528.223363916168
22528.223363916168
22528.223363916168
22528.223363916168
22528.223363916168
22528.223363916168
22528.223363916168
22528.223363916168
22528.223363916168
22528.223363916168
22528.223363916168
22528.223363916168
22528.223363916168
22528.223363916168
22528.223363916168
22528.223363916168
22528.223363916168
22528.223363916168
22528.223363916168
22528.223363916168
22528.223363916168
22528.223363916168
22528.223363916168
22528.223363916168
22528.223363916168
22528.223363916168
22264.395721042565
22242.32573777971
22242.32573777971
22242.32573777971
22242.32573777971
22242.32573777971
22242.32573777971
22242.32573777971
22242.32573777971
22242.32573777971
22242.32573777971
22242.32573777971
22242.32573777971
22242.32573777971
22242.32573777971
22242.32573777971
22242.32573777971
22242.32573777971
22242.32573777971
22242.32573777971
22242.32573777971
22242.32573777971
22242.32573777971
22242.32573777971
22242.32573777971
22242.32573777971
22242.32573777971
22242.32573777971
22242.32573777971
22035.467312449095
22035.467312449095
22035.467312449095
22035.467312449095
22035.467312449095
22035.467312449095
22035.467312449095
22035.467312449095
22035.467312449095
22035.467312449095
22035.467312449095
22035.467312449095
22035.467312449095
22035.467312449095
22035.467312449095
22035.467312449095
22035.467312449095
22035.467312449095
22035.467312449095
22035.467312449095
22035.467312449095
22035.467312449095
22035.467312449095
22035.467312449095
22035.467312449095
22035.467312449095
22035.467312449095
22035.467312449095
22035.467312449095
22035.467312449095
22035.467312449095
22035.467312449095
22035.467312449095
22035.467312449095
22035.467312449095
22035.467312449095
22035.467312449095
22035.467312449095
22035.467312449095
22035.467312449095
22035.467312449095
22035.467312449095
22035.467312449095
22035.467312449095
22035.467312449095
22035.467312449095
22035.467312449095
22035.467312449095
22035.467312449095
22035.467312449095
22035.467312449095
22035.467312449095
22035.467312449095
22035.467312449095
22035.467312449095
22035.467312449095
22035.467312449095
22035.467312449095
21984.477567839473
21984.477567839473
21984.477567839473
21984.477567839473
21984.477567839473
21984.477567839473
21984.477567839473
21984.477567839473
21984.477567839473
21984.477567839473
21984.477567839473
21984.477567839473
21984.477567839473
21984.477567839473
21984.477567839473
21143.41775046011
21143.41775046011
21143.41775046011
21143.41775046011
21143.41775046011
21143.41775046011
21143.41775046011
21143.41775046011
21143.41775046011
21143.41775046011
21143.41775046011
21143.41775046011
21143.41775046011
21143.41775046011
21143.41775046011
21143.41775046011
21143.41775046011
21143.41775046011
21143.41775046011
21143.41775046011
21143.41775046011
21143.41775046011
21143.41775046011
21143.41775046011
21143.41775046011
21143.41775046011
21143.41775046011
21143.41775046011
21143.41775046011
21143.41775046011
21143.41775046011
21143.41775046011
21143.41775046011
21143.41775046011
21143.41775046011
21143.41775046011
21143.41775046011
21143.41775046011
21143.41775046011
21143.41775046011
21143.41775046011
21143.41775046011
21143.41775046011
21143.41775046011
21143.41775046011
21143.41775046011
21143.41775046011
21143.41775046011
21143.41775046011
21143.41775046011
21143.41775046011
21143.41775046011
21143.41775046011
21143.41775046011
21143.41775046011
21143.41775046011
21143.41775046011
21143.41775046011
21143.41775046011
21143.41775046011
21143.41775046011
21143.41775046011
21143.41775046011
21143.41775046011
21143.41775046011
21143.41775046011
21143.41775046011
21143.41775046011
21143.41775046011
21143.41775046011
21143.41775046011
Time: 158.68099904060364 seconds 
Best solution: 21143.41775046011 [7, 6, 1, 3, 8, 27, 33, 47, 54, 51, 53, 52, 43, 41, 58, 105, 57, 62, 63, 64, 86, 75, 80, 81, 69, 70, 74, 89, 93, 98, 101, 102, 97, 96, 91, 92, 82, 83, 71, 78, 85, 79, 84, 67, 68, 77, 72, 73, 76, 90, 99, 100, 95, 94, 88, 87, 65, 66, 61, 60, 38, 39, 42, 46, 44, 40, 56, 59, 55, 49, 50, 48, 45, 104, 36, 37, 34, 35, 14, 13, 5, 4, 9, 18, 26, 16, 17, 25, 24, 19, 103, 23, 32, 31, 15, 21, 29, 22, 30, 28, 20, 12, 11, 10, 2]
Avg solution: 33360.58225810224