Alg:1, Run: 5, file: C:\Users\gabri\Documents\AN 3 SEM 2\AI\Lab\Lab3\\lin105.tsp, population number: 1000, generations: 2500 
105430.00481488253
103496.80592299948
103496.80592299948
97677.03250036766
97677.03250036766
97677.03250036766
97677.03250036766
97677.03250036766
97395.74951253671
96893.44285838652
95270.58379866299
95270.58379866299
94031.47046726826
94031.47046726826
91681.85300201178
91681.85300201178
91681.85300201178
91083.69888498003
91083.69888498003
90564.88819677927
87799.91901635808
87799.91901635808
87144.65637221246
87144.65637221246
87144.65637221246
87144.65637221246
87144.65637221246
86032.76034636999
86032.76034636999
85619.05736563749
84605.15320768078
84605.15320768078
84605.15320768078
84295.45674423064
84295.45674423064
84295.45674423064
83508.19640277336
83495.09674942122
81712.50054268746
81712.50054268746
81712.50054268746
80597.83165186379
79260.84318813338
79260.84318813338
79260.84318813338
79260.84318813338
79260.84318813338
79260.84318813338
79260.84318813338
79260.84318813338
79192.38191693716
79192.38191693716
79192.38191693716
78921.53083963414
77453.02927689103
77453.02927689103
77453.02927689103
74107.19030628644
74107.19030628644
74107.19030628644
74107.19030628644
74107.19030628644
73092.46504107905
73092.46504107905
73092.46504107905
73092.46504107905
73092.46504107905
73092.46504107905
73092.46504107905
73092.46504107905
73092.46504107905
73092.46504107905
73092.46504107905
73092.46504107905
73092.46504107905
73092.46504107905
73092.46504107905
73092.46504107905
72693.57517811541
72693.57517811541
71658.54159059167
71658.54159059167
71658.54159059167
71658.54159059167
71658.54159059167
70785.18795889098
70785.18795889098
70785.18795889098
69674.43169519081
69674.43169519081
69674.43169519081
69674.43169519081
69674.43169519081
69674.43169519081
67996.1134936131
66759.44863578789
66759.44863578789
66759.44863578789
66759.44863578789
66759.44863578789
66759.44863578789
66759.44863578789
66759.44863578789
66026.99171736884
66026.99171736884
66026.99171736884
66026.99171736884
66026.99171736884
66026.99171736884
66026.99171736884
66026.99171736884
66026.99171736884
66026.99171736884
66026.99171736884
66026.99171736884
66026.99171736884
65456.24094537551
63316.54503292443
63316.54503292443
63316.54503292443
63316.54503292443
63316.54503292443
63316.54503292443
63316.54503292443
63316.54503292443
63316.54503292443
63316.54503292443
63316.54503292443
63316.54503292443
63316.54503292443
63316.54503292443
63316.54503292443
63238.90535424882
63238.90535424882
63238.90535424882
63238.90535424882
63178.82581319638
63178.82581319638
63178.82581319638
63178.82581319638
63178.82581319638
63178.82581319638
63178.82581319638
63178.82581319638
63178.82581319638
62765.371160885625
62765.371160885625
62765.371160885625
62765.371160885625
62765.371160885625
62571.52709430087
62571.52709430087
62571.52709430087
61640.01928807805
61640.01928807805
61640.01928807805
61640.01928807805
61640.01928807805
61640.01928807805
61640.01928807805
61640.01928807805
61640.01928807805
61640.01928807805
61640.01928807805
61640.01928807805
61640.01928807805
61640.01928807805
61640.01928807805
61640.01928807805
61640.01928807805
61640.01928807805
61640.01928807805
61640.01928807805
61640.01928807805
60648.57865327821
60648.57865327821
60648.57865327821
60648.57865327821
60648.57865327821
60648.57865327821
60648.57865327821
60648.57865327821
60648.57865327821
59476.011837017824
59476.011837017824
59476.011837017824
58447.71875278363
58447.71875278363
58447.71875278363
58447.71875278363
58447.71875278363
58447.71875278363
58447.71875278363
58447.71875278363
58447.71875278363
58447.71875278363
58447.71875278363
58447.71875278363
58447.71875278363
58447.71875278363
58447.71875278363
58447.71875278363
58447.71875278363
58447.71875278363
58447.71875278363
58447.71875278363
58447.71875278363
58195.800676481864
57547.585965550556
57152.39887611214
57152.39887611214
57152.39887611214
57152.39887611214
57152.39887611214
57152.39887611214
57152.39887611214
57152.39887611214
57152.39887611214
57152.39887611214
57152.39887611214
57152.39887611214
57152.39887611214
57152.39887611214
57152.39887611214
57152.39887611214
57152.39887611214
57152.39887611214
57152.39887611214
57152.39887611214
57152.39887611214
57152.39887611214
57152.39887611214
57152.39887611214
56813.38070564983
56813.38070564983
56813.38070564983
56813.38070564983
56813.38070564983
56291.26741829929
56291.26741829929
56291.26741829929
56291.26741829929
56291.26741829929
56291.26741829929
56264.916053261266
56264.916053261266
56264.916053261266
56264.916053261266
56264.916053261266
55250.85603300931
54577.89810053889
54577.89810053889
54577.89810053889
54302.69038982222
54302.69038982222
54302.69038982222
54302.69038982222
54302.69038982222
54302.69038982222
54302.69038982222
54302.69038982222
54302.69038982222
54302.69038982222
52648.257015251584
52648.257015251584
52648.257015251584
52648.257015251584
52648.257015251584
52419.93340907671
52419.93340907671
52292.303584411406
52292.303584411406
52292.303584411406
52292.303584411406
52292.303584411406
52292.303584411406
52292.303584411406
52292.303584411406
52292.303584411406
52292.303584411406
52292.303584411406
52292.303584411406
52292.303584411406
52292.303584411406
52292.303584411406
52292.303584411406
52292.303584411406
50396.288732993475
50396.288732993475
50396.288732993475
50396.288732993475
50396.288732993475
50396.288732993475
50396.288732993475
50396.288732993475
50396.288732993475
50396.288732993475
50396.288732993475
50396.288732993475
50396.288732993475
50396.288732993475
50396.288732993475
50396.288732993475
50396.288732993475
50396.288732993475
50396.288732993475
50396.288732993475
50396.288732993475
50396.288732993475
50396.288732993475
50396.288732993475
50396.288732993475
50396.288732993475
49192.122438522034
49192.122438522034
49192.122438522034
49192.122438522034
49192.122438522034
49192.122438522034
49192.122438522034
49192.122438522034
49192.122438522034
49192.122438522034
49166.53335163844
49166.53335163844
49166.53335163844
49166.53335163844
49166.53335163844
49166.53335163844
49166.53335163844
49166.53335163844
49166.53335163844
49166.53335163844
49166.53335163844
49166.53335163844
49166.53335163844
49166.53335163844
49166.53335163844
49166.53335163844
49166.53335163844
49166.53335163844
49166.53335163844
49166.53335163844
49166.53335163844
49166.53335163844
49166.53335163844
48877.72224121748
48877.72224121748
48877.72224121748
48153.67019438294
47907.78286936807
47907.78286936807
47907.78286936807
47907.78286936807
47907.78286936807
47907.78286936807
47907.78286936807
47848.2160394994
47848.2160394994
47848.2160394994
47848.2160394994
47848.2160394994
47848.2160394994
45250.829581785256
45250.829581785256
45250.829581785256
45250.829581785256
45250.829581785256
45250.829581785256
45250.829581785256
45250.829581785256
45250.829581785256
45250.829581785256
45250.829581785256
45250.829581785256
45250.829581785256
45250.829581785256
45250.829581785256
45250.829581785256
45250.829581785256
45250.829581785256
45250.829581785256
45250.829581785256
45250.829581785256
45250.829581785256
45250.829581785256
45250.829581785256
45250.829581785256
44362.73929392826
44362.73929392826
44362.73929392826
44362.73929392826
44362.73929392826
44362.73929392826
44362.73929392826
44362.73929392826
43628.435986023615
43108.38444494957
43108.38444494957
43108.38444494957
42061.66470687099
42061.66470687099
42061.66470687099
42061.66470687099
42061.66470687099
42061.66470687099
42061.66470687099
42061.66470687099
42061.66470687099
42061.66470687099
42061.66470687099
42061.66470687099
42061.66470687099
42061.66470687099
42061.66470687099
42061.66470687099
42061.66470687099
42061.66470687099
42061.66470687099
42061.66470687099
42061.66470687099
42061.66470687099
42061.66470687099
42061.66470687099
41602.18477693087
41602.18477693087
41602.18477693087
41602.18477693087
41020.759500942884
41020.759500942884
41020.759500942884
41020.759500942884
41020.759500942884
41020.759500942884
41020.759500942884
41020.759500942884
41020.759500942884
41020.759500942884
41020.759500942884
41020.759500942884
41020.759500942884
41020.759500942884
41020.759500942884
41020.759500942884
41020.759500942884
41020.759500942884
41020.759500942884
41020.759500942884
41020.759500942884
41020.759500942884
41020.759500942884
41020.759500942884
41020.759500942884
41020.759500942884
41020.759500942884
41020.759500942884
41020.759500942884
40788.73462335669
40788.73462335669
40788.73462335669
40788.73462335669
40788.73462335669
40788.73462335669
40788.73462335669
40788.73462335669
40788.73462335669
40788.73462335669
40788.73462335669
40788.73462335669
40788.73462335669
40788.73462335669
40788.73462335669
40788.73462335669
40788.73462335669
40788.73462335669
40788.73462335669
40788.73462335669
40788.73462335669
40788.73462335669
40788.73462335669
40788.73462335669
40788.73462335669
40339.8397359258
40339.8397359258
40339.8397359258
40339.8397359258
39865.52452309313
39865.52452309313
39865.52452309313
39865.52452309313
39865.52452309313
39804.171969180854
39804.171969180854
39804.171969180854
39804.171969180854
39804.171969180854
39804.171969180854
39657.85566827533
39657.85566827533
39025.95109930799
39025.95109930799
39025.95109930799
39025.95109930799
39025.95109930799
39025.95109930799
39025.95109930799
38442.352096485556
38442.352096485556
38442.352096485556
38442.352096485556
38442.352096485556
37986.83928434805
37986.83928434805
37986.83928434805
37986.83928434805
37986.83928434805
37986.83928434805
37986.83928434805
37986.83928434805
37986.83928434805
37986.83928434805
37986.83928434805
37986.83928434805
37986.83928434805
37986.83928434805
37986.83928434805
37986.83928434805
37881.27579468235
37881.27579468235
37881.27579468235
37881.27579468235
37881.27579468235
37881.27579468235
37881.27579468235
37881.27579468235
37881.27579468235
37881.27579468235
37881.27579468235
37881.27579468235
37881.27579468235
37881.27579468235
37881.27579468235
37881.27579468235
37881.27579468235
37881.27579468235
37881.27579468235
37881.27579468235
37881.27579468235
37881.27579468235
37881.27579468235
37881.27579468235
37881.27579468235
37881.27579468235
37881.27579468235
37881.27579468235
37881.27579468235
35790.27646473052
35790.27646473052
35790.27646473052
35790.27646473052
35790.27646473052
35790.27646473052
35790.27646473052
35790.27646473052
35790.27646473052
35790.27646473052
35790.27646473052
35790.27646473052
35790.27646473052
35790.27646473052
35790.27646473052
35790.27646473052
35790.27646473052
35790.27646473052
35790.27646473052
35790.27646473052
35790.27646473052
35790.27646473052
35790.27646473052
35790.27646473052
35790.27646473052
35790.27646473052
35790.27646473052
35790.27646473052
35790.27646473052
35790.27646473052
35790.27646473052
35790.27646473052
35790.27646473052
35790.27646473052
35790.27646473052
35790.27646473052
35790.27646473052
35408.00677159049
35408.00677159049
35408.00677159049
35408.00677159049
35408.00677159049
35408.00677159049
35408.00677159049
35408.00677159049
35408.00677159049
35408.00677159049
35408.00677159049
35408.00677159049
35408.00677159049
35408.00677159049
35408.00677159049
35408.00677159049
35408.00677159049
35408.00677159049
35408.00677159049
35408.00677159049
35408.00677159049
35408.00677159049
35408.00677159049
35408.00677159049
35408.00677159049
35408.00677159049
35408.00677159049
35408.00677159049
35408.00677159049
35408.00677159049
35408.00677159049
34793.33628673729
34793.33628673729
34793.33628673729
34793.33628673729
34793.33628673729
34793.33628673729
34793.33628673729
34793.33628673729
34793.33628673729
34793.33628673729
34793.33628673729
34793.33628673729
34793.33628673729
34793.33628673729
34793.33628673729
34793.33628673729
34793.33628673729
34793.33628673729
34793.33628673729
34793.33628673729
34793.33628673729
34793.33628673729
34793.33628673729
34793.33628673729
34793.33628673729
34793.33628673729
34793.33628673729
34793.33628673729
34793.33628673729
34793.33628673729
34793.33628673729
34793.33628673729
34793.33628673729
34793.33628673729
34793.33628673729
34793.33628673729
34793.33628673729
34793.33628673729
34793.33628673729
34793.33628673729
34793.33628673729
34793.33628673729
34793.33628673729
34793.33628673729
34793.33628673729
34793.33628673729
34793.33628673729
34793.33628673729
34793.33628673729
34590.93514532122
34560.87603250986
34560.87603250986
34560.87603250986
34560.87603250986
34560.87603250986
34560.87603250986
34560.87603250986
34560.87603250986
34560.87603250986
34560.87603250986
34560.87603250986
34560.87603250986
34560.87603250986
34560.87603250986
34560.87603250986
34560.87603250986
34560.87603250986
34560.87603250986
34560.87603250986
34560.87603250986
34560.87603250986
34560.87603250986
34486.99339310091
34486.99339310091
34486.99339310091
34486.99339310091
34486.99339310091
34486.99339310091
34434.67306730147
34434.67306730147
34434.67306730147
34123.95034979289
34123.95034979289
34123.95034979289
34123.95034979289
34123.95034979289
34123.95034979289
34123.95034979289
34123.95034979289
34123.95034979289
34123.95034979289
34123.95034979289
34123.95034979289
34123.95034979289
34123.95034979289
34123.95034979289
34123.95034979289
34123.95034979289
34123.95034979289
34123.95034979289
33783.306707776166
33783.306707776166
33783.306707776166
33783.306707776166
33783.306707776166
33783.306707776166
33783.306707776166
33783.306707776166
33783.306707776166
33783.306707776166
33783.306707776166
33296.107088289864
33296.107088289864
33296.107088289864
33296.107088289864
33296.107088289864
33296.107088289864
33296.107088289864
33296.107088289864
33296.107088289864
33296.107088289864
33296.107088289864
33296.107088289864
33296.107088289864
33296.107088289864
33296.107088289864
32456.374000022744
32456.374000022744
32456.374000022744
32456.374000022744
32456.374000022744
32456.374000022744
32456.374000022744
32456.374000022744
32456.374000022744
32456.374000022744
32456.374000022744
32456.374000022744
32456.374000022744
32456.374000022744
32456.374000022744
32456.374000022744
32456.374000022744
32456.374000022744
32456.374000022744
32456.374000022744
32456.374000022744
32456.374000022744
32456.374000022744
32456.374000022744
32456.374000022744
32456.374000022744
32456.374000022744
32456.374000022744
32456.374000022744
32456.374000022744
32456.374000022744
32456.374000022744
32456.374000022744
32456.374000022744
32456.374000022744
32456.374000022744
32456.374000022744
32456.374000022744
32456.374000022744
32456.374000022744
32456.374000022744
32456.374000022744
32456.374000022744
32456.374000022744
32456.374000022744
32456.374000022744
32456.374000022744
32456.374000022744
32456.374000022744
32456.374000022744
32456.374000022744
32456.374000022744
32456.374000022744
32270.94542381722
32270.94542381722
32270.94542381722
32270.94542381722
32270.94542381722
32270.94542381722
32270.94542381722
32270.94542381722
32270.94542381722
32270.94542381722
32217.134312203292
32217.134312203292
32217.134312203292
32217.134312203292
32217.134312203292
32217.134312203292
32217.134312203292
32217.134312203292
32217.134312203292
32217.134312203292
32217.134312203292
32217.134312203292
32217.134312203292
32217.134312203292
32217.134312203292
32217.134312203292
32217.134312203292
32217.134312203292
32217.134312203292
32217.134312203292
32217.134312203292
32217.134312203292
32217.134312203292
32217.134312203292
32217.134312203292
32217.134312203292
32217.134312203292
32217.134312203292
32217.134312203292
32217.134312203292
32217.134312203292
32217.134312203292
32217.134312203292
32217.134312203292
32217.134312203292
32217.134312203292
32217.134312203292
32217.134312203292
32217.134312203292
32217.134312203292
32217.134312203292
32217.134312203292
32217.134312203292
32217.134312203292
32217.134312203292
32217.134312203292
32217.134312203292
32217.134312203292
32217.134312203292
32217.134312203292
32217.134312203292
32217.134312203292
32217.134312203292
32217.134312203292
32217.134312203292
32217.134312203292
32217.134312203292
32217.134312203292
32217.134312203292
32217.134312203292
32217.134312203292
32217.134312203292
32217.134312203292
32217.134312203292
32217.134312203292
32217.134312203292
32217.134312203292
32217.134312203292
32217.134312203292
32217.134312203292
32217.134312203292
32217.134312203292
32217.134312203292
32217.134312203292
32217.134312203292
32217.134312203292
32217.134312203292
32217.134312203292
31583.023120599006
31583.023120599006
31583.023120599006
31583.023120599006
31583.023120599006
31583.023120599006
31583.023120599006
31583.023120599006
31583.023120599006
31583.023120599006
31583.023120599006
31583.023120599006
31583.023120599006
31583.023120599006
31583.023120599006
31583.023120599006
31583.023120599006
31583.023120599006
31583.023120599006
31583.023120599006
31583.023120599006
31583.023120599006
31583.023120599006
31583.023120599006
31583.023120599006
31583.023120599006
31583.023120599006
31583.023120599006
31583.023120599006
31583.023120599006
31583.023120599006
31583.023120599006
29808.001728927782
29808.001728927782
29808.001728927782
29808.001728927782
29808.001728927782
29808.001728927782
29808.001728927782
29808.001728927782
29808.001728927782
29808.001728927782
29808.001728927782
29808.001728927782
29808.001728927782
29808.001728927782
29808.001728927782
29808.001728927782
29808.001728927782
29808.001728927782
29808.001728927782
29808.001728927782
29808.001728927782
29808.001728927782
29808.001728927782
29808.001728927782
29808.001728927782
29808.001728927782
29808.001728927782
29808.001728927782
29808.001728927782
29808.001728927782
29808.001728927782
29808.001728927782
29808.001728927782
29808.001728927782
29808.001728927782
29808.001728927782
29808.001728927782
29808.001728927782
29808.001728927782
29808.001728927782
29808.001728927782
29808.001728927782
29808.001728927782
29808.001728927782
29808.001728927782
29808.001728927782
29808.001728927782
29808.001728927782
29808.001728927782
29808.001728927782
29808.001728927782
29808.001728927782
29808.001728927782
29808.001728927782
29808.001728927782
29808.001728927782
29808.001728927782
29808.001728927782
29808.001728927782
29808.001728927782
29808.001728927782
29808.001728927782
29808.001728927782
29808.001728927782
29808.001728927782
29808.001728927782
29808.001728927782
29808.001728927782
29808.001728927782
29808.001728927782
29808.001728927782
29808.001728927782
29808.001728927782
29808.001728927782
29808.001728927782
29808.001728927782
29808.001728927782
29808.001728927782
29808.001728927782
29808.001728927782
29808.001728927782
29808.001728927782
29808.001728927782
29808.001728927782
29808.001728927782
29808.001728927782
29808.001728927782
29808.001728927782
29808.001728927782
29808.001728927782
29808.001728927782
29808.001728927782
29808.001728927782
29808.001728927782
29808.001728927782
29808.001728927782
29808.001728927782
29808.001728927782
29808.001728927782
29808.001728927782
29808.001728927782
29808.001728927782
29808.001728927782
29808.001728927782
29808.001728927782
29808.001728927782
29808.001728927782
29808.001728927782
29808.001728927782
29808.001728927782
29808.001728927782
29808.001728927782
29808.001728927782
29542.39196885493
29542.39196885493
29542.39196885493
29542.39196885493
29542.39196885493
29542.39196885493
29542.39196885493
29542.39196885493
29542.39196885493
29542.39196885493
29542.39196885493
29542.39196885493
29542.39196885493
29542.39196885493
29542.39196885493
29542.39196885493
29542.39196885493
29542.39196885493
29542.39196885493
29542.39196885493
29542.39196885493
29542.39196885493
29542.39196885493
29542.39196885493
29542.39196885493
29542.39196885493
29542.39196885493
29542.39196885493
29542.39196885493
29542.39196885493
29542.39196885493
29542.39196885493
29542.39196885493
29542.39196885493
29542.39196885493
29542.39196885493
29542.39196885493
29542.39196885493
29542.39196885493
29542.39196885493
29542.39196885493
29542.39196885493
29542.39196885493
29542.39196885493
29542.39196885493
29542.39196885493
29542.39196885493
29542.39196885493
29542.39196885493
29542.39196885493
29542.39196885493
29542.39196885493
29542.39196885493
29542.39196885493
29542.39196885493
29542.39196885493
29542.39196885493
29542.39196885493
29542.39196885493
29542.39196885493
29542.39196885493
29542.39196885493
29542.39196885493
29542.39196885493
29542.39196885493
29542.39196885493
29542.39196885493
29542.39196885493
29542.39196885493
29542.39196885493
29542.39196885493
29542.39196885493
29542.39196885493
29542.39196885493
29542.39196885493
29542.39196885493
29542.39196885493
29542.39196885493
29542.39196885493
29542.39196885493
29542.39196885493
29542.39196885493
29542.39196885493
29542.39196885493
29542.39196885493
29542.39196885493
29542.39196885493
29542.39196885493
29542.39196885493
29542.39196885493
29542.39196885493
29542.39196885493
29542.39196885493
29542.39196885493
29542.39196885493
29542.39196885493
29542.39196885493
29542.39196885493
29542.39196885493
29542.39196885493
29542.39196885493
29542.39196885493
29542.39196885493
29542.39196885493
29407.483155450456
29407.483155450456
29407.483155450456
29407.483155450456
29407.483155450456
29407.483155450456
29407.483155450456
29407.483155450456
29407.483155450456
29407.483155450456
29407.483155450456
29407.483155450456
29407.483155450456
29407.483155450456
29407.483155450456
29407.483155450456
29407.483155450456
29407.483155450456
29094.32180388923
29094.32180388923
29094.32180388923
29094.32180388923
29094.32180388923
29094.32180388923
29094.32180388923
29094.32180388923
29094.32180388923
29094.32180388923
29094.32180388923
29056.59196614236
29056.59196614236
29056.59196614236
29056.59196614236
29056.59196614236
29056.59196614236
29056.59196614236
27272.420667831808
27272.420667831808
27272.420667831808
27272.420667831808
27272.420667831808
27272.420667831808
27272.420667831808
27272.420667831808
27272.420667831808
27272.420667831808
27272.420667831808
27272.420667831808
27272.420667831808
27272.420667831808
27272.420667831808
27272.420667831808
27272.420667831808
27272.420667831808
27272.420667831808
27272.420667831808
27272.420667831808
27272.420667831808
27272.420667831808
27272.420667831808
27272.420667831808
27272.420667831808
27272.420667831808
27272.420667831808
27272.420667831808
27272.420667831808
27272.420667831808
27272.420667831808
27272.420667831808
27272.420667831808
27272.420667831808
27272.420667831808
27272.420667831808
27272.420667831808
27272.420667831808
27272.420667831808
27272.420667831808
27272.420667831808
27272.420667831808
27272.420667831808
27272.420667831808
27272.420667831808
27272.420667831808
27272.420667831808
27272.420667831808
27272.420667831808
27272.420667831808
27272.420667831808
27272.420667831808
27272.420667831808
27272.420667831808
27272.420667831808
27272.420667831808
27272.420667831808
27272.420667831808
27272.420667831808
27272.420667831808
27272.420667831808
27272.420667831808
27272.420667831808
27272.420667831808
27272.420667831808
27272.420667831808
27272.420667831808
27272.420667831808
27272.420667831808
27272.420667831808
27272.420667831808
27272.420667831808
27272.420667831808
27272.420667831808
27272.420667831808
27272.420667831808
27272.420667831808
27272.420667831808
27272.420667831808
27272.420667831808
27272.420667831808
27272.420667831808
27272.420667831808
27272.420667831808
27272.420667831808
27272.420667831808
27272.420667831808
27272.420667831808
27272.420667831808
27272.420667831808
27272.420667831808
27272.420667831808
27272.420667831808
27272.420667831808
27272.420667831808
27272.420667831808
27272.420667831808
27272.420667831808
27272.420667831808
27272.420667831808
27272.420667831808
27272.420667831808
27272.420667831808
27272.420667831808
27272.420667831808
27272.420667831808
27272.420667831808
27272.420667831808
27272.420667831808
27272.420667831808
27272.420667831808
27272.420667831808
27272.420667831808
27272.420667831808
27272.420667831808
27272.420667831808
27272.420667831808
27272.420667831808
27272.420667831808
27272.420667831808
27272.420667831808
27272.420667831808
27272.420667831808
27272.420667831808
27272.420667831808
27272.420667831808
27272.420667831808
27272.420667831808
27272.420667831808
27272.420667831808
27272.420667831808
27272.420667831808
27272.420667831808
27272.420667831808
27272.420667831808
27272.420667831808
27272.420667831808
27272.420667831808
27272.420667831808
27272.420667831808
27272.420667831808
27272.420667831808
27272.420667831808
27272.420667831808
27272.420667831808
27272.420667831808
27272.420667831808
27272.420667831808
27272.420667831808
27272.420667831808
27272.420667831808
27272.420667831808
27272.420667831808
27272.420667831808
27272.420667831808
27272.420667831808
27272.420667831808
27272.420667831808
27272.420667831808
27272.420667831808
27272.420667831808
27272.420667831808
27272.420667831808
27272.420667831808
27272.420667831808
27272.420667831808
27272.420667831808
27272.420667831808
27272.420667831808
27272.420667831808
27272.420667831808
27272.420667831808
27272.420667831808
27272.420667831808
27272.420667831808
27272.420667831808
27272.420667831808
27272.420667831808
27272.420667831808
27272.420667831808
27272.420667831808
27272.420667831808
27272.420667831808
27272.420667831808
27272.420667831808
27272.420667831808
27272.420667831808
27272.420667831808
27272.420667831808
27272.420667831808
27272.420667831808
27272.420667831808
27272.420667831808
27272.420667831808
27272.420667831808
27272.420667831808
27272.420667831808
27272.420667831808
27272.420667831808
27272.420667831808
27272.420667831808
27272.420667831808
27272.420667831808
27272.420667831808
27272.420667831808
27272.420667831808
27272.420667831808
27272.420667831808
27272.420667831808
27272.420667831808
27272.420667831808
27272.420667831808
27272.420667831808
27272.420667831808
27272.420667831808
27272.420667831808
27272.420667831808
27272.420667831808
27272.420667831808
27272.420667831808
27272.420667831808
27272.420667831808
27181.46060961419
27181.46060961419
27181.46060961419
27181.46060961419
27181.46060961419
27181.46060961419
27181.46060961419
27031.694620627364
27031.694620627364
27031.694620627364
27031.694620627364
27031.694620627364
27031.694620627364
27031.694620627364
27031.694620627364
27031.694620627364
27031.694620627364
27031.694620627364
27031.694620627364
27031.694620627364
27031.694620627364
27031.694620627364
27031.694620627364
27031.694620627364
27031.694620627364
27031.694620627364
27031.694620627364
27031.694620627364
27031.694620627364
27031.694620627364
27031.694620627364
27031.694620627364
27031.694620627364
27031.694620627364
27031.694620627364
26952.996237772433
26952.996237772433
26952.996237772433
26719.90325074532
26719.90325074532
26719.90325074532
26719.90325074532
26719.90325074532
26719.90325074532
26719.90325074532
26719.90325074532
26719.90325074532
26719.90325074532
26719.90325074532
26719.90325074532
26719.90325074532
26719.90325074532
26719.90325074532
26719.90325074532
26719.90325074532
26719.90325074532
26719.90325074532
26719.90325074532
26719.90325074532
26719.90325074532
26719.90325074532
26719.90325074532
26719.90325074532
26719.90325074532
26719.90325074532
26719.90325074532
26719.90325074532
26719.90325074532
26719.90325074532
26719.90325074532
26719.90325074532
26719.90325074532
26719.90325074532
26719.90325074532
26719.90325074532
26393.169924468708
26393.169924468708
26393.169924468708
26393.169924468708
26393.169924468708
26393.169924468708
26393.169924468708
26393.169924468708
26393.169924468708
26393.169924468708
26393.169924468708
26393.169924468708
26393.169924468708
26393.169924468708
26393.169924468708
26393.169924468708
26393.169924468708
26393.169924468708
26393.169924468708
26393.169924468708
26393.169924468708
26393.169924468708
26393.169924468708
26393.169924468708
26393.169924468708
26393.169924468708
26393.169924468708
26393.169924468708
26393.169924468708
26393.169924468708
26393.169924468708
26393.169924468708
26393.169924468708
26393.169924468708
26393.169924468708
26393.169924468708
26393.169924468708
26393.169924468708
26393.169924468708
26393.169924468708
26393.169924468708
26393.169924468708
26393.169924468708
26393.169924468708
26251.373202960003
26251.373202960003
26251.373202960003
26251.373202960003
26251.373202960003
26251.373202960003
26251.373202960003
26251.373202960003
26251.373202960003
26251.373202960003
26251.373202960003
26251.373202960003
26251.373202960003
26251.373202960003
26251.373202960003
26251.373202960003
26251.373202960003
26251.373202960003
26251.373202960003
26251.373202960003
26251.373202960003
26251.373202960003
26251.373202960003
26251.373202960003
26251.373202960003
26251.373202960003
25647.474160479822
25647.474160479822
25647.474160479822
25647.474160479822
25647.474160479822
25647.474160479822
25647.474160479822
25647.474160479822
25647.474160479822
25647.474160479822
25647.474160479822
25647.474160479822
25647.474160479822
25647.474160479822
25647.474160479822
25647.474160479822
25647.474160479822
25647.474160479822
25647.474160479822
25647.474160479822
25647.474160479822
25647.474160479822
25647.474160479822
25647.474160479822
25647.474160479822
25647.474160479822
25430.2346637888
25430.2346637888
25430.2346637888
25430.2346637888
25430.2346637888
25430.2346637888
25430.2346637888
25430.2346637888
25430.2346637888
25430.2346637888
25430.2346637888
25430.2346637888
25430.2346637888
25430.2346637888
25430.2346637888
25430.2346637888
25430.2346637888
25430.2346637888
25430.2346637888
25430.2346637888
25430.2346637888
25430.2346637888
25430.2346637888
25430.2346637888
25430.2346637888
25430.2346637888
25430.2346637888
25430.2346637888
25430.2346637888
25430.2346637888
25430.2346637888
25430.2346637888
25430.2346637888
25430.2346637888
25430.2346637888
25430.2346637888
25430.2346637888
25430.2346637888
25412.64955099839
25412.64955099839
25412.64955099839
25412.64955099839
25412.64955099839
25412.64955099839
25412.64955099839
25412.64955099839
25412.64955099839
25412.64955099839
25412.64955099839
25412.64955099839
25412.64955099839
25412.64955099839
25412.64955099839
25412.64955099839
25412.64955099839
25412.64955099839
25412.64955099839
25412.64955099839
25412.64955099839
25412.64955099839
25412.64955099839
25412.64955099839
25412.64955099839
25412.64955099839
25412.64955099839
24327.096620572753
24327.096620572753
24327.096620572753
24327.096620572753
24327.096620572753
24327.096620572753
24327.096620572753
24327.096620572753
24327.096620572753
24327.096620572753
24327.096620572753
24327.096620572753
24327.096620572753
24327.096620572753
24327.096620572753
24327.096620572753
24327.096620572753
24327.096620572753
24327.096620572753
24327.096620572753
24327.096620572753
24327.096620572753
24327.096620572753
24327.096620572753
24327.096620572753
24327.096620572753
24327.096620572753
24327.096620572753
24327.096620572753
24327.096620572753
24327.096620572753
24327.096620572753
24327.096620572753
24327.096620572753
24327.096620572753
24327.096620572753
24327.096620572753
24327.096620572753
24327.096620572753
24327.096620572753
24327.096620572753
24327.096620572753
24327.096620572753
24327.096620572753
24327.096620572753
24327.096620572753
24327.096620572753
24327.096620572753
24327.096620572753
24327.096620572753
24327.096620572753
24327.096620572753
24327.096620572753
24327.096620572753
24327.096620572753
24327.096620572753
24327.096620572753
24327.096620572753
24327.096620572753
24327.096620572753
24327.096620572753
24327.096620572753
24327.096620572753
24327.096620572753
24327.096620572753
24327.096620572753
24327.096620572753
24327.096620572753
24327.096620572753
24327.096620572753
24327.096620572753
24327.096620572753
24327.096620572753
24327.096620572753
24327.096620572753
24327.096620572753
24327.096620572753
24327.096620572753
24327.096620572753
24327.096620572753
24327.096620572753
24327.096620572753
24327.096620572753
24327.096620572753
24327.096620572753
24327.096620572753
24327.096620572753
24327.096620572753
24327.096620572753
24327.096620572753
24327.096620572753
24327.096620572753
24327.096620572753
24327.096620572753
24327.096620572753
24327.096620572753
24327.096620572753
24327.096620572753
24327.096620572753
24327.096620572753
24327.096620572753
24327.096620572753
24327.096620572753
24327.096620572753
24327.096620572753
24327.096620572753
24327.096620572753
24327.096620572753
24327.096620572753
24327.096620572753
24327.096620572753
24327.096620572753
24327.096620572753
24327.096620572753
24327.096620572753
24327.096620572753
24327.096620572753
24327.096620572753
24327.096620572753
24327.096620572753
24327.096620572753
24327.096620572753
24327.096620572753
24327.096620572753
24327.096620572753
24327.096620572753
24327.096620572753
24327.096620572753
24327.096620572753
24327.096620572753
24327.096620572753
24327.096620572753
24327.096620572753
24327.096620572753
24327.096620572753
24327.096620572753
24327.096620572753
24327.096620572753
24327.096620572753
24327.096620572753
24327.096620572753
24327.096620572753
24327.096620572753
24327.096620572753
24327.096620572753
24327.096620572753
24327.096620572753
24327.096620572753
24327.096620572753
24327.096620572753
24327.096620572753
24327.096620572753
24327.096620572753
24327.096620572753
24327.096620572753
24327.096620572753
24327.096620572753
24327.096620572753
24327.096620572753
24327.096620572753
24327.096620572753
24327.096620572753
24327.096620572753
24327.096620572753
24327.096620572753
24327.096620572753
24327.096620572753
24327.096620572753
24327.096620572753
24327.096620572753
24327.096620572753
24327.096620572753
24327.096620572753
24327.096620572753
24327.096620572753
24327.096620572753
24327.096620572753
24327.096620572753
24327.096620572753
24327.096620572753
24327.096620572753
24327.096620572753
24327.096620572753
24327.096620572753
24327.096620572753
24327.096620572753
24327.096620572753
24327.096620572753
24327.096620572753
24327.096620572753
24327.096620572753
24327.096620572753
24327.096620572753
24327.096620572753
24327.096620572753
24327.096620572753
24259.649226537906
24259.649226537906
24259.649226537906
24033.852421487645
24033.852421487645
24033.852421487645
24033.852421487645
24033.852421487645
24033.852421487645
24033.852421487645
24033.852421487645
24033.852421487645
24033.852421487645
24033.852421487645
24033.852421487645
24033.852421487645
23871.87888673086
23634.10021125293
23634.10021125293
23634.10021125293
23634.10021125293
23634.10021125293
23634.10021125293
23634.10021125293
23634.10021125293
23634.10021125293
23634.10021125293
23634.10021125293
23634.10021125293
23634.10021125293
23634.10021125293
23634.10021125293
23634.10021125293
23634.10021125293
23634.10021125293
23634.10021125293
23634.10021125293
23634.10021125293
23634.10021125293
23634.10021125293
23634.10021125293
23634.10021125293
23634.10021125293
23634.10021125293
23634.10021125293
23634.10021125293
23634.10021125293
23634.10021125293
23634.10021125293
23634.10021125293
23634.10021125293
23634.10021125293
23634.10021125293
23634.10021125293
23634.10021125293
23634.10021125293
23634.10021125293
23634.10021125293
23634.10021125293
23634.10021125293
23634.10021125293
23634.10021125293
23634.10021125293
23634.10021125293
23634.10021125293
23634.10021125293
23634.10021125293
23634.10021125293
23634.10021125293
23634.10021125293
23634.10021125293
23634.10021125293
23634.10021125293
23634.10021125293
23634.10021125293
23634.10021125293
23634.10021125293
23326.0115527864
23326.0115527864
23326.0115527864
23326.0115527864
23326.0115527864
23326.0115527864
23326.0115527864
23326.0115527864
23326.0115527864
23326.0115527864
23326.0115527864
23326.0115527864
23326.0115527864
23326.0115527864
23326.0115527864
23326.0115527864
23326.0115527864
23326.0115527864
23326.0115527864
23326.0115527864
23326.0115527864
23326.0115527864
23326.0115527864
23326.0115527864
23326.0115527864
23326.0115527864
23326.0115527864
23326.0115527864
23326.0115527864
23326.0115527864
23326.0115527864
23326.0115527864
23326.0115527864
23326.0115527864
23326.0115527864
23326.0115527864
23326.0115527864
23326.0115527864
23326.0115527864
23326.0115527864
23326.0115527864
23326.0115527864
23326.0115527864
23326.0115527864
23326.0115527864
23326.0115527864
23326.0115527864
23326.0115527864
23326.0115527864
23326.0115527864
23326.0115527864
23326.0115527864
23326.0115527864
23326.0115527864
23326.0115527864
23326.0115527864
23326.0115527864
23326.0115527864
23326.0115527864
23326.0115527864
23326.0115527864
23326.0115527864
23326.0115527864
23326.0115527864
23326.0115527864
23326.0115527864
23326.0115527864
23326.0115527864
23326.0115527864
23326.0115527864
23326.0115527864
23326.0115527864
23326.0115527864
23326.0115527864
23326.0115527864
23326.0115527864
23326.0115527864
23326.0115527864
23326.0115527864
23326.0115527864
23326.0115527864
23326.0115527864
23326.0115527864
23326.0115527864
23326.0115527864
23326.0115527864
23326.0115527864
23326.0115527864
23085.669642602814
23085.669642602814
23085.669642602814
23085.669642602814
22664.208810639717
22664.208810639717
22664.208810639717
22664.208810639717
22664.208810639717
22664.208810639717
21873.335690710002
21873.335690710002
21873.335690710002
21873.335690710002
21873.335690710002
21873.335690710002
21873.335690710002
21873.335690710002
21873.335690710002
21873.335690710002
21873.335690710002
21873.335690710002
21873.335690710002
21873.335690710002
21873.335690710002
21873.335690710002
21873.335690710002
21873.335690710002
21873.335690710002
21873.335690710002
21873.335690710002
21873.335690710002
21873.335690710002
21873.335690710002
21873.335690710002
21873.335690710002
21873.335690710002
21873.335690710002
21873.335690710002
21873.335690710002
21873.335690710002
21873.335690710002
21873.335690710002
21873.335690710002
21873.335690710002
21873.335690710002
21873.335690710002
21873.335690710002
21873.335690710002
21873.335690710002
21873.335690710002
21873.335690710002
21873.335690710002
21873.335690710002
21873.335690710002
21873.335690710002
21873.335690710002
21873.335690710002
21873.335690710002
21873.335690710002
21873.335690710002
21873.335690710002
21873.335690710002
21873.335690710002
21873.335690710002
21873.335690710002
21873.335690710002
21873.335690710002
21873.335690710002
21873.335690710002
21873.335690710002
21873.335690710002
21873.335690710002
21873.335690710002
21873.335690710002
21873.335690710002
21873.335690710002
21873.335690710002
21873.335690710002
21873.335690710002
21873.335690710002
21873.335690710002
21873.335690710002
21873.335690710002
21873.335690710002
21873.335690710002
21873.335690710002
21873.335690710002
21873.335690710002
21873.335690710002
21873.335690710002
21873.335690710002
21873.335690710002
21873.335690710002
21873.335690710002
21873.335690710002
21873.335690710002
21873.335690710002
21873.335690710002
21873.335690710002
21873.335690710002
21873.335690710002
21873.335690710002
21873.335690710002
21873.335690710002
21873.335690710002
21873.335690710002
21873.335690710002
21873.335690710002
21873.335690710002
21873.335690710002
21873.335690710002
21873.335690710002
21873.335690710002
21873.335690710002
21873.335690710002
21873.335690710002
21873.335690710002
21873.335690710002
21873.335690710002
21873.335690710002
21873.335690710002
21873.335690710002
21873.335690710002
21873.335690710002
21873.335690710002
21873.335690710002
21873.335690710002
21873.335690710002
21873.335690710002
21873.335690710002
21873.335690710002
21873.335690710002
21873.335690710002
21873.335690710002
21873.335690710002
21873.335690710002
21873.335690710002
21873.335690710002
21873.335690710002
21873.335690710002
21873.335690710002
21873.335690710002
21873.335690710002
21873.335690710002
21873.335690710002
21873.335690710002
21873.335690710002
21873.335690710002
21873.335690710002
21873.335690710002
21404.60720649972
21404.60720649972
21404.60720649972
21404.60720649972
21404.60720649972
21404.60720649972
21404.60720649972
21404.60720649972
21404.60720649972
21404.60720649972
21404.60720649972
21404.60720649972
21404.60720649972
21404.60720649972
21404.60720649972
21404.60720649972
21404.60720649972
21404.60720649972
21404.60720649972
21404.60720649972
21404.60720649972
21404.60720649972
21404.60720649972
21404.60720649972
21404.60720649972
21404.60720649972
21404.60720649972
21404.60720649972
21404.60720649972
21404.60720649972
21404.60720649972
21404.60720649972
21404.60720649972
21404.60720649972
21404.60720649972
21404.60720649972
21404.60720649972
21404.60720649972
21404.60720649972
21404.60720649972
21404.60720649972
21404.60720649972
21404.60720649972
21404.60720649972
21404.60720649972
21404.60720649972
21404.60720649972
21404.60720649972
21404.60720649972
21404.60720649972
21404.60720649972
21404.60720649972
21404.60720649972
21404.60720649972
21404.60720649972
21404.60720649972
21404.60720649972
21404.60720649972
21404.60720649972
21404.60720649972
21404.60720649972
21404.60720649972
21404.60720649972
21404.60720649972
21404.60720649972
21404.60720649972
21404.60720649972
21404.60720649972
21404.60720649972
21404.60720649972
21404.60720649972
21404.60720649972
21404.60720649972
21404.60720649972
21404.60720649972
21404.60720649972
21404.60720649972
21400.478425351466
21400.478425351466
21400.478425351466
21400.478425351466
21400.478425351466
21400.478425351466
21400.478425351466
21400.478425351466
21400.478425351466
21400.478425351466
21400.478425351466
21400.478425351466
21400.478425351466
21400.478425351466
21400.478425351466
21400.478425351466
21400.478425351466
21400.478425351466
21400.478425351466
21400.478425351466
21400.478425351466
21400.478425351466
21400.478425351466
21400.478425351466
21400.478425351466
21400.478425351466
21400.478425351466
21400.478425351466
21400.478425351466
21400.478425351466
21400.478425351466
21400.478425351466
21400.478425351466
21400.478425351466
21400.478425351466
21400.478425351466
21400.478425351466
21400.478425351466
21400.478425351466
21400.478425351466
21400.478425351466
21400.478425351466
21400.478425351466
21400.478425351466
21400.478425351466
21400.478425351466
21400.478425351466
21400.478425351466
21400.478425351466
21400.478425351466
21400.478425351466
21400.478425351466
21400.478425351466
21400.478425351466
21400.478425351466
21400.478425351466
21400.478425351466
21400.478425351466
21400.478425351466
21400.478425351466
21400.478425351466
21400.478425351466
21400.478425351466
21400.478425351466
21400.478425351466
21400.478425351466
21400.478425351466
21400.478425351466
21400.478425351466
21400.478425351466
21400.478425351466
21400.478425351466
21400.478425351466
21400.478425351466
21400.478425351466
21400.478425351466
21400.478425351466
21400.478425351466
21400.478425351466
21400.478425351466
21400.478425351466
21400.478425351466
21400.478425351466
21400.478425351466
21400.478425351466
21400.478425351466
21400.478425351466
21400.478425351466
21400.478425351466
21155.714518396002
21155.714518396002
21155.714518396002
21155.714518396002
21155.714518396002
21155.714518396002
21155.714518396002
21155.714518396002
21155.714518396002
21155.714518396002
21155.714518396002
21155.714518396002
21155.714518396002
21155.714518396002
21155.714518396002
21155.714518396002
21155.714518396002
21155.714518396002
21155.714518396002
21155.714518396002
21155.714518396002
21155.714518396002
21155.714518396002
21155.714518396002
21155.714518396002
21155.714518396002
21155.714518396002
21155.714518396002
21141.092198453753
21141.092198453753
21141.092198453753
21141.092198453753
21141.092198453753
21141.092198453753
21141.092198453753
21141.092198453753
21141.092198453753
21141.092198453753
21141.092198453753
21141.092198453753
21141.092198453753
21141.092198453753
21141.092198453753
21141.092198453753
21141.092198453753
21141.092198453753
21141.092198453753
21141.092198453753
21141.092198453753
21141.092198453753
21141.092198453753
21141.092198453753
21141.092198453753
21141.092198453753
21141.092198453753
21141.092198453753
21141.092198453753
21141.092198453753
21141.092198453753
21141.092198453753
21141.092198453753
20933.7827694468
20933.7827694468
20933.7827694468
20933.7827694468
20933.7827694468
20933.7827694468
20933.7827694468
20933.7827694468
20933.7827694468
20933.7827694468
20933.7827694468
20933.7827694468
20933.7827694468
20933.7827694468
20933.7827694468
20933.7827694468
20933.7827694468
20933.7827694468
20933.7827694468
20933.7827694468
20933.7827694468
20933.7827694468
20933.7827694468
20933.7827694468
20933.7827694468
20933.7827694468
20933.7827694468
20933.7827694468
20933.7827694468
20933.7827694468
20933.7827694468
20933.7827694468
20933.7827694468
20933.7827694468
20933.7827694468
20933.7827694468
20933.7827694468
20933.7827694468
20933.7827694468
20933.7827694468
20933.7827694468
20933.7827694468
20933.7827694468
20933.7827694468
20703.298582560397
20703.298582560397
20703.298582560397
20703.298582560397
20703.298582560397
20703.298582560397
20703.298582560397
20703.298582560397
20703.298582560397
20703.298582560397
20703.298582560397
20703.298582560397
20703.298582560397
20703.298582560397
20703.298582560397
20703.298582560397
20703.298582560397
20703.298582560397
20703.298582560397
20703.298582560397
20703.298582560397
20703.298582560397
20703.298582560397
20703.298582560397
20703.298582560397
20703.298582560397
20703.298582560397
20703.298582560397
20703.298582560397
20703.298582560397
20703.298582560397
20703.298582560397
20703.298582560397
20703.298582560397
20703.298582560397
20703.298582560397
20703.298582560397
20703.298582560397
20703.298582560397
20703.298582560397
20703.298582560397
20703.298582560397
20703.298582560397
20703.298582560397
20703.298582560397
20703.298582560397
20703.298582560397
20703.298582560397
20703.298582560397
20703.298582560397
20703.298582560397
20703.298582560397
20703.298582560397
20703.298582560397
20703.298582560397
20703.298582560397
20703.298582560397
20703.298582560397
20703.298582560397
20703.298582560397
20703.298582560397
20703.298582560397
20703.298582560397
20703.298582560397
20703.298582560397
20703.298582560397
20703.298582560397
20703.298582560397
20703.298582560397
20703.298582560397
20703.298582560397
20703.298582560397
20703.298582560397
20703.298582560397
20703.298582560397
20703.298582560397
20703.298582560397
20703.298582560397
20703.298582560397
20703.298582560397
20703.298582560397
20703.298582560397
Time: 158.9639265537262 seconds 
Best solution: 20703.298582560397 [52, 46, 41, 53, 47, 44, 51, 57, 64, 82, 78, 67, 85, 84, 83, 68, 77, 79, 71, 72, 69, 80, 62, 63, 73, 76, 86, 98, 99, 95, 100, 94, 88, 87, 65, 60, 61, 66, 70, 75, 81, 74, 90, 89, 93, 96, 102, 101, 97, 92, 91, 59, 105, 58, 43, 42, 36, 37, 38, 39, 35, 34, 14, 13, 4, 5, 9, 8, 24, 19, 27, 17, 25, 26, 18, 16, 12, 3, 2, 1, 10, 11, 6, 7, 15, 103, 22, 29, 21, 32, 30, 31, 33, 23, 28, 20, 104, 40, 49, 50, 48, 45, 55, 56, 54]
Avg solution: 32896.577135296786