Alg:1, Run: 4, file: C:\Users\gabri\Documents\AN 3 SEM 2\AI\Lab\Lab3\\lin105.tsp, population number: 1000, generations: 2500 
103394.93066875433
103394.93066875433
103394.93066875433
100504.54420551225
100504.54420551225
100504.54420551225
97815.27374938583
97815.27374938583
97815.27374938583
97815.27374938583
94016.88836091557
94016.88836091557
94016.88836091557
94016.88836091557
94016.88836091557
94016.88836091557
90404.29445709704
90404.29445709704
90404.29445709704
90404.29445709704
90404.29445709704
87682.35505235441
87682.35505235441
87682.35505235441
87040.59673926553
87040.59673926553
86326.9147135508
86090.19150297239
86090.19150297239
86090.19150297239
86090.19150297239
85220.14326765457
85220.14326765457
85220.14326765457
85220.14326765457
85220.14326765457
85220.14326765457
81576.04053350056
81576.04053350056
81164.95208594999
81164.95208594999
81164.95208594999
81164.95208594999
80496.24648962934
80496.24648962934
77336.85307902451
77336.85307902451
77336.85307902451
77336.85307902451
77336.85307902451
77336.85307902451
77336.85307902451
77336.85307902451
77336.85307902451
77336.85307902451
77336.85307902451
73322.89131275062
73322.89131275062
73322.89131275062
73322.89131275062
73322.89131275062
73322.89131275062
73322.89131275062
73322.89131275062
73322.89131275062
73322.89131275062
73322.89131275062
73322.89131275062
73322.89131275062
73322.89131275062
73322.89131275062
73322.89131275062
73322.89131275062
73322.89131275062
73322.89131275062
73322.89131275062
73322.89131275062
73322.89131275062
73322.89131275062
73322.89131275062
73322.89131275062
72994.30450707508
72994.30450707508
70340.4113124812
70340.4113124812
70340.4113124812
70340.4113124812
70340.4113124812
70340.4113124812
70340.4113124812
70340.4113124812
70340.4113124812
70340.4113124812
70340.4113124812
70340.4113124812
70340.4113124812
70340.4113124812
70340.4113124812
70340.4113124812
69467.78316646782
69467.78316646782
69467.78316646782
69467.78316646782
69467.78316646782
68934.95718767804
68934.95718767804
67222.79989134622
67222.79989134622
67222.79989134622
67222.79989134622
67222.79989134622
67222.79989134622
67222.79989134622
67222.79989134622
67222.79989134622
67222.79989134622
67222.79989134622
67222.79989134622
67222.79989134622
67222.79989134622
66599.00063139739
66599.00063139739
65713.27317325119
65713.27317325119
65713.27317325119
65713.27317325119
65713.27317325119
65713.27317325119
65713.27317325119
65713.27317325119
65713.27317325119
65713.27317325119
65713.27317325119
65713.27317325119
65713.27317325119
65260.28011052629
65260.28011052629
65260.28011052629
65190.20408111264
64861.033546839084
64861.033546839084
64861.033546839084
64861.033546839084
64861.033546839084
64452.81121391659
63723.79769663217
63723.79769663217
63723.79769663217
63723.79769663217
63723.79769663217
63723.79769663217
63723.79769663217
63723.79769663217
63723.79769663217
63723.79769663217
63723.79769663217
63723.79769663217
63723.79769663217
61713.987175899696
61713.987175899696
61713.987175899696
61713.987175899696
61713.987175899696
61713.987175899696
61713.987175899696
61713.987175899696
61713.987175899696
61713.987175899696
61713.987175899696
61713.987175899696
61626.06917246586
59520.921850612904
59520.921850612904
59520.921850612904
59520.921850612904
59520.921850612904
59520.921850612904
59520.921850612904
59520.921850612904
59520.921850612904
59520.921850612904
59520.921850612904
59520.921850612904
59160.594620447766
58957.07989954369
58957.07989954369
58957.07989954369
58957.07989954369
58957.07989954369
58957.07989954369
58957.07989954369
58957.07989954369
58957.07989954369
58957.07989954369
58957.07989954369
58957.07989954369
58957.07989954369
58957.07989954369
58957.07989954369
58957.07989954369
58957.07989954369
56425.858886408525
56425.858886408525
56425.858886408525
56425.858886408525
56425.858886408525
56425.858886408525
56425.858886408525
56425.858886408525
56425.858886408525
56425.858886408525
56425.858886408525
56425.858886408525
56425.858886408525
56425.858886408525
56425.858886408525
56425.858886408525
55137.62205467046
55137.62205467046
55137.62205467046
55137.62205467046
55137.62205467046
55137.62205467046
55137.62205467046
55137.62205467046
55137.62205467046
55137.62205467046
55137.62205467046
55137.62205467046
55137.62205467046
55137.62205467046
55137.62205467046
55082.59492852834
55082.59492852834
55082.59492852834
55082.59492852834
55082.59492852834
55082.59492852834
55082.59492852834
55082.59492852834
55082.59492852834
55082.59492852834
54690.802648491204
54690.802648491204
54381.687194853424
54381.687194853424
54381.687194853424
54381.687194853424
54381.687194853424
54381.687194853424
54381.687194853424
54381.687194853424
53544.27374528973
53544.27374528973
53544.27374528973
53433.6912389299
53433.6912389299
53433.6912389299
53433.6912389299
53433.6912389299
53433.6912389299
53433.6912389299
53433.6912389299
53433.6912389299
53433.6912389299
53433.6912389299
51590.42467308316
51590.42467308316
51590.42467308316
51590.42467308316
51590.42467308316
51590.42467308316
51590.42467308316
51590.42467308316
51590.42467308316
50750.05494022608
50750.05494022608
50750.05494022608
50750.05494022608
50750.05494022608
50750.05494022608
50750.05494022608
50750.05494022608
50750.05494022608
50750.05494022608
50750.05494022608
50695.34957002158
50695.34957002158
50695.34957002158
50695.34957002158
50695.34957002158
50695.34957002158
50695.34957002158
50695.34957002158
50695.34957002158
50695.34957002158
50695.34957002158
50695.34957002158
50695.34957002158
50695.34957002158
50695.34957002158
50262.75944772403
50262.75944772403
50262.75944772403
50262.75944772403
50262.75944772403
50184.83650757768
50184.83650757768
48388.982005849444
48388.982005849444
48388.982005849444
48388.982005849444
48388.982005849444
48388.982005849444
48388.982005849444
48388.982005849444
48388.982005849444
48388.982005849444
48388.982005849444
48388.982005849444
48388.982005849444
48388.982005849444
48388.982005849444
48388.982005849444
48388.982005849444
48388.982005849444
48388.982005849444
48388.982005849444
48388.982005849444
48388.982005849444
48388.982005849444
48388.982005849444
47467.52245750769
47467.52245750769
47467.52245750769
47467.52245750769
47467.52245750769
47467.52245750769
47467.52245750769
47467.52245750769
47467.52245750769
47467.52245750769
47467.52245750769
47467.52245750769
47467.52245750769
47467.52245750769
47467.52245750769
47467.52245750769
47467.52245750769
47467.52245750769
47467.52245750769
47467.52245750769
46632.896950394424
46632.896950394424
46632.896950394424
46632.896950394424
46632.896950394424
46606.909513416074
46606.909513416074
46606.909513416074
45807.94749204397
45807.94749204397
45807.94749204397
45807.94749204397
45807.94749204397
45807.94749204397
45807.94749204397
45807.94749204397
45807.94749204397
45807.94749204397
45807.94749204397
45807.94749204397
45807.94749204397
45807.94749204397
45077.74880047367
45077.74880047367
45077.74880047367
45077.74880047367
45077.74880047367
45077.74880047367
45077.74880047367
45077.74880047367
45077.74880047367
45077.74880047367
45077.74880047367
45077.74880047367
45077.74880047367
45077.74880047367
45077.74880047367
45077.74880047367
45077.74880047367
45077.74880047367
45077.74880047367
45077.74880047367
45077.74880047367
45077.74880047367
45077.74880047367
45077.74880047367
45077.74880047367
45077.74880047367
45077.74880047367
45077.74880047367
45077.74880047367
43708.59893864679
43708.59893864679
43708.59893864679
43708.59893864679
43708.59893864679
43708.59893864679
43708.59893864679
43708.59893864679
43708.59893864679
43708.59893864679
43708.59893864679
43708.59893864679
43708.59893864679
43708.59893864679
43708.59893864679
43708.59893864679
43708.59893864679
43708.59893864679
43708.59893864679
43708.59893864679
43221.3918648028
43190.442103312074
43190.442103312074
43190.442103312074
43190.442103312074
43190.442103312074
43190.442103312074
43190.442103312074
43190.442103312074
43190.442103312074
43190.442103312074
43190.442103312074
43190.442103312074
43190.442103312074
43190.442103312074
43190.442103312074
43190.442103312074
43011.367268362665
43011.367268362665
43011.367268362665
43011.367268362665
43011.367268362665
43011.367268362665
43011.367268362665
43011.367268362665
43011.367268362665
43011.367268362665
43011.367268362665
43011.367268362665
42951.23737095476
42951.23737095476
42951.23737095476
42951.23737095476
42951.23737095476
42951.23737095476
42272.48772102447
42272.48772102447
42120.15642859765
42120.15642859765
42120.15642859765
42120.15642859765
42120.15642859765
42120.15642859765
42120.15642859765
42120.15642859765
42120.15642859765
42120.15642859765
42084.06632932052
42084.06632932052
42084.06632932052
42084.06632932052
42084.06632932052
42084.06632932052
42084.06632932052
41608.518257576856
41608.518257576856
40630.62182061959
40630.62182061959
40630.62182061959
40630.62182061959
40630.62182061959
40630.62182061959
40630.62182061959
40630.62182061959
40630.62182061959
40630.62182061959
40630.62182061959
40630.62182061959
40630.62182061959
40630.62182061959
40630.62182061959
40630.62182061959
40630.62182061959
40630.62182061959
40630.62182061959
40630.62182061959
40630.62182061959
40630.62182061959
40630.62182061959
40630.62182061959
40630.62182061959
40630.62182061959
40630.62182061959
40630.62182061959
40630.62182061959
40630.62182061959
40630.62182061959
40630.62182061959
40630.62182061959
40630.62182061959
40630.62182061959
40630.62182061959
40630.62182061959
40630.62182061959
40630.62182061959
39506.78268427931
39506.78268427931
39506.78268427931
39506.78268427931
39506.78268427931
39506.78268427931
39506.78268427931
39506.78268427931
39506.78268427931
39506.78268427931
39506.78268427931
39506.78268427931
38237.94569357674
38237.94569357674
38237.94569357674
38237.94569357674
38237.94569357674
38237.94569357674
38237.94569357674
38237.94569357674
38237.94569357674
38237.94569357674
38237.94569357674
38237.94569357674
38237.94569357674
38237.94569357674
38237.94569357674
38237.94569357674
37931.76897987461
37931.76897987461
37931.76897987461
37931.76897987461
37931.76897987461
37931.76897987461
37931.76897987461
37931.76897987461
37931.76897987461
37931.76897987461
37931.76897987461
37931.76897987461
37931.76897987461
37931.76897987461
37931.76897987461
37931.76897987461
37931.76897987461
37931.76897987461
37931.76897987461
37820.64827693928
37820.64827693928
37820.64827693928
37820.64827693928
37820.64827693928
37820.64827693928
37820.64827693928
37820.64827693928
37820.64827693928
37820.64827693928
37820.64827693928
37820.64827693928
37820.64827693928
37820.64827693928
37820.64827693928
37820.64827693928
37820.64827693928
37820.64827693928
37820.64827693928
37820.64827693928
37820.64827693928
37321.352482658105
37321.352482658105
37321.352482658105
37321.352482658105
37321.352482658105
37321.352482658105
37321.352482658105
37321.352482658105
37199.353781271246
37199.353781271246
37199.353781271246
37199.353781271246
37199.353781271246
37199.353781271246
37199.353781271246
37199.353781271246
37199.353781271246
37199.353781271246
36542.34551770425
36542.34551770425
36542.34551770425
36391.98688948822
36031.24173408415
36031.24173408415
36031.24173408415
36031.24173408415
36031.24173408415
36031.24173408415
36031.24173408415
36031.24173408415
36031.24173408415
36031.24173408415
36031.24173408415
36031.24173408415
36031.24173408415
35882.31569293084
35882.31569293084
35882.31569293084
35882.31569293084
35882.31569293084
35882.31569293084
35882.31569293084
35882.31569293084
35882.31569293084
35882.31569293084
35882.31569293084
35882.31569293084
35882.31569293084
35882.31569293084
35882.31569293084
35882.31569293084
35882.31569293084
35882.31569293084
35882.31569293084
35882.31569293084
35882.31569293084
35882.31569293084
35882.31569293084
35882.31569293084
35882.31569293084
35882.31569293084
35882.31569293084
35882.31569293084
35882.31569293084
35882.31569293084
35882.31569293084
35725.05907321489
35725.05907321489
35725.05907321489
35545.56925250764
35545.56925250764
35545.56925250764
35545.56925250764
35545.56925250764
35545.56925250764
35545.56925250764
35545.56925250764
34947.38742144108
34947.38742144108
34947.38742144108
34947.38742144108
34947.38742144108
34947.38742144108
34947.38742144108
34947.38742144108
34947.38742144108
34947.38742144108
34947.38742144108
34947.38742144108
34947.38742144108
34947.38742144108
34947.38742144108
34947.38742144108
34947.38742144108
34947.38742144108
34947.38742144108
34947.38742144108
34919.242064308964
34919.242064308964
34919.242064308964
34919.242064308964
34919.242064308964
34460.15420167478
34460.15420167478
34398.27559205921
34398.27559205921
34398.27559205921
34398.27559205921
34398.27559205921
34398.27559205921
34398.27559205921
34398.27559205921
34398.27559205921
34398.27559205921
34398.27559205921
34398.27559205921
34398.27559205921
34398.27559205921
34398.27559205921
34398.27559205921
34398.27559205921
34398.27559205921
34398.27559205921
34398.27559205921
34398.27559205921
34398.27559205921
34398.27559205921
34398.27559205921
34398.27559205921
34398.27559205921
34398.27559205921
34398.27559205921
34398.27559205921
34398.27559205921
34398.27559205921
34398.27559205921
34398.27559205921
34398.27559205921
34398.27559205921
34306.69850960744
34306.69850960744
34306.69850960744
34306.69850960744
33567.03580357838
33567.03580357838
33567.03580357838
33567.03580357838
33567.03580357838
33567.03580357838
33567.03580357838
33567.03580357838
33567.03580357838
33567.03580357838
33567.03580357838
33567.03580357838
33567.03580357838
33567.03580357838
33567.03580357838
33567.03580357838
33567.03580357838
33567.03580357838
33567.03580357838
33567.03580357838
33404.26347025782
33404.26347025782
33404.26347025782
33404.26347025782
33404.26347025782
33404.26347025782
33404.26347025782
33404.26347025782
33404.26347025782
33404.26347025782
33404.26347025782
33404.26347025782
33404.26347025782
33404.26347025782
33404.26347025782
33404.26347025782
33404.26347025782
33404.26347025782
33404.26347025782
33404.26347025782
33404.26347025782
33404.26347025782
33404.26347025782
33404.26347025782
33404.26347025782
33404.26347025782
33404.26347025782
33404.26347025782
32383.213015256348
32383.213015256348
32383.213015256348
32383.213015256348
32383.213015256348
32383.213015256348
32383.213015256348
32383.213015256348
32383.213015256348
32383.213015256348
32383.213015256348
32383.213015256348
32383.213015256348
32383.213015256348
32383.213015256348
32383.213015256348
32383.213015256348
32383.213015256348
32383.213015256348
32383.213015256348
32383.213015256348
32383.213015256348
32383.213015256348
32383.213015256348
32383.213015256348
32383.213015256348
32383.213015256348
32383.213015256348
32383.213015256348
32383.213015256348
32383.213015256348
32383.213015256348
32383.213015256348
32383.213015256348
32383.213015256348
32383.213015256348
32383.213015256348
32383.213015256348
32383.213015256348
32383.213015256348
32383.213015256348
32383.213015256348
32383.213015256348
32383.213015256348
32383.213015256348
32383.213015256348
32383.213015256348
32383.213015256348
32383.213015256348
32383.213015256348
32383.213015256348
32383.213015256348
32383.213015256348
32383.213015256348
32383.213015256348
32383.213015256348
32383.213015256348
32383.213015256348
32383.213015256348
32383.213015256348
32383.213015256348
31873.756852699422
31873.756852699422
31873.756852699422
31873.756852699422
31873.756852699422
31873.756852699422
31873.756852699422
31873.756852699422
31873.756852699422
31873.756852699422
31873.756852699422
31873.756852699422
31873.756852699422
31873.756852699422
31873.756852699422
31873.756852699422
31873.756852699422
31873.756852699422
31873.756852699422
31873.756852699422
31873.756852699422
31873.756852699422
31873.756852699422
31873.756852699422
31873.756852699422
31873.756852699422
31873.756852699422
31873.756852699422
31873.756852699422
31873.756852699422
31873.756852699422
31873.756852699422
31873.756852699422
31873.756852699422
31873.756852699422
31873.756852699422
31873.756852699422
31873.756852699422
31873.756852699422
31873.756852699422
31873.756852699422
31873.756852699422
31873.756852699422
31873.756852699422
31873.756852699422
31873.756852699422
31873.756852699422
31873.756852699422
31873.756852699422
31873.756852699422
31873.756852699422
31873.756852699422
31873.756852699422
31873.756852699422
31873.756852699422
31873.756852699422
31873.756852699422
31873.756852699422
31873.756852699422
31873.756852699422
31873.756852699422
31873.756852699422
31873.756852699422
31873.756852699422
31873.756852699422
31873.756852699422
31873.756852699422
31873.756852699422
31873.756852699422
31873.756852699422
31873.756852699422
31873.756852699422
31873.756852699422
31466.969827233424
31466.969827233424
31466.969827233424
31466.969827233424
31466.969827233424
31466.969827233424
31466.969827233424
31466.969827233424
31466.969827233424
31466.969827233424
31466.969827233424
31466.969827233424
31466.969827233424
31466.969827233424
31466.969827233424
31466.969827233424
31466.969827233424
31466.969827233424
31466.969827233424
31466.969827233424
31466.969827233424
31466.969827233424
31466.969827233424
31466.969827233424
31466.969827233424
31466.969827233424
31466.969827233424
31466.969827233424
31466.969827233424
31466.969827233424
31466.969827233424
31466.969827233424
31466.969827233424
31466.969827233424
31466.969827233424
31466.969827233424
31466.969827233424
31466.969827233424
31466.969827233424
31466.969827233424
31466.969827233424
31466.969827233424
31466.969827233424
31466.969827233424
31466.969827233424
31466.969827233424
31466.969827233424
31466.969827233424
31466.969827233424
31466.969827233424
31466.969827233424
31466.969827233424
31466.969827233424
31466.969827233424
31466.969827233424
31466.969827233424
31466.969827233424
31466.969827233424
31466.969827233424
31466.969827233424
31466.969827233424
31466.969827233424
31466.969827233424
31466.969827233424
31466.969827233424
31466.969827233424
31466.969827233424
31466.969827233424
31466.969827233424
31466.969827233424
31466.969827233424
31466.969827233424
30783.186215934264
30783.186215934264
30783.186215934264
30783.186215934264
30783.186215934264
30783.186215934264
30783.186215934264
30783.186215934264
30783.186215934264
30783.186215934264
30783.186215934264
30783.186215934264
30783.186215934264
30783.186215934264
30783.186215934264
30783.186215934264
30783.186215934264
30783.186215934264
30783.186215934264
30783.186215934264
30783.186215934264
30783.186215934264
30783.186215934264
30783.186215934264
30783.186215934264
30783.186215934264
30783.186215934264
30783.186215934264
30783.186215934264
30783.186215934264
30783.186215934264
30783.186215934264
30783.186215934264
30783.186215934264
30783.186215934264
30783.186215934264
30756.108851533518
30756.108851533518
30756.108851533518
30756.108851533518
30756.108851533518
30756.108851533518
30756.108851533518
30756.108851533518
30756.108851533518
30756.108851533518
30756.108851533518
30722.515585912086
30722.515585912086
30722.515585912086
30722.515585912086
30722.515585912086
30722.515585912086
30722.515585912086
30722.515585912086
30722.515585912086
30722.515585912086
30722.515585912086
30722.515585912086
30722.515585912086
30722.515585912086
30722.515585912086
30722.515585912086
30722.515585912086
30722.515585912086
30722.515585912086
30722.515585912086
30722.515585912086
30722.515585912086
30722.515585912086
30722.515585912086
30620.248409541
30620.248409541
30620.248409541
30620.248409541
30620.248409541
30620.248409541
30620.248409541
30620.248409541
30620.248409541
30620.248409541
30620.248409541
30620.248409541
30620.248409541
30620.248409541
30028.932433905185
30028.932433905185
30028.932433905185
30028.932433905185
30028.932433905185
30028.932433905185
30028.932433905185
30028.932433905185
30028.932433905185
30028.932433905185
30028.932433905185
30028.932433905185
30028.932433905185
30028.932433905185
30028.932433905185
30028.932433905185
30028.932433905185
30028.932433905185
30028.932433905185
30028.932433905185
30028.932433905185
30028.932433905185
30028.932433905185
30028.932433905185
30028.932433905185
30028.932433905185
30028.932433905185
30028.932433905185
30028.932433905185
30028.932433905185
30028.932433905185
30028.932433905185
30028.932433905185
30028.932433905185
30028.932433905185
30028.932433905185
30028.932433905185
30028.932433905185
30028.932433905185
30028.932433905185
30028.932433905185
30028.932433905185
30028.932433905185
30028.932433905185
30028.932433905185
30028.932433905185
30028.932433905185
30028.932433905185
30028.932433905185
30028.932433905185
30028.932433905185
30028.932433905185
30028.932433905185
30028.932433905185
30028.932433905185
30028.932433905185
30028.932433905185
30028.932433905185
29592.04460816334
29592.04460816334
29592.04460816334
29592.04460816334
29592.04460816334
29592.04460816334
29592.04460816334
29592.04460816334
29592.04460816334
29592.04460816334
29592.04460816334
29592.04460816334
29592.04460816334
29592.04460816334
29592.04460816334
29592.04460816334
29592.04460816334
29592.04460816334
29592.04460816334
29592.04460816334
29592.04460816334
29592.04460816334
29592.04460816334
29592.04460816334
29592.04460816334
29592.04460816334
29592.04460816334
29592.04460816334
29446.001861028075
29446.001861028075
29446.001861028075
29446.001861028075
29446.001861028075
29446.001861028075
29446.001861028075
29446.001861028075
29446.001861028075
29446.001861028075
29123.89999799492
29123.89999799492
29123.89999799492
29123.89999799492
29123.89999799492
29123.89999799492
29123.89999799492
29123.89999799492
29123.89999799492
29123.89999799492
29123.89999799492
29123.89999799492
29123.89999799492
29123.89999799492
29123.89999799492
29123.89999799492
29123.89999799492
29123.89999799492
29123.89999799492
29123.89999799492
29123.89999799492
29123.89999799492
29123.89999799492
29123.89999799492
29123.89999799492
29123.89999799492
29123.89999799492
29123.89999799492
29123.89999799492
29123.89999799492
29123.89999799492
29123.89999799492
29123.89999799492
29123.89999799492
29123.89999799492
29123.89999799492
29123.89999799492
29123.89999799492
28215.21293884159
28215.21293884159
28215.21293884159
28215.21293884159
28215.21293884159
28215.21293884159
28215.21293884159
28215.21293884159
28215.21293884159
28215.21293884159
28215.21293884159
28215.21293884159
28215.21293884159
28215.21293884159
28215.21293884159
28215.21293884159
28215.21293884159
28215.21293884159
28215.21293884159
28215.21293884159
28215.21293884159
28215.21293884159
28215.21293884159
28215.21293884159
28215.21293884159
28215.21293884159
28215.21293884159
28215.21293884159
28215.21293884159
28215.21293884159
28215.21293884159
28215.21293884159
28215.21293884159
28215.21293884159
28215.21293884159
28215.21293884159
28215.21293884159
28215.21293884159
28215.21293884159
28215.21293884159
28215.21293884159
28215.21293884159
28215.21293884159
28215.21293884159
28215.21293884159
28215.21293884159
28215.21293884159
28215.21293884159
28215.21293884159
28215.21293884159
28215.21293884159
28215.21293884159
28215.21293884159
28215.21293884159
28215.21293884159
28215.21293884159
28215.21293884159
28215.21293884159
28215.21293884159
28215.21293884159
28215.21293884159
28215.21293884159
28215.21293884159
28215.21293884159
28215.21293884159
28215.21293884159
28215.21293884159
28215.21293884159
28215.21293884159
28215.21293884159
28215.21293884159
28215.21293884159
28215.21293884159
28215.21293884159
28215.21293884159
28215.21293884159
28215.21293884159
28215.21293884159
28215.21293884159
28215.21293884159
28215.21293884159
28215.21293884159
28215.21293884159
28215.21293884159
28215.21293884159
28215.21293884159
28215.21293884159
28215.21293884159
28215.21293884159
28215.21293884159
28215.21293884159
28215.21293884159
28215.21293884159
28215.21293884159
28215.21293884159
28215.21293884159
28215.21293884159
28215.21293884159
28215.21293884159
28215.21293884159
28215.21293884159
28215.21293884159
28215.21293884159
28215.21293884159
28215.21293884159
28215.21293884159
28215.21293884159
27963.333657756833
27963.333657756833
27963.333657756833
27963.333657756833
27963.333657756833
27963.333657756833
27963.333657756833
27963.333657756833
27963.333657756833
27963.333657756833
27963.333657756833
27963.333657756833
27963.333657756833
27963.333657756833
27963.333657756833
27963.333657756833
27963.333657756833
27963.333657756833
27963.333657756833
27963.333657756833
27963.333657756833
27963.333657756833
27963.333657756833
27963.333657756833
27963.333657756833
27963.333657756833
27963.333657756833
27963.333657756833
27963.333657756833
27963.333657756833
27963.333657756833
27963.333657756833
27963.333657756833
27963.333657756833
27963.333657756833
27963.333657756833
27963.333657756833
27963.333657756833
27963.333657756833
27963.333657756833
27963.333657756833
27963.333657756833
27963.333657756833
27963.333657756833
27963.333657756833
27963.333657756833
27963.333657756833
27963.333657756833
27963.333657756833
27963.333657756833
27963.333657756833
27963.333657756833
27963.333657756833
27963.333657756833
27620.161728927236
27620.161728927236
27620.161728927236
27620.161728927236
27620.161728927236
27620.161728927236
27620.161728927236
27620.161728927236
27620.161728927236
27620.161728927236
27620.161728927236
27620.161728927236
27620.161728927236
27620.161728927236
27620.161728927236
27620.161728927236
27620.161728927236
27620.161728927236
27620.161728927236
27620.161728927236
27620.161728927236
27620.161728927236
27620.161728927236
27620.161728927236
27620.161728927236
27620.161728927236
27620.161728927236
27620.161728927236
27620.161728927236
27620.161728927236
27620.161728927236
27620.161728927236
27620.161728927236
27620.161728927236
27620.161728927236
27620.161728927236
27620.161728927236
26944.053471357347
26944.053471357347
26944.053471357347
26944.053471357347
26944.053471357347
26944.053471357347
26944.053471357347
26944.053471357347
26944.053471357347
26944.053471357347
26944.053471357347
26944.053471357347
26944.053471357347
26944.053471357347
26944.053471357347
26944.053471357347
26944.053471357347
26944.053471357347
26944.053471357347
26944.053471357347
26944.053471357347
26944.053471357347
26944.053471357347
26944.053471357347
26944.053471357347
26944.053471357347
26944.053471357347
26944.053471357347
26944.053471357347
26944.053471357347
26944.053471357347
26944.053471357347
26944.053471357347
26944.053471357347
26944.053471357347
26944.053471357347
26944.053471357347
26944.053471357347
26944.053471357347
26944.053471357347
26944.053471357347
26944.053471357347
26944.053471357347
26944.053471357347
26944.053471357347
26944.053471357347
26944.053471357347
26944.053471357347
26944.053471357347
26944.053471357347
26944.053471357347
26944.053471357347
26944.053471357347
26944.053471357347
26944.053471357347
26944.053471357347
26944.053471357347
26944.053471357347
26944.053471357347
26944.053471357347
26944.053471357347
26944.053471357347
26944.053471357347
26944.053471357347
26944.053471357347
26944.053471357347
26944.053471357347
26944.053471357347
26944.053471357347
26944.053471357347
26944.053471357347
26944.053471357347
26944.053471357347
26906.083168158893
26906.083168158893
26906.083168158893
26906.083168158893
26906.083168158893
26906.083168158893
26906.083168158893
26906.083168158893
26906.083168158893
26906.083168158893
26906.083168158893
26906.083168158893
26906.083168158893
26906.083168158893
26906.083168158893
26906.083168158893
26906.083168158893
26906.083168158893
26906.083168158893
26906.083168158893
26906.083168158893
26906.083168158893
26906.083168158893
26906.083168158893
26906.083168158893
26906.083168158893
26906.083168158893
26906.083168158893
26906.083168158893
26906.083168158893
26906.083168158893
26906.083168158893
26906.083168158893
26906.083168158893
26906.083168158893
26906.083168158893
26906.083168158893
26906.083168158893
26906.083168158893
26906.083168158893
26906.083168158893
26906.083168158893
26906.083168158893
26906.083168158893
26906.083168158893
26906.083168158893
26906.083168158893
26906.083168158893
26906.083168158893
26906.083168158893
26906.083168158893
26906.083168158893
26906.083168158893
26906.083168158893
26906.083168158893
26906.083168158893
26906.083168158893
26906.083168158893
26906.083168158893
26906.083168158893
26906.083168158893
26906.083168158893
26906.083168158893
26906.083168158893
26906.083168158893
26906.083168158893
26906.083168158893
26906.083168158893
26906.083168158893
26906.083168158893
26906.083168158893
26906.083168158893
26906.083168158893
26906.083168158893
26906.083168158893
26906.083168158893
26906.083168158893
26906.083168158893
26906.083168158893
26906.083168158893
26906.083168158893
26906.083168158893
26906.083168158893
26906.083168158893
26906.083168158893
26906.083168158893
26906.083168158893
26906.083168158893
26906.083168158893
26906.083168158893
26906.083168158893
26906.083168158893
26906.083168158893
26906.083168158893
26906.083168158893
26906.083168158893
26906.083168158893
26906.083168158893
26906.083168158893
26810.70522845024
26810.70522845024
26810.70522845024
26810.70522845024
26810.70522845024
26810.70522845024
26810.70522845024
26296.276591400914
26296.276591400914
26296.276591400914
26296.276591400914
26296.276591400914
26296.276591400914
26296.276591400914
26296.276591400914
26296.276591400914
26296.276591400914
26296.276591400914
26296.276591400914
26296.276591400914
26296.276591400914
26296.276591400914
26296.276591400914
26296.276591400914
26296.276591400914
26296.276591400914
26296.276591400914
26296.276591400914
26296.276591400914
26296.276591400914
26296.276591400914
26296.276591400914
26296.276591400914
26296.276591400914
26296.276591400914
26296.276591400914
26296.276591400914
26296.276591400914
26296.276591400914
26296.276591400914
26296.276591400914
26296.276591400914
26296.276591400914
26296.276591400914
26296.276591400914
26296.276591400914
26296.276591400914
26296.276591400914
26296.276591400914
26296.276591400914
26296.276591400914
26296.276591400914
26296.276591400914
26296.276591400914
26296.276591400914
26296.276591400914
26296.276591400914
26296.276591400914
26296.276591400914
26296.276591400914
26296.276591400914
26296.276591400914
26296.276591400914
26296.276591400914
26296.276591400914
26296.276591400914
26296.276591400914
26296.276591400914
26296.276591400914
26296.276591400914
26296.276591400914
26296.276591400914
26296.276591400914
26296.276591400914
26296.276591400914
26296.276591400914
26296.276591400914
26296.276591400914
26296.276591400914
26296.276591400914
25966.17169781068
25966.17169781068
25966.17169781068
25966.17169781068
25966.17169781068
25966.17169781068
25966.17169781068
25966.17169781068
25966.17169781068
25966.17169781068
25966.17169781068
25966.17169781068
25966.17169781068
25966.17169781068
25966.17169781068
25966.17169781068
25966.17169781068
25966.17169781068
25966.17169781068
25966.17169781068
25966.17169781068
25966.17169781068
25966.17169781068
25966.17169781068
25966.17169781068
25966.17169781068
25966.17169781068
25966.17169781068
25966.17169781068
25966.17169781068
25966.17169781068
25966.17169781068
25966.17169781068
25966.17169781068
25966.17169781068
25672.683994683928
25672.683994683928
25672.683994683928
25672.683994683928
25672.683994683928
25672.683994683928
25672.683994683928
25672.683994683928
25672.683994683928
25672.683994683928
25672.683994683928
25672.683994683928
25672.683994683928
25672.683994683928
25672.683994683928
25672.683994683928
25672.683994683928
25672.683994683928
25672.683994683928
25672.683994683928
25672.683994683928
25672.683994683928
25672.683994683928
25672.683994683928
25672.683994683928
25672.683994683928
25672.683994683928
25672.683994683928
25672.683994683928
25672.683994683928
25672.683994683928
25672.683994683928
25672.683994683928
25672.683994683928
25672.683994683928
25672.683994683928
25672.683994683928
25672.683994683928
25672.683994683928
25672.683994683928
25672.683994683928
25672.683994683928
25672.683994683928
25672.683994683928
25672.683994683928
25672.683994683928
25672.683994683928
25672.683994683928
25672.683994683928
25672.683994683928
25672.683994683928
25672.683994683928
25672.683994683928
25672.683994683928
25672.683994683928
25672.683994683928
25672.683994683928
25672.683994683928
25672.683994683928
25672.683994683928
25672.683994683928
25672.683994683928
25672.683994683928
25672.683994683928
25672.683994683928
25672.683994683928
25672.683994683928
25672.683994683928
25672.683994683928
25624.219259804297
25624.219259804297
25624.219259804297
25624.219259804297
25624.219259804297
25624.219259804297
25624.219259804297
25624.219259804297
25624.219259804297
25624.219259804297
25624.219259804297
25624.219259804297
25624.219259804297
25624.219259804297
25624.219259804297
25624.219259804297
25624.219259804297
25624.219259804297
25624.219259804297
25624.219259804297
25624.219259804297
25624.219259804297
24394.816742870036
24394.816742870036
24394.816742870036
24394.816742870036
24394.816742870036
24394.816742870036
24394.816742870036
24394.816742870036
24394.816742870036
24394.816742870036
24394.816742870036
24394.816742870036
24394.816742870036
24394.816742870036
24394.816742870036
24394.816742870036
24394.816742870036
24394.816742870036
24394.816742870036
24394.816742870036
24394.816742870036
24394.816742870036
24394.816742870036
24394.816742870036
24394.816742870036
24394.816742870036
24394.816742870036
24394.816742870036
24394.816742870036
24394.816742870036
24394.816742870036
24394.816742870036
24394.816742870036
24394.816742870036
24394.816742870036
24394.816742870036
24394.816742870036
24394.816742870036
24394.816742870036
24394.816742870036
24394.816742870036
24394.816742870036
24394.816742870036
24394.816742870036
24394.816742870036
24394.816742870036
24394.816742870036
24394.816742870036
24394.816742870036
24394.816742870036
24394.816742870036
24394.816742870036
24394.816742870036
24394.816742870036
24394.816742870036
24394.816742870036
24394.816742870036
24394.816742870036
24394.816742870036
24394.816742870036
24394.816742870036
24394.816742870036
24394.816742870036
24394.816742870036
24394.816742870036
24394.816742870036
24394.816742870036
24394.816742870036
24394.816742870036
24394.816742870036
24394.816742870036
24394.816742870036
24394.816742870036
24394.816742870036
24394.816742870036
24394.816742870036
24394.816742870036
24394.816742870036
24394.816742870036
24394.816742870036
24394.816742870036
24394.816742870036
24394.816742870036
24394.816742870036
24394.816742870036
24394.816742870036
24394.816742870036
24394.816742870036
24394.816742870036
24394.816742870036
24394.816742870036
24394.816742870036
24394.816742870036
24394.816742870036
24394.816742870036
24394.816742870036
24394.816742870036
24394.816742870036
24394.816742870036
24394.816742870036
24394.816742870036
24394.816742870036
24394.816742870036
24394.816742870036
23925.706334532075
23925.706334532075
23925.706334532075
23925.706334532075
23925.706334532075
23925.706334532075
23925.706334532075
23925.706334532075
23925.706334532075
23925.706334532075
23925.706334532075
23925.706334532075
23925.706334532075
23925.706334532075
23925.706334532075
23925.706334532075
23925.706334532075
23925.706334532075
23925.706334532075
23925.706334532075
23925.706334532075
23925.706334532075
23925.706334532075
23925.706334532075
23925.706334532075
23925.706334532075
23925.706334532075
23925.706334532075
23925.706334532075
23925.706334532075
23925.706334532075
23925.706334532075
23925.706334532075
23925.706334532075
23925.706334532075
23925.706334532075
23925.706334532075
23925.706334532075
23925.706334532075
23925.706334532075
23925.706334532075
23925.706334532075
23925.706334532075
23925.706334532075
23925.706334532075
23925.706334532075
23925.706334532075
23925.706334532075
23925.706334532075
23925.706334532075
23925.706334532075
23925.706334532075
23925.706334532075
23925.706334532075
23925.706334532075
23925.706334532075
23925.706334532075
23925.706334532075
23925.706334532075
23925.706334532075
23925.706334532075
23925.706334532075
23925.706334532075
23925.706334532075
23925.706334532075
23925.706334532075
23925.706334532075
23925.706334532075
23925.706334532075
23925.706334532075
23925.706334532075
23925.706334532075
23925.706334532075
23925.706334532075
23925.706334532075
23925.706334532075
23925.706334532075
23925.706334532075
23925.706334532075
23925.706334532075
23925.706334532075
23925.706334532075
23925.706334532075
23925.706334532075
23925.706334532075
23925.706334532075
23925.706334532075
23925.706334532075
23925.706334532075
23925.706334532075
23925.706334532075
23925.706334532075
23925.706334532075
23925.706334532075
23925.706334532075
23925.706334532075
23925.706334532075
23925.706334532075
23925.706334532075
23925.706334532075
23925.706334532075
23925.706334532075
23925.706334532075
23925.706334532075
23925.706334532075
23925.706334532075
23925.706334532075
23925.706334532075
23925.706334532075
23925.706334532075
23925.706334532075
23925.706334532075
23925.706334532075
23925.706334532075
23925.706334532075
23925.706334532075
23925.706334532075
23925.706334532075
23925.706334532075
23925.706334532075
23925.706334532075
23925.706334532075
23925.706334532075
23925.706334532075
23925.706334532075
23925.706334532075
23925.706334532075
23925.706334532075
23925.706334532075
23925.706334532075
23925.706334532075
23925.706334532075
23925.706334532075
23925.706334532075
23925.706334532075
23925.706334532075
23925.706334532075
23925.706334532075
23606.634960523523
23606.634960523523
23606.634960523523
23606.634960523523
23606.634960523523
23606.634960523523
23606.634960523523
23606.634960523523
23606.634960523523
23606.634960523523
23606.634960523523
23606.634960523523
23606.634960523523
23606.634960523523
23606.634960523523
23606.634960523523
23606.634960523523
23606.634960523523
23606.634960523523
23606.634960523523
23606.634960523523
23606.634960523523
23606.634960523523
23606.634960523523
23606.634960523523
23606.634960523523
23606.634960523523
23606.634960523523
23606.634960523523
23606.634960523523
23606.634960523523
23606.634960523523
23606.634960523523
23606.634960523523
23606.634960523523
23606.634960523523
23606.634960523523
23606.634960523523
23606.634960523523
23606.634960523523
23606.634960523523
23606.634960523523
23606.634960523523
23606.634960523523
23606.634960523523
23606.634960523523
23606.634960523523
23606.634960523523
23603.2014401234
23603.2014401234
23603.2014401234
23603.2014401234
23603.2014401234
23603.2014401234
23603.2014401234
23603.2014401234
23603.2014401234
23538.689530916054
23538.689530916054
23538.689530916054
23538.689530916054
23538.689530916054
23538.689530916054
23538.689530916054
23538.689530916054
23538.689530916054
23538.689530916054
23538.689530916054
23538.689530916054
23538.689530916054
23538.689530916054
23538.689530916054
23538.689530916054
23538.689530916054
23538.689530916054
23538.689530916054
23538.689530916054
23538.689530916054
23538.689530916054
23538.689530916054
23538.689530916054
23538.689530916054
23538.689530916054
23538.689530916054
23538.689530916054
23538.689530916054
23538.689530916054
23538.689530916054
23538.689530916054
23538.689530916054
23538.689530916054
23460.665343264573
23460.665343264573
23460.665343264573
23460.665343264573
23460.665343264573
23460.665343264573
23460.665343264573
23460.665343264573
23460.665343264573
23460.665343264573
23460.665343264573
23460.665343264573
23460.665343264573
23460.665343264573
23460.665343264573
23460.665343264573
23460.665343264573
23460.665343264573
23460.665343264573
23373.82079778208
23373.82079778208
23373.82079778208
23373.82079778208
23373.82079778208
23373.82079778208
23373.82079778208
23188.83496549631
23188.83496549631
23188.83496549631
23188.83496549631
23188.83496549631
23188.83496549631
23188.83496549631
23188.83496549631
23188.83496549631
23188.83496549631
23188.83496549631
23188.83496549631
23188.83496549631
23188.83496549631
23188.83496549631
23188.83496549631
23188.83496549631
23188.83496549631
23188.83496549631
23188.83496549631
23188.83496549631
23188.83496549631
23188.83496549631
23188.83496549631
23188.83496549631
23188.83496549631
23188.83496549631
23188.83496549631
23188.83496549631
23188.83496549631
23188.83496549631
23188.83496549631
23188.83496549631
23188.83496549631
23188.83496549631
23188.83496549631
23188.83496549631
23188.83496549631
23188.83496549631
23188.83496549631
23188.83496549631
23188.83496549631
23188.83496549631
23188.83496549631
23188.83496549631
23188.83496549631
23188.83496549631
23188.83496549631
23188.83496549631
23188.83496549631
23188.83496549631
23188.83496549631
23188.83496549631
23188.83496549631
23188.83496549631
23188.83496549631
23188.83496549631
23188.83496549631
23188.83496549631
23188.83496549631
23188.83496549631
23188.83496549631
23188.83496549631
23188.83496549631
23188.83496549631
23188.83496549631
23188.83496549631
23188.83496549631
23188.83496549631
22983.56717048436
22983.56717048436
22983.56717048436
22983.56717048436
22983.56717048436
22983.56717048436
22983.56717048436
22983.56717048436
22983.56717048436
22983.56717048436
22983.56717048436
22983.56717048436
22983.56717048436
22983.56717048436
22983.56717048436
22983.56717048436
22983.56717048436
22983.56717048436
22983.56717048436
22983.56717048436
22983.56717048436
22983.56717048436
22983.56717048436
22983.56717048436
22983.56717048436
22983.56717048436
22983.56717048436
22983.56717048436
22983.56717048436
22983.56717048436
22983.56717048436
22983.56717048436
22983.56717048436
22983.56717048436
22983.56717048436
22983.56717048436
22983.56717048436
22983.56717048436
22983.56717048436
22983.56717048436
22983.56717048436
22983.56717048436
22983.56717048436
22633.933417386743
22633.933417386743
22633.933417386743
22633.933417386743
22633.933417386743
22633.933417386743
22633.933417386743
22633.933417386743
22633.933417386743
22633.933417386743
22633.933417386743
22633.933417386743
22633.933417386743
22633.933417386743
22633.933417386743
22633.933417386743
22633.933417386743
22633.933417386743
22633.933417386743
22633.933417386743
22633.933417386743
22633.933417386743
22633.933417386743
22633.933417386743
22633.933417386743
22633.933417386743
22633.933417386743
22633.933417386743
22633.933417386743
22633.933417386743
22633.933417386743
22633.933417386743
22633.933417386743
22633.933417386743
22633.933417386743
22633.933417386743
22633.933417386743
22633.933417386743
22633.933417386743
22633.933417386743
22633.933417386743
22633.933417386743
22633.933417386743
22633.933417386743
22633.933417386743
22633.933417386743
22633.933417386743
22633.933417386743
22633.933417386743
22633.933417386743
22633.933417386743
22633.933417386743
22633.933417386743
22633.933417386743
22633.933417386743
22633.933417386743
22633.933417386743
22633.933417386743
22633.933417386743
22633.933417386743
22633.933417386743
22633.933417386743
22633.933417386743
22633.933417386743
22633.933417386743
22633.933417386743
22633.933417386743
22633.933417386743
22633.933417386743
22633.933417386743
22633.933417386743
22633.933417386743
22633.933417386743
22633.933417386743
22633.933417386743
22633.933417386743
22633.933417386743
22511.287787750916
22511.287787750916
22511.287787750916
22511.287787750916
22511.287787750916
22511.287787750916
22511.287787750916
22511.287787750916
22511.287787750916
22511.287787750916
22511.287787750916
22511.287787750916
22511.287787750916
22511.287787750916
22511.287787750916
22511.287787750916
22511.287787750916
22511.287787750916
22511.287787750916
22511.287787750916
22511.287787750916
22511.287787750916
22511.287787750916
22511.287787750916
22511.287787750916
22511.287787750916
22511.287787750916
22511.287787750916
22511.287787750916
22511.287787750916
22511.287787750916
22511.287787750916
22511.287787750916
22511.287787750916
22511.287787750916
22511.287787750916
22511.287787750916
22511.287787750916
22511.287787750916
22511.287787750916
22511.287787750916
22511.287787750916
22511.287787750916
22511.287787750916
22511.287787750916
22511.287787750916
22511.287787750916
22511.287787750916
22511.287787750916
22511.287787750916
22511.287787750916
22511.287787750916
22511.287787750916
22295.849617830292
22079.466515469096
22079.466515469096
22079.466515469096
22079.466515469096
22079.466515469096
22079.466515469096
22079.466515469096
22079.466515469096
22079.466515469096
22079.466515469096
22079.466515469096
22079.466515469096
22079.466515469096
22079.466515469096
22079.466515469096
22079.466515469096
22079.466515469096
22079.46651546909
22079.46651546909
22079.46651546909
22079.46651546909
22079.46651546909
22079.46651546909
22079.46651546909
22079.46651546909
22079.46651546909
22079.46651546909
22079.46651546909
22079.46651546909
22079.46651546909
22079.46651546909
22079.46651546909
22079.46651546909
22079.46651546909
22079.46651546909
22079.46651546909
22079.46651546909
22079.46651546909
22079.46651546909
22079.46651546909
22079.46651546909
22079.46651546909
22079.46651546909
22079.46651546909
22079.46651546909
22079.46651546909
22079.46651546909
22079.46651546909
22079.46651546909
22079.46651546909
22079.46651546909
22079.46651546909
22079.46651546909
22079.46651546909
22079.46651546909
22079.46651546909
22079.46651546909
22079.46651546909
22079.46651546909
22079.46651546909
22079.46651546909
22079.46651546909
22079.46651546909
22079.46651546909
22079.46651546909
22079.46651546909
22079.46651546909
22079.46651546909
22079.46651546909
22079.46651546909
22079.46651546909
22079.46651546909
22079.46651546909
22079.46651546909
22079.46651546909
22079.46651546909
22079.46651546909
22079.46651546909
22079.46651546909
22079.46651546909
22079.46651546909
22079.46651546909
22079.46651546909
22079.46651546909
22079.46651546909
22079.46651546909
22079.46651546909
22079.46651546909
22079.46651546909
22079.46651546909
22079.46651546909
22079.46651546909
22079.46651546909
22079.46651546909
22079.46651546909
22079.46651546909
22079.46651546909
22079.46651546909
22079.46651546909
22079.46651546909
22079.46651546909
22079.46651546909
22079.46651546909
22079.46651546909
22079.46651546909
22079.46651546909
22079.46651546909
22079.46651546909
22079.46651546909
22079.46651546909
22079.46651546909
22079.46651546909
22079.46651546909
22079.46651546909
22079.46651546909
22079.46651546909
22079.46651546909
22079.46651546909
22079.46651546909
22079.46651546909
Time: 158.57735204696655 seconds 
Best solution: 22079.46651546909 [93, 90, 98, 99, 89, 74, 70, 69, 75, 81, 64, 59, 105, 57, 54, 50, 48, 55, 49, 43, 53, 47, 45, 40, 104, 36, 33, 27, 26, 16, 17, 18, 25, 24, 19, 30, 23, 28, 103, 29, 21, 22, 12, 20, 31, 32, 15, 10, 3, 11, 7, 6, 1, 2, 9, 8, 5, 4, 13, 14, 38, 39, 35, 34, 37, 42, 46, 52, 41, 44, 56, 51, 58, 62, 63, 66, 65, 60, 61, 88, 94, 95, 100, 87, 73, 76, 80, 86, 91, 92, 102, 101, 97, 96, 77, 72, 67, 71, 68, 83, 85, 78, 82, 84, 79]
Avg solution: 33687.06490860995