Alg:1, Run: 0, file: C:\Users\gabri\Documents\AN 3 SEM 2\AI\Lab\Lab3\\lin105.tsp, population number: 1000, generations: 2500 
102674.61244745879
102674.61244745879
102674.61244745879
102674.61244745879
102674.61244745879
102479.80242653273
96326.38682496613
96326.38682496613
95283.47991632627
95283.47991632627
95283.47991632627
95283.47991632627
95154.3517914795
93528.52873973952
93528.52873973952
92476.78378319138
92476.78378319138
92476.78378319138
92476.78378319138
91104.21061110946
91104.21061110946
88752.86427028732
88752.86427028732
87942.54427404716
87942.54427404716
87942.54427404716
87942.54427404716
87837.31660922994
83507.07131392385
83507.07131392385
83507.07131392385
83031.94976755112
83031.94976755112
83031.94976755112
83031.94976755112
83031.94976755112
83031.94976755112
83031.94976755112
83031.94976755112
83031.94976755112
80273.52272621909
80273.52272621909
80273.52272621909
80273.52272621909
80273.52272621909
80273.52272621909
80273.52272621909
80273.52272621909
80273.52272621909
78641.3117169442
78269.82009663119
76853.82740507826
76853.82740507826
76853.82740507826
76853.82740507826
76853.82740507826
76853.82740507826
76853.82740507826
76853.82740507826
76853.82740507826
76853.82740507826
76853.82740507826
76697.74869596744
76697.74869596744
76697.74869596744
76697.74869596744
76072.71425794165
76072.71425794165
75942.49174670911
75942.49174670911
75942.49174670911
75942.49174670911
75122.46093599207
75122.46093599207
73719.88505820083
72118.98513180349
72118.98513180349
72118.98513180349
72118.98513180349
72118.98513180349
72118.98513180349
72118.98513180349
72118.98513180349
72118.98513180349
71048.67000552714
71048.67000552714
71048.67000552714
69041.51327493844
69041.51327493844
69041.51327493844
69041.51327493844
69041.51327493844
69041.51327493844
69041.51327493844
69041.51327493844
69041.51327493844
68504.83226433246
68504.83226433246
68504.83226433246
68504.83226433246
68504.83226433246
68504.83226433246
68463.46687997934
68463.46687997934
68463.46687997934
68463.46687997934
68463.46687997934
68463.46687997934
68463.46687997934
68463.46687997934
68463.46687997934
68463.46687997934
68463.46687997934
68463.46687997934
66723.85214672102
66723.85214672102
66723.85214672102
66723.85214672102
66723.85214672102
65622.83269080926
65622.83269080926
65622.83269080926
65622.83269080926
65622.83269080926
65622.83269080926
65622.83269080926
65622.83269080926
65622.83269080926
65622.83269080926
65622.83269080926
65622.83269080926
65622.83269080926
65622.83269080926
65622.83269080926
65622.83269080926
65622.83269080926
64520.149656726506
64520.149656726506
64150.50859021495
64150.50859021495
63440.231779600166
63423.339700850345
63423.339700850345
63423.339700850345
63423.339700850345
63423.339700850345
63423.339700850345
63423.339700850345
63423.339700850345
62755.46955956711
62755.46955956711
62755.46955956711
62755.46955956711
62755.46955956711
62657.0144960175
62657.0144960175
62657.0144960175
62657.0144960175
62657.0144960175
62657.0144960175
62657.0144960175
61610.58784368474
61610.58784368474
61610.58784368474
61610.58784368474
61610.58784368474
61610.58784368474
61610.58784368474
61610.58784368474
61610.58784368474
61610.58784368474
60913.25735755806
60913.25735755806
60913.25735755806
60913.25735755806
60679.578639346626
60679.578639346626
60679.578639346626
60679.578639346626
60679.578639346626
60679.578639346626
60679.578639346626
60679.578639346626
60679.578639346626
60679.578639346626
60679.578639346626
60679.578639346626
60679.578639346626
60679.578639346626
60679.578639346626
60679.578639346626
59344.39320052357
59344.39320052357
59344.39320052357
59344.39320052357
57491.79677266777
57491.79677266777
57491.79677266777
57491.79677266777
57491.79677266777
57491.79677266777
57491.79677266777
57491.79677266777
57491.79677266777
57491.79677266777
57491.79677266777
57491.79677266777
57491.79677266777
57491.79677266777
57491.79677266777
57491.79677266777
57491.79677266777
57372.833778683635
57372.833778683635
56996.316682790886
56996.316682790886
56996.316682790886
56996.316682790886
56996.316682790886
56996.316682790886
56658.63174327024
56658.63174327024
56658.63174327024
56658.63174327024
56658.63174327024
56658.63174327024
56658.63174327024
56658.63174327024
56658.63174327024
56658.63174327024
51992.24503179352
51992.24503179352
51992.24503179352
51992.24503179352
51992.24503179352
51992.24503179352
51992.24503179352
51992.24503179352
51992.24503179352
51992.24503179352
51992.24503179352
51992.24503179352
51992.24503179352
51992.24503179352
51992.24503179352
51992.24503179352
51992.24503179352
51992.24503179352
51992.24503179352
51992.24503179352
51992.24503179352
51992.24503179352
51992.24503179352
51992.24503179352
51992.24503179352
51992.24503179352
51992.24503179352
51992.24503179352
51992.24503179352
51992.24503179352
51992.24503179352
51992.24503179352
51992.24503179352
51992.24503179352
51992.24503179352
51992.24503179352
51992.24503179352
51992.24503179352
51992.24503179352
51992.24503179352
51992.24503179352
51992.24503179352
51992.24503179352
51992.24503179352
51992.24503179352
51992.24503179352
51310.91273224517
51310.91273224517
51310.91273224517
51310.91273224517
51310.91273224517
51310.91273224517
51310.91273224517
51310.91273224517
51310.91273224517
51310.91273224517
51310.91273224517
51310.91273224517
51310.91273224517
51310.91273224517
51310.91273224517
51310.91273224517
51310.91273224517
51310.91273224517
51310.91273224517
51310.91273224517
50422.32116586681
50422.32116586681
50422.32116586681
50422.32116586681
50422.32116586681
50422.32116586681
50422.32116586681
50422.32116586681
50422.32116586681
49908.90213141624
49908.90213141624
49908.90213141624
49908.90213141624
49908.90213141624
49908.90213141624
49908.90213141624
49908.90213141624
49525.94957778475
49525.94957778475
49525.94957778475
49525.94957778475
49525.94957778475
47690.51832553078
47690.51832553078
47690.51832553078
47690.51832553078
47690.51832553078
47690.51832553078
47690.51832553078
47690.51832553078
47690.51832553078
47690.51832553078
47690.51832553078
47690.51832553078
47690.51832553078
47690.51832553078
47690.51832553078
47690.51832553078
47690.51832553078
47690.51832553078
47690.51832553078
47690.51832553078
47690.51832553078
47690.51832553078
47690.51832553078
47690.51832553078
47690.51832553078
47690.51832553078
47690.51832553078
47690.51832553078
47418.648450782384
47418.648450782384
47418.648450782384
47418.648450782384
47418.648450782384
47418.648450782384
47418.648450782384
47418.648450782384
47418.648450782384
47418.648450782384
47418.648450782384
47418.648450782384
47418.648450782384
47418.648450782384
47418.648450782384
47418.648450782384
47418.648450782384
47253.72844440234
47253.72844440234
47253.72844440234
47253.72844440234
47253.72844440234
46535.41446700739
46535.41446700739
46535.41446700739
46535.41446700739
46535.41446700739
46535.41446700739
46535.41446700739
46535.41446700739
46535.41446700739
46535.41446700739
46535.41446700739
46535.41446700739
46535.41446700739
46535.41446700739
46535.41446700739
46535.41446700739
46535.41446700739
46535.41446700739
46535.41446700739
46535.41446700739
46535.41446700739
46535.41446700739
46535.41446700739
46535.41446700739
46535.41446700739
46535.41446700739
46535.41446700739
46535.41446700739
46535.41446700739
46535.41446700739
46535.41446700739
46535.41446700739
46535.41446700739
46340.07754928166
46340.07754928166
46340.07754928166
46340.07754928166
46340.07754928166
46340.07754928166
46340.07754928166
46340.07754928166
46340.07754928166
46340.07754928166
46340.07754928166
45949.685299423814
45949.685299423814
45949.685299423814
45949.685299423814
45949.685299423814
45949.685299423814
45949.685299423814
45949.685299423814
45949.685299423814
45949.685299423814
45949.685299423814
45949.685299423814
45918.48080050149
45918.48080050149
45918.48080050149
45918.48080050149
45918.48080050149
45411.69091164112
45411.69091164112
45411.69091164112
45411.69091164112
45411.69091164112
45411.69091164112
45411.69091164112
45411.69091164112
45411.69091164112
45411.69091164112
45411.69091164112
45411.69091164112
42658.827566221174
42658.827566221174
42658.827566221174
42658.827566221174
42658.827566221174
42658.827566221174
42658.827566221174
42658.827566221174
42658.827566221174
42658.827566221174
42658.827566221174
42658.827566221174
42658.827566221174
42658.827566221174
42658.827566221174
42658.827566221174
42658.827566221174
42658.827566221174
42658.827566221174
42658.827566221174
42658.827566221174
42658.827566221174
42658.827566221174
42658.827566221174
42658.827566221174
42658.827566221174
42658.827566221174
42658.827566221174
42658.827566221174
42658.827566221174
42658.827566221174
42658.827566221174
42658.827566221174
42658.827566221174
42658.827566221174
42658.827566221174
42658.827566221174
42658.827566221174
42658.827566221174
42222.84409612487
42222.84409612487
42222.84409612487
42222.84409612487
42222.84409612487
42222.84409612487
42222.84409612487
42222.84409612487
42222.84409612487
42222.84409612487
42222.84409612487
42222.84409612487
42222.84409612487
42222.84409612487
42222.84409612487
42222.84409612487
42222.84409612487
42222.84409612487
42222.84409612487
42222.84409612487
42222.84409612487
42222.84409612487
42222.84409612487
42222.84409612487
42222.84409612487
41454.59855479404
41454.59855479404
41454.59855479404
41454.59855479404
41454.59855479404
41454.59855479404
41454.59855479404
41454.59855479404
41454.59855479404
41454.59855479404
41454.59855479404
41454.59855479404
41454.59855479404
41040.17576062134
41040.17576062134
41040.17576062134
41040.17576062134
41040.17576062134
41040.17576062134
41040.17576062134
41040.17576062134
41040.17576062134
41040.17576062134
41040.17576062134
41040.17576062134
41040.17576062134
41040.17576062134
41040.17576062134
41040.17576062134
41040.17576062134
41040.17576062134
41040.17576062134
41040.17576062134
41040.17576062134
41040.17576062134
40424.13388093221
40424.13388093221
40424.13388093221
40424.13388093221
40424.13388093221
40424.13388093221
40424.13388093221
39721.601127822636
39721.601127822636
39721.601127822636
39721.601127822636
39721.601127822636
39721.601127822636
39721.601127822636
39721.601127822636
39721.601127822636
39721.601127822636
39721.601127822636
39721.601127822636
39721.601127822636
39721.601127822636
39721.601127822636
39721.601127822636
39721.601127822636
39721.601127822636
39721.601127822636
39721.601127822636
39721.601127822636
39721.601127822636
39721.601127822636
39721.601127822636
39721.601127822636
39721.601127822636
39721.601127822636
39721.601127822636
39721.601127822636
39721.601127822636
39721.601127822636
39721.601127822636
39721.601127822636
39721.601127822636
39721.601127822636
39721.601127822636
39721.601127822636
39721.601127822636
39721.601127822636
39721.601127822636
39721.601127822636
39721.601127822636
39721.601127822636
39721.601127822636
39721.601127822636
39721.601127822636
39721.601127822636
39721.601127822636
39721.601127822636
39721.601127822636
39721.601127822636
39721.601127822636
39721.601127822636
39721.601127822636
39721.601127822636
39721.601127822636
39721.601127822636
39721.601127822636
39721.601127822636
39721.601127822636
39721.601127822636
39305.04393288671
39305.04393288671
39305.04393288671
39305.04393288671
39305.04393288671
39305.04393288671
39305.04393288671
39305.04393288671
39305.04393288671
39305.04393288671
39305.04393288671
39305.04393288671
38482.41768763412
38482.41768763412
38482.41768763412
38482.41768763412
38482.41768763412
38482.41768763412
38482.41768763412
38482.41768763412
38482.41768763412
38482.41768763412
38241.53109698816
38241.53109698816
38241.53109698816
38241.53109698816
38241.53109698816
38241.53109698816
38241.53109698816
38241.53109698816
38241.53109698816
38241.53109698816
38241.53109698816
38241.53109698816
38241.53109698816
38171.23653106582
38171.23653106582
38171.23653106582
38171.23653106582
38171.23653106582
38171.23653106582
38171.23653106582
38171.23653106582
38171.23653106582
38171.23653106582
38171.23653106582
38171.23653106582
38171.23653106582
38171.23653106582
38171.23653106582
38171.23653106582
38171.23653106582
38171.23653106582
38171.23653106582
37920.905668432584
37920.905668432584
37920.905668432584
37920.905668432584
37920.905668432584
37251.69808751759
37251.69808751759
37251.69808751759
37251.69808751759
36841.11108175206
36841.11108175206
36841.11108175206
36841.11108175206
36841.11108175206
36841.11108175206
36841.11108175206
36841.11108175206
36841.11108175206
36841.11108175206
36671.51136463545
36671.51136463545
36671.51136463545
35668.15429905904
35668.15429905904
35668.15429905904
35668.15429905904
35668.15429905904
35668.15429905904
35668.15429905904
35668.15429905904
35668.15429905904
35668.15429905904
35668.15429905904
35668.15429905904
35668.15429905904
35668.15429905904
35668.15429905904
35207.855179064994
35207.855179064994
35207.855179064994
35207.855179064994
35207.855179064994
35207.855179064994
35207.855179064994
35207.855179064994
35207.855179064994
35207.855179064994
35207.855179064994
35207.855179064994
35207.855179064994
35207.855179064994
35207.855179064994
35207.855179064994
35207.855179064994
35207.855179064994
35207.855179064994
35207.855179064994
35207.855179064994
35207.855179064994
35207.855179064994
35207.855179064994
35207.855179064994
35207.855179064994
35207.855179064994
35207.855179064994
35207.855179064994
35207.855179064994
35207.855179064994
35207.855179064994
35207.855179064994
35207.855179064994
35207.855179064994
35207.855179064994
35207.855179064994
35207.855179064994
35207.855179064994
35207.855179064994
35207.855179064994
35207.855179064994
34771.98115470215
34771.98115470215
34771.98115470215
34771.98115470215
34771.98115470215
34771.98115470215
34771.98115470215
34771.98115470215
34771.98115470215
34771.98115470215
34771.98115470215
34771.98115470215
34771.98115470215
34771.98115470215
34771.98115470215
34771.98115470215
34771.98115470215
34771.98115470215
34771.98115470215
34771.98115470215
34771.98115470215
34771.98115470215
34771.98115470215
34771.98115470215
34771.98115470215
34771.98115470215
34771.98115470215
34771.98115470215
34771.98115470215
34771.98115470215
34771.98115470215
34771.98115470215
34771.98115470215
34771.98115470215
34771.98115470215
34771.98115470215
34771.98115470215
34771.98115470215
34771.98115470215
34771.98115470215
34771.98115470215
34771.98115470215
34771.98115470215
34771.98115470215
34771.98115470215
34771.98115470215
34771.98115470215
34771.98115470215
34766.28884045755
34766.28884045755
34766.28884045755
34766.28884045755
34766.28884045755
34766.28884045755
34766.28884045755
34766.28884045755
34766.28884045755
34766.28884045755
34766.28884045755
34766.28884045755
34766.28884045755
34766.28884045755
34766.28884045755
34766.28884045755
34766.28884045755
34766.28884045755
34766.28884045755
34766.28884045755
34766.28884045755
34766.28884045755
34766.28884045755
34766.28884045755
34766.28884045755
34766.28884045755
34766.28884045755
34766.28884045755
34766.28884045755
34766.28884045755
34766.28884045755
34766.28884045755
34766.28884045755
34005.220504001045
34005.220504001045
34005.220504001045
34005.220504001045
34005.220504001045
34005.220504001045
34005.220504001045
34005.220504001045
34005.220504001045
34005.220504001045
34005.220504001045
34005.220504001045
34005.220504001045
34005.220504001045
34005.220504001045
34005.220504001045
34005.220504001045
34005.220504001045
34005.220504001045
33790.69327034218
33790.69327034218
33790.69327034218
33790.69327034218
33790.69327034218
33790.69327034218
33790.69327034218
33790.69327034218
33765.63144978148
33765.63144978148
33765.63144978148
33765.63144978148
33765.63144978148
33765.63144978148
33765.63144978148
33765.63144978148
33765.63144978148
33765.63144978148
33260.47855958096
32611.233978032582
32611.233978032582
32611.233978032582
32611.233978032582
32611.233978032582
32611.233978032582
32611.233978032582
32611.233978032582
32611.233978032582
32611.233978032582
32611.233978032582
32611.233978032582
32611.233978032582
32611.233978032582
32611.233978032582
32611.233978032582
32611.233978032582
32611.233978032582
32611.233978032582
32611.233978032582
32611.233978032582
32611.233978032582
32611.233978032582
32611.233978032582
32611.233978032582
32611.233978032582
32611.233978032582
32611.233978032582
32611.233978032582
32611.233978032582
32611.233978032582
32611.233978032582
32611.233978032582
32611.233978032582
32611.233978032582
32611.233978032582
32611.233978032582
32611.233978032582
32611.233978032582
32611.233978032582
32611.233978032582
32611.233978032582
32611.233978032582
32611.233978032582
32611.233978032582
32611.233978032582
32611.233978032582
32611.233978032582
32611.233978032582
32611.233978032582
32611.233978032582
32611.233978032582
32611.233978032582
32611.233978032582
32611.233978032582
32611.233978032582
32611.233978032582
32254.283486409553
32254.283486409553
32254.283486409553
32254.283486409553
32254.283486409553
32254.283486409553
32254.283486409553
32254.283486409553
32254.283486409553
32254.283486409553
32254.283486409553
32254.283486409553
32254.283486409553
32254.283486409553
32254.283486409553
32254.283486409553
32254.283486409553
32254.283486409553
32254.283486409553
32113.416950202358
32113.416950202358
32113.416950202358
32113.416950202358
32113.416950202358
32113.416950202358
32113.416950202358
32113.416950202358
32113.416950202358
32113.416950202358
32011.364146477234
32011.364146477234
32011.364146477234
32011.364146477234
32011.364146477234
32011.364146477234
32011.364146477234
32011.364146477234
32011.364146477234
32011.364146477234
32011.364146477234
31370.733628241185
31370.733628241185
31370.733628241185
31370.733628241185
31370.733628241185
31370.733628241185
31370.733628241185
31370.733628241185
31370.733628241185
31370.733628241185
31370.733628241185
31370.733628241185
31370.733628241185
31370.733628241185
31370.733628241185
31370.733628241185
31370.733628241185
31370.733628241185
31370.733628241185
31370.733628241185
31370.733628241185
31370.733628241185
31370.733628241185
31370.733628241185
31370.733628241185
31370.733628241185
31370.733628241185
31370.733628241185
31370.733628241185
31370.733628241185
31370.733628241185
31370.733628241185
31370.733628241185
31370.733628241185
31370.733628241185
31370.733628241185
31370.733628241185
31370.733628241185
31370.733628241185
31370.733628241185
31370.733628241185
31340.180418965796
29646.21419749889
29646.21419749889
29646.21419749889
29646.21419749889
29646.21419749889
29646.21419749889
29646.21419749889
29646.21419749889
29646.21419749889
29646.21419749889
29646.21419749889
29646.21419749889
29646.21419749889
29646.21419749889
29646.21419749889
29646.21419749889
29646.21419749889
29646.21419749889
29646.21419749889
29646.21419749889
29646.21419749889
29646.21419749889
29646.21419749889
29646.21419749889
29646.21419749889
29646.21419749889
29646.21419749889
29646.21419749889
29646.21419749889
29646.21419749889
29646.21419749889
29646.21419749889
29646.21419749889
29646.21419749889
29646.21419749889
29646.21419749889
29646.21419749889
29646.21419749889
29646.21419749889
29646.21419749889
29646.21419749889
29646.21419749889
29646.21419749889
29646.21419749889
29646.21419749889
29646.21419749889
29646.21419749889
29646.21419749889
29646.21419749889
29646.21419749889
29646.21419749889
29646.21419749889
29646.21419749889
29646.21419749889
29646.21419749889
29646.21419749889
29646.21419749889
29646.21419749889
29646.21419749889
29646.21419749889
29646.21419749889
29646.21419749889
29646.21419749889
29646.21419749889
29646.21419749889
29646.21419749889
29646.21419749889
29646.21419749889
29646.21419749889
29646.21419749889
29646.21419749889
29646.21419749889
29646.21419749889
29646.21419749889
29646.21419749889
29646.21419749889
29646.21419749889
29646.21419749889
29646.21419749889
29646.21419749889
29646.21419749889
29646.21419749889
29646.21419749889
29646.21419749889
29646.21419749889
29646.21419749889
29646.21419749889
29646.21419749889
29646.21419749889
29646.21419749889
29646.21419749889
29646.21419749889
29646.21419749889
29646.21419749889
29646.21419749889
29646.21419749889
29646.21419749889
29646.21419749889
29646.21419749889
29646.21419749889
29646.21419749889
29646.21419749889
29646.21419749889
29646.21419749889
29646.21419749889
29646.21419749889
29646.21419749889
29646.21419749889
29646.21419749889
29646.21419749889
29646.21419749889
29646.21419749889
29646.21419749889
29646.21419749889
29646.21419749889
29646.21419749889
29646.21419749889
29646.21419749889
29646.21419749889
29646.21419749889
29646.21419749889
29616.881034087215
29616.881034087215
29616.881034087215
29616.881034087215
29616.881034087215
29616.881034087215
29616.881034087215
29616.881034087215
29616.881034087215
29616.881034087215
29616.881034087215
29616.881034087215
29616.881034087215
29616.881034087215
29616.881034087215
29616.881034087215
29616.881034087215
29616.881034087215
29616.881034087215
29616.881034087215
29616.881034087215
29616.881034087215
29616.881034087215
29616.881034087215
29616.881034087215
29616.881034087215
29616.881034087215
29616.881034087215
29616.881034087215
29616.881034087215
29552.608869071173
29552.608869071173
29552.608869071173
29552.608869071173
29552.608869071173
29448.92365235229
29448.92365235229
29448.92365235229
29448.92365235229
29448.92365235229
29448.92365235229
29448.92365235229
29448.92365235229
29448.92365235229
29448.92365235229
29448.92365235229
29448.92365235229
29448.92365235229
29448.92365235229
29448.92365235229
29448.92365235229
29448.92365235229
29448.92365235229
29448.92365235229
29448.92365235229
29448.92365235229
29448.92365235229
29448.92365235229
29448.92365235229
29448.92365235229
29448.92365235229
29448.92365235229
29448.92365235229
29448.92365235229
29448.92365235229
29448.92365235229
29448.92365235229
29448.92365235229
29448.92365235229
29448.92365235229
29448.92365235229
29448.92365235229
28990.67716717942
28990.67716717942
28640.906493878338
28640.906493878338
28640.906493878338
28640.906493878338
28640.906493878338
28640.906493878338
28640.906493878338
28640.906493878338
28640.906493878338
28640.906493878338
28640.906493878338
28640.906493878338
28640.906493878338
28640.906493878338
28640.906493878338
28640.906493878338
28640.906493878338
28640.906493878338
28640.906493878338
28640.906493878338
28640.906493878338
28640.906493878338
28640.906493878338
28640.906493878338
28640.906493878338
28640.906493878338
28640.906493878338
28640.906493878338
28640.906493878338
28640.906493878338
28640.906493878338
28640.906493878338
28640.906493878338
28640.906493878338
28640.906493878338
28640.906493878338
28640.906493878338
28640.906493878338
28265.824288567972
28265.824288567972
28134.907413473222
28134.907413473222
28134.907413473222
28134.907413473222
28134.907413473222
28134.907413473222
28134.907413473222
28134.907413473222
28134.907413473222
28134.907413473222
28134.907413473222
28134.907413473222
28134.907413473222
28134.907413473222
28134.907413473222
28134.907413473222
28134.907413473222
28134.907413473222
28134.907413473222
28134.907413473222
28134.907413473222
28134.907413473222
28134.907413473222
28134.907413473222
28134.907413473222
28134.907413473222
28134.907413473222
28134.907413473222
28134.907413473222
28134.907413473222
28134.907413473222
28134.907413473222
28134.907413473222
28134.907413473222
28134.907413473222
28134.907413473222
28134.907413473222
28134.907413473222
28134.907413473222
28134.907413473222
28134.907413473222
28134.907413473222
28134.907413473222
28134.907413473222
28134.907413473222
28134.907413473222
28134.907413473222
28134.907413473222
28134.907413473222
28134.907413473222
28134.907413473222
28134.907413473222
28134.907413473222
28134.907413473222
28134.907413473222
28134.907413473222
28134.907413473222
28134.907413473222
28134.907413473222
28134.907413473222
28134.907413473222
28134.907413473222
28134.907413473222
28134.907413473222
28134.907413473222
28134.907413473222
28134.907413473222
28134.907413473222
28134.907413473222
28134.907413473222
28134.907413473222
28134.907413473222
28134.907413473222
28134.907413473222
28134.907413473222
28134.907413473222
28134.907413473222
28134.907413473222
28087.7115935792
28087.7115935792
28087.7115935792
28087.7115935792
28087.7115935792
28087.7115935792
28087.7115935792
28087.7115935792
28087.7115935792
28087.7115935792
28087.7115935792
28087.7115935792
28087.7115935792
28087.7115935792
28087.7115935792
28087.7115935792
28087.7115935792
28087.7115935792
28087.7115935792
28087.7115935792
28087.7115935792
28087.7115935792
28087.7115935792
27659.389419350373
27659.389419350373
27659.389419350373
27659.389419350373
27558.38478211263
27558.38478211263
27558.38478211263
27558.38478211263
27558.38478211263
27558.38478211263
27558.38478211263
27558.38478211263
27558.38478211263
27558.38478211263
27558.38478211263
27558.38478211263
27558.38478211263
27558.38478211263
27558.38478211263
27558.38478211263
27558.38478211263
27558.38478211263
27558.38478211263
27558.38478211263
27558.38478211263
27558.38478211263
27558.38478211263
27558.38478211263
27558.38478211263
27558.38478211263
27558.38478211263
27558.38478211263
27558.38478211263
27558.38478211263
27558.38478211263
27558.38478211263
27530.137937526197
27530.137937526197
27530.137937526197
27530.137937526197
27530.137937526197
27530.137937526197
27530.137937526197
27530.137937526197
27530.137937526197
27530.137937526197
27530.137937526197
27530.137937526197
27530.137937526197
27530.137937526197
27530.137937526197
27530.137937526197
27530.137937526197
27530.137937526197
27530.137937526197
27530.137937526197
27530.137937526197
27530.137937526197
27530.137937526197
27530.137937526197
27530.137937526197
27530.137937526197
27530.137937526197
27530.137937526197
27530.137937526197
27530.137937526197
27530.137937526197
27530.137937526197
27530.137937526197
27530.137937526197
27530.137937526197
27530.137937526197
27530.137937526197
27530.137937526197
27530.137937526197
27530.137937526197
27530.137937526197
27530.137937526197
27530.137937526197
27530.137937526197
27530.137937526197
27530.137937526197
26946.864235578272
26946.864235578272
26946.864235578272
26946.864235578272
26946.864235578272
26946.864235578272
26946.864235578272
26946.864235578272
26946.864235578272
26946.864235578272
26946.864235578272
26946.864235578272
26946.864235578272
26946.864235578272
26946.864235578272
26946.864235578272
26946.864235578272
26946.864235578272
26946.864235578272
26946.864235578272
26946.864235578272
26946.864235578272
26946.864235578272
26946.864235578272
26946.864235578272
26946.864235578272
26946.864235578272
26946.864235578272
26946.864235578272
26946.864235578272
26946.864235578272
26946.864235578272
26946.864235578272
26946.864235578272
26946.864235578272
26946.864235578272
26946.864235578272
26946.864235578272
26946.864235578272
26946.864235578272
26946.864235578272
26946.864235578272
26946.864235578272
26946.864235578272
26946.864235578272
26946.864235578272
26946.864235578272
26946.864235578272
26946.864235578272
26946.864235578272
26946.864235578272
26946.864235578272
26946.864235578272
26946.864235578272
26946.864235578272
26946.864235578272
26946.864235578272
26946.864235578272
26946.864235578272
26946.864235578272
26946.864235578272
26946.864235578272
26946.864235578272
26946.864235578272
26946.864235578272
26946.864235578272
26946.864235578272
26946.864235578272
26946.864235578272
26946.864235578272
26156.436246921
26156.436246921
26156.436246921
26156.436246921
26156.436246921
26156.436246921
26156.436246921
26156.436246921
26156.436246921
26156.436246921
26156.436246921
26156.436246921
26156.436246921
26156.436246921
26156.436246921
26156.436246921
26156.436246921
26156.436246921
26156.436246921
26156.436246921
26156.436246921
26156.436246921
26156.436246921
26156.436246921
26156.436246921
26156.436246921
26156.436246921
26156.436246921
26156.436246921
26156.436246921
26156.436246921
26156.436246921
26156.436246921
26156.436246921
26156.436246921
26156.436246921
26156.436246921
26156.436246921
26156.436246921
26156.436246921
26156.436246921
26156.436246921
26156.436246921
26156.436246921
26156.436246921
26156.436246921
26156.436246921
26156.436246921
26156.436246921
26156.436246921
26156.436246921
26156.436246921
26156.436246921
26156.436246921
26156.436246921
26156.436246921
26156.436246921
26156.436246921
26156.436246921
26156.436246921
26156.436246921
26156.436246921
26156.436246921
26156.436246921
26156.436246921
26156.436246921
26156.436246921
26156.436246921
26156.436246921
26156.436246921
26156.436246921
26156.436246921
26156.436246921
26156.436246921
26156.436246921
26156.436246921
26156.436246921
26156.436246921
26156.436246921
26156.436246921
26156.436246921
26156.436246921
26156.436246921
26156.436246921
26156.436246921
26156.436246921
26156.436246921
26156.436246921
26156.436246921
26156.436246921
26156.436246921
26156.436246921
26156.436246921
26156.436246921
26156.436246921
26156.436246921
26156.436246921
26156.436246921
26156.436246921
26156.436246921
26156.436246921
26156.436246921
26156.436246921
26156.436246921
26156.436246921
26156.436246921
26156.436246921
26156.436246921
26156.436246921
26156.436246921
26156.436246921
26156.436246921
26156.436246921
26156.436246921
26156.436246921
26156.436246921
26156.436246921
26156.436246921
26156.436246921
26156.436246921
26143.959912776165
26143.959912776165
26143.959912776165
26143.959912776165
26143.959912776165
26143.959912776165
26143.959912776165
26143.959912776165
26143.959912776165
26143.959912776165
26143.959912776165
26143.959912776165
26143.959912776165
26143.959912776165
26143.959912776165
26143.959912776165
26143.959912776165
26143.959912776165
26143.959912776165
25717.226368679858
25717.226368679858
25717.226368679858
25717.226368679858
25717.226368679858
25717.226368679858
25717.226368679858
25717.226368679858
25717.226368679858
25717.226368679858
25717.226368679858
25717.226368679858
25717.226368679858
25717.226368679858
25717.226368679858
25717.226368679858
25717.226368679858
25717.226368679858
25717.226368679858
25717.226368679858
25717.226368679858
25717.226368679858
25717.226368679858
25717.226368679858
25717.226368679858
25717.226368679858
25717.226368679858
25717.226368679858
25717.226368679858
25717.226368679858
25717.226368679858
25717.226368679858
25717.226368679858
25717.226368679858
25717.226368679858
25717.226368679858
25717.226368679858
25717.226368679858
25717.226368679858
25717.226368679858
25717.226368679858
25717.226368679858
25717.226368679858
25717.226368679858
25717.226368679858
25717.226368679858
25717.226368679858
25717.226368679858
25717.226368679858
25717.226368679858
25717.226368679858
25717.226368679858
25717.226368679858
25717.226368679858
25717.226368679858
25717.226368679858
25717.226368679858
25717.226368679858
25717.226368679858
25717.226368679858
25717.226368679858
25717.226368679858
25717.226368679858
25717.226368679858
25717.226368679858
25717.226368679858
25717.226368679858
25717.226368679858
25717.226368679858
25717.226368679858
25717.226368679858
25717.226368679858
25717.226368679858
25717.226368679858
25717.226368679858
25659.16456541379
25659.16456541379
25659.16456541379
25659.16456541379
25659.16456541379
25659.16456541379
25659.16456541379
25659.16456541379
25659.16456541379
25659.16456541379
25659.16456541379
25659.16456541379
25659.16456541379
25659.16456541379
25659.16456541379
25659.16456541379
25659.16456541379
25659.16456541379
25659.16456541379
25659.16456541379
25659.16456541379
25659.16456541379
25659.16456541379
25659.16456541379
25659.16456541379
25659.16456541379
25659.16456541379
25659.16456541379
25659.16456541379
25659.16456541379
25659.16456541379
25659.16456541379
25659.16456541379
25659.16456541379
25659.16456541379
25659.16456541379
25659.16456541379
25659.16456541379
25659.16456541379
25659.16456541379
25659.16456541379
25659.16456541379
25659.16456541379
25574.227765290256
25574.227765290256
25574.227765290256
25574.227765290256
25574.227765290256
25574.227765290256
25574.227765290256
25574.227765290256
25574.227765290256
25574.227765290256
25540.67127597025
25540.67127597025
25540.67127597025
25540.67127597025
25540.67127597025
25540.67127597025
25540.67127597025
25540.67127597025
25540.67127597025
25540.67127597025
25540.67127597025
25540.67127597025
25540.67127597025
25540.67127597025
25540.67127597025
25540.67127597025
25540.67127597025
25540.67127597025
25540.67127597025
25540.67127597025
25540.67127597025
25540.67127597025
25540.67127597025
25540.67127597025
25540.67127597025
25540.67127597025
25540.67127597025
25540.67127597025
25423.7495203268
25423.7495203268
25423.7495203268
25423.7495203268
25423.7495203268
25423.7495203268
25423.7495203268
25423.7495203268
25423.7495203268
25423.7495203268
25423.7495203268
25423.7495203268
25423.7495203268
25423.7495203268
25423.7495203268
25423.7495203268
25423.7495203268
25423.7495203268
25423.7495203268
25423.7495203268
25423.7495203268
25423.7495203268
25423.7495203268
25423.7495203268
25423.7495203268
25423.7495203268
25423.7495203268
25423.7495203268
25423.7495203268
25423.7495203268
25423.7495203268
25323.66841993526
25323.66841993526
25323.66841993526
25323.66841993526
25323.66841993526
25323.66841993526
25323.66841993526
25323.66841993526
25323.66841993526
25323.66841993526
25323.66841993526
25323.66841993526
25323.66841993526
25323.66841993526
25323.66841993526
25323.66841993526
25323.66841993526
25323.66841993526
25323.66841993526
25323.66841993526
25323.66841993526
25323.66841993526
25323.66841993526
25323.66841993526
25323.66841993526
25323.66841993526
25323.66841993526
25323.66841993526
25323.66841993526
25323.66841993526
25323.66841993526
25323.66841993526
25323.66841993526
25323.66841993526
25323.66841993526
25323.66841993526
25323.66841993526
25323.66841993526
25323.66841993526
25323.66841993526
24931.55742698828
24931.55742698828
24931.55742698828
24931.55742698828
24931.55742698828
24931.55742698828
24931.55742698828
24931.55742698828
24931.55742698828
24931.55742698828
24931.55742698828
24931.55742698828
24931.55742698828
24931.55742698828
24931.55742698828
24931.55742698828
24931.55742698828
24931.55742698828
24931.55742698828
24931.55742698828
24931.55742698828
24931.55742698828
24931.55742698828
24931.55742698828
24931.55742698828
24931.55742698828
24931.55742698828
24558.413325334805
24558.413325334805
24558.413325334805
24558.413325334805
24558.413325334805
24558.413325334805
24558.413325334805
24558.413325334805
24558.413325334805
24558.413325334805
24558.413325334805
24558.413325334805
24558.413325334805
24558.413325334805
24558.413325334805
24558.413325334805
24558.413325334805
24558.413325334805
24558.413325334805
24558.413325334805
24558.413325334805
24558.413325334805
24558.413325334805
24558.413325334805
24558.413325334805
24558.413325334805
24558.413325334805
24558.413325334805
24558.413325334805
24558.413325334805
24558.413325334805
24558.413325334805
24558.413325334805
24558.413325334805
24558.413325334805
24558.413325334805
24558.413325334805
24558.413325334805
24558.413325334805
24558.413325334805
24558.413325334805
24558.413325334805
24558.413325334805
24558.413325334805
24487.168816173828
24487.168816173828
24487.168816173828
24487.168816173828
24487.168816173828
24487.168816173828
24487.168816173828
24487.168816173828
24487.168816173828
24487.168816173828
24487.168816173828
24487.168816173828
24487.168816173828
24454.83963550233
24454.83963550233
24454.83963550233
24454.83963550233
24454.83963550233
24454.83963550233
24454.83963550233
24454.83963550233
24454.83963550233
24454.83963550233
24454.83963550233
24454.83963550233
24454.83963550233
24454.83963550233
24454.83963550233
24454.83963550233
24454.83963550233
24454.83963550233
24454.83963550233
24454.83963550233
24454.83963550233
24454.83963550233
24454.83963550233
24454.83963550233
24454.83963550233
24454.83963550233
24454.83963550233
24454.83963550233
24454.83963550233
24454.83963550233
24454.83963550233
24454.83963550233
24454.83963550233
24454.83963550233
24454.83963550233
24454.83963550233
24454.83963550233
24454.83963550233
24454.83963550233
24454.83963550233
24454.83963550233
24454.83963550233
24454.83963550233
24454.83963550233
24454.83963550233
24454.83963550233
24454.83963550233
24454.83963550233
24454.83963550233
24454.83963550233
23891.664231862247
23891.664231862247
23891.664231862247
23891.664231862247
23891.664231862247
23891.664231862247
23891.664231862247
23891.664231862247
23891.664231862247
23891.664231862247
23891.664231862247
23891.664231862247
23891.664231862247
23891.664231862247
23891.664231862247
23891.664231862247
23891.664231862247
23891.664231862247
23891.664231862247
23891.664231862247
23891.664231862247
23891.664231862247
23891.664231862247
23891.664231862247
23891.664231862247
23891.664231862247
23891.664231862247
23891.664231862247
23891.664231862247
23891.664231862247
23891.664231862247
23891.664231862247
23891.664231862247
23891.664231862247
23891.664231862247
23891.664231862247
23891.664231862247
23891.664231862247
23891.664231862247
23891.664231862247
23891.664231862247
23891.664231862247
23891.664231862247
23891.664231862247
23891.664231862247
23891.664231862247
23891.664231862247
23891.664231862247
23891.664231862247
23891.664231862247
23891.664231862247
23891.664231862247
23891.664231862247
23891.664231862247
23891.664231862247
23891.664231862247
23891.664231862247
23891.664231862247
23891.664231862247
23891.664231862247
23891.664231862247
23891.664231862247
23891.664231862247
23891.664231862247
23891.664231862247
23891.664231862247
23891.664231862247
23891.664231862247
23891.664231862247
23891.664231862247
23891.664231862247
23891.664231862247
23891.664231862247
23891.664231862247
23891.664231862247
23891.664231862247
23891.664231862247
23891.664231862247
23891.664231862247
23891.664231862247
23891.664231862247
23891.664231862247
23891.664231862247
23891.664231862247
23891.664231862247
23891.664231862247
23891.664231862247
23891.664231862247
23891.664231862247
23891.664231862247
23891.664231862247
23891.664231862247
23891.664231862247
23891.664231862247
23891.664231862247
23891.664231862247
23891.664231862247
23891.664231862247
23891.664231862247
23891.664231862247
23891.664231862247
23891.664231862247
23891.664231862247
23891.664231862247
23891.664231862247
23891.664231862247
23891.664231862247
23891.664231862247
23891.664231862247
23891.664231862247
23891.664231862247
23891.664231862247
23891.664231862247
23891.664231862247
23891.664231862247
23891.664231862247
23891.664231862247
23891.664231862247
23891.664231862247
23891.664231862247
23891.664231862247
23891.664231862247
23891.664231862247
23891.664231862247
23891.664231862247
23891.664231862247
23891.664231862247
23891.664231862247
23891.664231862247
23891.664231862247
23891.664231862247
23891.664231862247
23891.664231862247
23891.664231862247
23891.664231862247
23891.664231862247
23891.664231862247
23891.664231862247
23891.664231862247
23891.664231862247
23891.664231862247
23891.664231862247
23891.664231862247
23891.664231862247
23891.664231862247
23891.664231862247
23891.664231862247
23891.664231862247
23891.664231862247
23891.664231862247
23891.664231862247
23891.664231862247
23891.664231862247
23891.664231862247
23891.664231862247
23891.664231862247
23891.664231862247
23891.664231862247
23891.664231862247
23891.664231862247
23891.664231862247
23891.664231862247
23891.664231862247
23891.664231862247
23891.664231862247
23891.664231862247
23891.664231862247
23891.664231862247
23891.664231862247
23891.664231862247
23891.664231862247
23891.664231862247
23891.664231862247
23891.664231862247
23891.664231862247
23891.664231862247
23891.664231862247
23891.664231862247
23891.664231862247
23891.664231862247
23891.664231862247
23891.664231862247
23891.664231862247
23891.664231862247
23891.664231862247
23891.664231862247
23891.664231862247
23891.664231862247
23891.664231862247
23891.664231862247
23891.664231862247
23891.664231862247
23891.664231862247
23891.664231862247
23891.664231862247
23891.664231862247
23891.664231862247
23891.664231862247
23891.664231862247
23891.664231862247
23881.904419615155
23881.904419615155
23881.904419615155
23881.904419615155
23881.904419615155
23881.904419615155
23881.904419615155
23881.904419615155
23881.904419615155
23881.904419615155
23881.904419615155
23881.904419615155
23881.904419615155
23881.904419615155
23881.904419615155
23881.904419615155
23881.904419615155
23881.904419615155
23881.904419615155
23881.904419615155
23881.904419615155
23881.904419615155
23881.904419615155
23881.904419615155
23881.904419615155
23881.904419615155
23881.904419615155
23881.904419615155
23881.904419615155
23881.904419615155
23881.904419615155
23881.904419615155
23881.904419615155
23881.904419615155
23881.904419615155
23881.904419615155
23881.904419615155
23323.272363690972
23323.272363690972
23323.272363690972
23323.272363690972
23323.272363690972
23323.272363690972
23323.272363690972
23323.272363690972
23323.272363690972
23323.272363690972
23323.272363690972
23323.272363690972
23323.272363690972
23323.272363690972
23323.272363690972
23323.272363690972
23323.272363690972
23323.272363690972
23323.272363690972
23323.272363690972
23323.272363690972
23323.272363690972
23323.272363690972
23323.272363690972
23323.272363690972
23323.272363690972
23323.272363690972
23323.272363690972
23323.272363690972
23323.272363690972
23323.272363690972
23323.272363690972
23323.272363690972
23323.272363690972
23323.272363690972
23323.272363690972
23323.272363690972
23323.272363690972
23323.272363690972
23323.272363690972
23323.272363690972
23323.272363690972
23323.272363690972
23323.272363690972
23323.272363690972
23323.272363690972
23323.272363690972
23323.272363690972
23323.272363690972
23323.272363690972
23323.272363690972
23323.272363690972
23323.272363690972
23323.272363690972
23323.272363690972
23323.272363690972
23323.272363690972
23323.272363690972
23323.272363690972
23323.272363690972
23323.272363690972
23323.272363690972
23323.272363690972
23323.272363690972
23323.272363690972
23323.272363690972
23323.272363690972
23323.272363690972
23323.272363690972
23323.272363690972
23323.272363690972
23323.272363690972
23323.272363690972
23323.272363690972
23323.272363690972
23323.272363690972
23323.272363690972
23323.272363690972
23323.272363690972
23323.272363690972
23323.272363690972
23323.272363690972
23228.68592462072
23228.68592462072
23228.68592462072
23228.68592462072
23228.68592462072
23228.68592462072
23228.68592462072
23228.68592462072
23228.68592462072
23228.68592462072
23228.68592462072
23228.68592462072
23228.68592462072
23228.68592462072
23228.68592462072
23228.68592462072
23228.68592462072
23228.68592462072
23228.68592462072
23228.68592462072
23228.68592462072
23228.68592462072
23228.68592462072
23228.68592462072
23228.68592462072
23228.68592462072
23228.68592462072
23228.68592462072
23228.68592462072
23228.68592462072
23228.68592462072
23228.68592462072
23228.68592462072
23228.68592462072
23228.68592462072
23228.68592462072
23228.68592462072
23228.68592462072
23228.68592462072
23228.68592462072
23228.68592462072
23228.68592462072
23228.68592462072
23228.68592462072
23228.68592462072
23228.68592462072
23228.68592462072
23228.68592462072
23228.68592462072
23228.68592462072
23228.68592462072
23228.68592462072
23228.68592462072
23228.68592462072
23228.68592462072
23228.68592462072
23228.68592462072
23228.68592462072
23228.68592462072
23228.68592462072
23228.68592462072
23228.68592462072
23228.68592462072
23228.68592462072
23228.68592462072
23228.68592462072
23228.68592462072
23228.68592462072
23228.68592462072
23228.68592462072
23228.68592462072
23228.68592462072
23228.68592462072
23228.68592462072
23228.68592462072
23228.68592462072
23228.68592462072
23228.68592462072
23228.68592462072
23228.68592462072
23228.68592462072
23228.68592462072
23228.68592462072
23228.68592462072
23228.68592462072
23228.68592462072
23228.68592462072
23228.68592462072
23228.68592462072
23228.68592462072
23228.68592462072
23228.68592462072
23228.68592462072
23228.68592462072
23228.68592462072
23228.68592462072
23195.041072618624
23195.041072618624
23195.041072618624
23195.041072618624
23195.041072618624
23195.041072618624
23195.041072618624
23195.041072618624
23195.041072618624
23195.041072618624
23195.041072618624
23195.041072618624
23195.041072618624
23195.041072618624
23195.041072618624
22805.20450274388
22805.20450274388
22805.20450274388
22805.20450274388
22805.20450274388
22805.20450274388
22805.20450274388
22805.20450274388
22805.20450274388
22805.20450274388
22805.20450274388
22805.20450274388
22805.20450274388
22805.20450274388
22441.294974595818
22441.294974595818
22441.294974595818
22441.294974595818
22441.294974595818
22441.294974595818
22441.294974595818
22441.294974595818
22441.294974595818
22441.294974595818
22441.294974595818
22441.294974595818
22441.294974595818
22441.294974595818
22441.294974595818
22441.294974595818
22441.294974595818
22441.294974595818
22441.294974595818
22441.294974595818
22441.294974595818
22441.294974595818
22441.294974595818
22441.294974595818
22441.294974595818
22441.294974595818
22441.294974595818
22441.294974595818
22441.294974595818
22441.294974595818
22441.294974595818
22441.294974595818
22441.294974595818
22441.294974595818
22441.294974595818
22441.294974595818
22441.294974595818
22441.294974595818
22441.294974595818
22441.294974595818
22441.294974595818
22441.294974595818
22441.294974595818
22441.294974595818
22441.294974595818
22441.294974595818
22441.294974595818
22441.294974595818
22441.294974595818
22441.294974595818
22441.294974595818
22441.294974595818
22441.294974595818
22441.294974595818
22441.294974595818
22441.294974595818
22441.294974595818
22441.294974595818
22441.294974595818
22441.294974595818
22441.294974595818
22441.294974595818
22441.294974595818
22441.294974595818
22441.294974595818
22441.294974595818
22441.294974595818
22441.294974595818
22441.294974595818
Time: 160.39877915382385 seconds 
Best solution: 22441.294974595818 [73, 67, 79, 72, 68, 71, 82, 84, 78, 77, 86, 83, 85, 91, 97, 102, 101, 96, 92, 93, 74, 70, 81, 75, 62, 63, 42, 47, 52, 43, 41, 44, 36, 37, 33, 24, 31, 32, 28, 21, 22, 11, 10, 7, 6, 2, 1, 3, 15, 103, 30, 20, 29, 23, 19, 18, 17, 34, 39, 38, 35, 14, 13, 4, 5, 26, 25, 16, 9, 8, 12, 27, 104, 45, 40, 48, 49, 55, 56, 50, 51, 54, 53, 46, 58, 57, 105, 59, 64, 69, 80, 65, 66, 61, 60, 88, 87, 95, 94, 100, 90, 89, 99, 98, 76]
Avg solution: 34172.62343605083