Best solutions from all runs: 
Pbest Value 3.9505306939442346 at point [-0.76229825  0.46703836  0.0955898  -0.67024414  0.0475295  -0.25461039
  0.93431612 -0.95489263 -0.26368165  0.39297153  0.50131292  0.6116693
  0.57675911 -0.63660731 -0.09509551 -0.78798571]
Pbest Value 3.9505306939442346 at point [-0.76229825  0.46703836  0.0955898  -0.67024414  0.0475295  -0.25461039
  0.93431612 -0.95489263 -0.26368165  0.39297153  0.50131292  0.6116693
  0.57675911 -0.63660731 -0.09509551 -0.78798571]
Pbest Value 3.9505306939442346 at point [-0.76229825  0.46703836  0.0955898  -0.67024414  0.0475295  -0.25461039
  0.93431612 -0.95489263 -0.26368165  0.39297153  0.50131292  0.6116693
  0.57675911 -0.63660731 -0.09509551 -0.78798571]
Pbest Value 3.9505306939442346 at point [-0.76229825  0.46703836  0.0955898  -0.67024414  0.0475295  -0.25461039
  0.93431612 -0.95489263 -0.26368165  0.39297153  0.50131292  0.6116693
  0.57675911 -0.63660731 -0.09509551 -0.78798571]
Pbest Value 3.9505306939442346 at point [-0.76229825  0.46703836  0.0955898  -0.67024414  0.0475295  -0.25461039
  0.93431612 -0.95489263 -0.26368165  0.39297153  0.50131292  0.6116693
  0.57675911 -0.63660731 -0.09509551 -0.78798571]
Pbest Value 3.9505306939442346 at point [-0.76229825  0.46703836  0.0955898  -0.67024414  0.0475295  -0.25461039
  0.93431612 -0.95489263 -0.26368165  0.39297153  0.50131292  0.6116693
  0.57675911 -0.63660731 -0.09509551 -0.78798571]
Pbest Value 3.9505306939442346 at point [-0.76229825  0.46703836  0.0955898  -0.67024414  0.0475295  -0.25461039
  0.93431612 -0.95489263 -0.26368165  0.39297153  0.50131292  0.6116693
  0.57675911 -0.63660731 -0.09509551 -0.78798571]
Pbest Value 3.9505306939442346 at point [-0.76229825  0.46703836  0.0955898  -0.67024414  0.0475295  -0.25461039
  0.93431612 -0.95489263 -0.26368165  0.39297153  0.50131292  0.6116693
  0.57675911 -0.63660731 -0.09509551 -0.78798571]
Pbest Value 3.9505306939442346 at point [-0.76229825  0.46703836  0.0955898  -0.67024414  0.0475295  -0.25461039
  0.93431612 -0.95489263 -0.26368165  0.39297153  0.50131292  0.6116693
  0.57675911 -0.63660731 -0.09509551 -0.78798571]
Pbest Value 3.9505306939442346 at point [-0.76229825  0.46703836  0.0955898  -0.67024414  0.0475295  -0.25461039
  0.93431612 -0.95489263 -0.26368165  0.39297153  0.50131292  0.6116693
  0.57675911 -0.63660731 -0.09509551 -0.78798571]
Best solutions overall runs: 
Pbest Value 3.9505306939442346 at point [-0.76229825  0.46703836  0.0955898  -0.67024414  0.0475295  -0.25461039
  0.93431612 -0.95489263 -0.26368165  0.39297153  0.50131292  0.6116693
  0.57675911 -0.63660731 -0.09509551 -0.78798571]
Average best solution from all runs: 
17.457306074297765
17.020368950175758
13.516209706259122
12.946134483613083
7.430552646672118
12.416541434837509
8.352437250214338
5.3887615414680345
5.5282332443159286
8.536411807067308
Best average best solution over all generations: 5.3887615414680345
Time: 18.148597478866577 seconds 
