Best solutions from all runs: 
Pbest Value 9.842070074145726 at point [ 0.03449354  0.5965403  -2.11388178 -0.59796493 -2.31670392  0.2099648
  1.47887434 -0.59162959  2.4506857   2.47824527 -0.3625846  -0.79064009
 -8.32362569 -0.70646278  0.43784212  1.31262048]
Pbest Value 9.842070074145726 at point [ 0.03449354  0.5965403  -2.11388178 -0.59796493 -2.31670392  0.2099648
  1.47887434 -0.59162959  2.4506857   2.47824527 -0.3625846  -0.79064009
 -8.32362569 -0.70646278  0.43784212  1.31262048]
Pbest Value 9.842070074145726 at point [ 0.03449354  0.5965403  -2.11388178 -0.59796493 -2.31670392  0.2099648
  1.47887434 -0.59162959  2.4506857   2.47824527 -0.3625846  -0.79064009
 -8.32362569 -0.70646278  0.43784212  1.31262048]
Pbest Value 9.842070074145726 at point [ 0.03449354  0.5965403  -2.11388178 -0.59796493 -2.31670392  0.2099648
  1.47887434 -0.59162959  2.4506857   2.47824527 -0.3625846  -0.79064009
 -8.32362569 -0.70646278  0.43784212  1.31262048]
Pbest Value 9.842070074145726 at point [ 0.03449354  0.5965403  -2.11388178 -0.59796493 -2.31670392  0.2099648
  1.47887434 -0.59162959  2.4506857   2.47824527 -0.3625846  -0.79064009
 -8.32362569 -0.70646278  0.43784212  1.31262048]
Pbest Value 9.842070074145726 at point [ 0.03449354  0.5965403  -2.11388178 -0.59796493 -2.31670392  0.2099648
  1.47887434 -0.59162959  2.4506857   2.47824527 -0.3625846  -0.79064009
 -8.32362569 -0.70646278  0.43784212  1.31262048]
Pbest Value 6.352181309527847 at point [ 0.1314978  -1.01462358 -0.20208759 -1.08107287 -1.71139024  1.02429904
 -0.79920231 -1.07599415  1.07367397  2.27621046 -0.57326504 -0.79420115
  1.47505216 -0.26949064  3.71699126  0.23845624]
Pbest Value 6.352181309527847 at point [ 0.1314978  -1.01462358 -0.20208759 -1.08107287 -1.71139024  1.02429904
 -0.79920231 -1.07599415  1.07367397  2.27621046 -0.57326504 -0.79420115
  1.47505216 -0.26949064  3.71699126  0.23845624]
Pbest Value 6.352181309527847 at point [ 0.1314978  -1.01462358 -0.20208759 -1.08107287 -1.71139024  1.02429904
 -0.79920231 -1.07599415  1.07367397  2.27621046 -0.57326504 -0.79420115
  1.47505216 -0.26949064  3.71699126  0.23845624]
Pbest Value 6.352181309527847 at point [ 0.1314978  -1.01462358 -0.20208759 -1.08107287 -1.71139024  1.02429904
 -0.79920231 -1.07599415  1.07367397  2.27621046 -0.57326504 -0.79420115
  1.47505216 -0.26949064  3.71699126  0.23845624]
Best solutions overall runs: 
Pbest Value 6.352181309527847 at point [ 0.1314978  -1.01462358 -0.20208759 -1.08107287 -1.71139024  1.02429904
 -0.79920231 -1.07599415  1.07367397  2.27621046 -0.57326504 -0.79420115
  1.47505216 -0.26949064  3.71699126  0.23845624]
Average best solution from all runs: 
17.43542723730242
17.014016779035245
10.898300308874262
13.07436294460698
14.094131853656831
12.911199782657226
11.203074005239683
7.721503978103121
10.969814735320798
8.69349036598114
Best average best solution over all generations: 7.721503978103121
Time: 14.597845554351807 seconds 
