Best solutions from all runs: 
Pbest Value 4.575886519646886 at point [-0.96826716  0.98026874 -1.95281562 -0.92252765 -1.03076738  1.05617837
 -1.08328345  1.3318333   1.04977145  1.13427215 -0.98791201  0.94873628
 -1.05916166  1.02296216  1.2097495  -1.07627026]
Pbest Value 4.575886519646886 at point [-0.96826716  0.98026874 -1.95281562 -0.92252765 -1.03076738  1.05617837
 -1.08328345  1.3318333   1.04977145  1.13427215 -0.98791201  0.94873628
 -1.05916166  1.02296216  1.2097495  -1.07627026]
Pbest Value 4.575886519646886 at point [-0.96826716  0.98026874 -1.95281562 -0.92252765 -1.03076738  1.05617837
 -1.08328345  1.3318333   1.04977145  1.13427215 -0.98791201  0.94873628
 -1.05916166  1.02296216  1.2097495  -1.07627026]
Pbest Value 4.575886519646886 at point [-0.96826716  0.98026874 -1.95281562 -0.92252765 -1.03076738  1.05617837
 -1.08328345  1.3318333   1.04977145  1.13427215 -0.98791201  0.94873628
 -1.05916166  1.02296216  1.2097495  -1.07627026]
Pbest Value 4.575886519646886 at point [-0.96826716  0.98026874 -1.95281562 -0.92252765 -1.03076738  1.05617837
 -1.08328345  1.3318333   1.04977145  1.13427215 -0.98791201  0.94873628
 -1.05916166  1.02296216  1.2097495  -1.07627026]
Pbest Value 4.575886519646886 at point [-0.96826716  0.98026874 -1.95281562 -0.92252765 -1.03076738  1.05617837
 -1.08328345  1.3318333   1.04977145  1.13427215 -0.98791201  0.94873628
 -1.05916166  1.02296216  1.2097495  -1.07627026]
Pbest Value 4.575886519646886 at point [-0.96826716  0.98026874 -1.95281562 -0.92252765 -1.03076738  1.05617837
 -1.08328345  1.3318333   1.04977145  1.13427215 -0.98791201  0.94873628
 -1.05916166  1.02296216  1.2097495  -1.07627026]
Pbest Value 4.575886519646886 at point [-0.96826716  0.98026874 -1.95281562 -0.92252765 -1.03076738  1.05617837
 -1.08328345  1.3318333   1.04977145  1.13427215 -0.98791201  0.94873628
 -1.05916166  1.02296216  1.2097495  -1.07627026]
Pbest Value 4.575886519646886 at point [-0.96826716  0.98026874 -1.95281562 -0.92252765 -1.03076738  1.05617837
 -1.08328345  1.3318333   1.04977145  1.13427215 -0.98791201  0.94873628
 -1.05916166  1.02296216  1.2097495  -1.07627026]
Pbest Value 4.575886519646886 at point [-0.96826716  0.98026874 -1.95281562 -0.92252765 -1.03076738  1.05617837
 -1.08328345  1.3318333   1.04977145  1.13427215 -0.98791201  0.94873628
 -1.05916166  1.02296216  1.2097495  -1.07627026]
Best solutions overall runs: 
Pbest Value 4.575886519646886 at point [-0.96826716  0.98026874 -1.95281562 -0.92252765 -1.03076738  1.05617837
 -1.08328345  1.3318333   1.04977145  1.13427215 -0.98791201  0.94873628
 -1.05916166  1.02296216  1.2097495  -1.07627026]
Average best solution from all runs: 
18.483451387068612
12.956996219580338
12.337102242027978
11.521150344524276
11.64402888205501
10.645180467662662
9.036786393665995
8.284482452460997
8.33332487294922
6.420669792635568
Best average best solution over all generations: 6.420669792635568
Time: 3.7051656246185303 seconds 
