Best solutions from all runs: 
Pbest Value 7.735056692697821 at point [-3.12427666  0.45824088 -0.57382216  2.14150979  3.51171191  1.69362421
 -0.88479609  1.57164883 -2.05173756 -3.21268264  1.83045377  0.92294597
  0.72899427 -1.15047693  0.21969106 -0.09970895]
Pbest Value 5.245688367493514 at point [ 0.35945795 -1.89063378  1.12713449  0.56943944 -1.42354639 -1.12408292
 -0.45564345 -0.91690791  1.13307409  0.6072992   0.52575153 -1.19497776
  0.02544012  0.54196487  0.89101697 -1.11554774]
Pbest Value 5.963741036944054 at point [-0.93588639  1.46307353  0.41203101  0.10760696  1.01316363  1.69576073
  1.27909101  0.86564612 -0.48488173 -0.50434396  0.32009739 -1.63855732
 -1.22622317 -1.2735661   2.25455214  0.31744029]
Pbest Value 4.441332156037056 at point [ 0.2832468   0.50642297  0.53173813 -0.12474398  0.85481098  1.01106122
 -1.23785156  0.55595248  0.55805332  0.7937173  -0.77875681 -0.62679149
 -0.3360192   0.20638775  1.24059794 -0.18553594]
Pbest Value 4.441332156037056 at point [ 0.2832468   0.50642297  0.53173813 -0.12474398  0.85481098  1.01106122
 -1.23785156  0.55595248  0.55805332  0.7937173  -0.77875681 -0.62679149
 -0.3360192   0.20638775  1.24059794 -0.18553594]
Pbest Value 3.90017941268156 at point [-0.7027962   0.30121204  0.7740158   0.00615013  1.35232246  0.82506
  0.17989404 -0.01858392  0.98046806 -0.22100415 -1.21697957 -0.08453397
 -0.94479916  0.35258744  0.99718962  0.00295894]
Pbest Value 2.6814218546727813 at point [ 0.31794141  0.13949615  0.52528069 -0.18766603 -0.30829517  0.27867099
 -0.04849416  0.000854    0.16925592  0.09559137  0.28260479 -0.20114306
  0.12834291  0.07735076 -0.72378001 -0.39369574]
Pbest Value 1.1896262634297767 at point [ 0.01509509 -0.06552564  0.19268311  0.16206958 -0.06834567 -0.23925517
  0.00130527  0.06699353 -0.22971148  0.03635451  0.05471077 -0.25593495
  0.03699662  0.08846708 -0.00428027  0.06549365]
Pbest Value 1.1896262634297767 at point [ 0.01509509 -0.06552564  0.19268311  0.16206958 -0.06834567 -0.23925517
  0.00130527  0.06699353 -0.22971148  0.03635451  0.05471077 -0.25593495
  0.03699662  0.08846708 -0.00428027  0.06549365]
Pbest Value 1.091674673244008 at point [-0.02934259 -0.06342612  0.15087486  0.19894292 -0.06594055 -0.18426964
  0.06241023  0.11585299 -0.19979841  0.02668033  0.09900104 -0.19824615
  0.05005829  0.08065669  0.01069904  0.09274348]
Best solutions overall runs: 
Pbest Value 1.091674673244008 at point [-0.02934259 -0.06342612  0.15087486  0.19894292 -0.06594055 -0.18426964
  0.06241023  0.11585299 -0.19979841  0.02668033  0.09900104 -0.19824615
  0.05005829  0.08065669  0.01069904  0.09274348]
Average best solution from all runs: 
13.023614657298474
9.41370045793958
7.53737400028502
7.136488070774934
5.418230719416932
5.418447832526138
4.038720028195665
3.4864262184308332
2.1634923704996933
2.3896685514939136
Best average best solution over all generations: 2.1634923704996933
Time: 36.14333534240723 seconds 
