Best solutions from all runs: 
Pbest Value 0.0007349210244673721 at point [ 2.40212196e-04  3.47556589e-04  2.10621673e-05 -6.06305217e-05
 -1.22868035e-04 -2.96070188e-04 -6.30375409e-05 -2.49913386e-04
 -1.09207212e-04 -1.06135769e-04 -3.32474662e-04 -1.86454854e-04
  1.26643254e-05  5.75916593e-05  7.32535567e-05 -9.13330033e-05]
Pbest Value 0.0009197384093515559 at point [-3.26407777e-04  1.21846419e-04 -3.13710453e-04  1.69875069e-04
  7.27506245e-05  1.39500927e-04 -1.85120601e-04 -2.42110139e-04
  6.56767027e-05  3.57992961e-05 -4.14455814e-04 -3.49198543e-04
  6.92245457e-05 -2.61897261e-04  2.48688405e-04  1.99854398e-04]
Pbest Value 1.636867757470739e-05 at point [ 9.41961840e-06  5.06257544e-06 -4.80772058e-06 -7.88735338e-07
  2.06318605e-06 -7.43080247e-06 -2.24858639e-06  2.30010614e-06
  4.56078421e-07 -3.96472862e-06  2.43122299e-06  2.87696865e-06
 -3.99388618e-07  4.82838497e-06  2.51301094e-06  2.93512593e-07]
Pbest Value 1.826182091635431e-05 at point [ 1.11064558e-05  1.77099401e-06 -6.81652878e-06  2.77985890e-06
 -4.01617580e-07 -4.81340474e-06 -5.75500052e-06  5.45948877e-06
  2.81829296e-08 -4.68275542e-06  5.16635868e-06  3.58452212e-06
  1.39108659e-07  1.33280614e-06  8.09791063e-07 -1.61070090e-06]
Pbest Value 0.0009197384093515559 at point [-3.26407777e-04  1.21846419e-04 -3.13710453e-04  1.69875069e-04
  7.27506245e-05  1.39500927e-04 -1.85120601e-04 -2.42110139e-04
  6.56767027e-05  3.57992961e-05 -4.14455814e-04 -3.49198543e-04
  6.92245457e-05 -2.61897261e-04  2.48688405e-04  1.99854398e-04]
Pbest Value 1.7893088227527443e-05 at point [ 6.71886578e-06 -1.40932412e-06 -1.46792312e-06  3.01011142e-06
 -3.93925591e-06 -2.88339283e-06 -4.26195160e-06  4.55555915e-06
  9.80451128e-07 -5.95701812e-06  8.98810951e-06  5.00218121e-06
 -1.75676417e-06 -6.87259242e-06 -2.06115325e-06 -1.48597921e-06]
Pbest Value 0.0004440536348693236 at point [ 9.54666507e-05  1.13680980e-04  1.50104589e-04 -2.62510967e-05
  8.17005706e-05 -8.34879355e-05 -9.27952100e-07 -2.51705912e-04
  4.97454880e-05  5.58210548e-05 -2.17985626e-04  8.30843186e-05
  5.34599617e-05  5.64392888e-05 -2.09627857e-05  8.85948070e-05]
Pbest Value 1.7379638152181798e-05 at point [ 9.74575510e-06  3.87823971e-06 -3.60542068e-06 -4.89594827e-06
 -1.71745160e-06 -3.78318435e-06  2.03747849e-06 -1.77581869e-06
  3.47184161e-06 -1.93613467e-06  2.31240751e-06  9.30002807e-06
 -3.92957031e-06  1.83433044e-06 -1.09471479e-06 -1.67788829e-06]
Pbest Value 5.3682429691281897e-05 at point [ 1.61996937e-06  1.03702836e-05 -6.00541230e-06 -3.41866498e-05
  4.65262168e-06 -1.09323918e-05  2.30193476e-05 -1.88463172e-05
  3.51066079e-06  2.00340826e-05  1.06772444e-06  5.64141070e-06
 -2.40993399e-06  8.94449235e-06  7.52683242e-07  2.55805417e-06]
Pbest Value 1.3464787862904615e-05 at point [ 7.30739580e-06  1.10822420e-06 -4.25523704e-06 -2.64167372e-06
 -2.33808019e-06 -3.92270593e-06  1.28369614e-06 -1.64605573e-06
  1.72365983e-06 -1.15611136e-06  5.41836025e-06  6.48615831e-06
 -6.25466447e-07 -8.37259317e-08  3.75213054e-07  2.92391968e-07]
Best solutions overall runs: 
Pbest Value 1.3464787862904615e-05 at point [ 7.30739580e-06  1.10822420e-06 -4.25523704e-06 -2.64167372e-06
 -2.33808019e-06 -3.92270593e-06  1.28369614e-06 -1.64605573e-06
  1.72365983e-06 -1.15611136e-06  5.41836025e-06  6.48615831e-06
 -6.25466447e-07 -8.37259317e-08  3.75213054e-07  2.92391968e-07]
Average best solution from all runs: 
3.6677285268982875
3.3883804867392064
0.3756746850294762
0.09402639883096134
0.013563699685663783
0.003171779052431766
0.0016047829121094875
0.0004848958354950324
0.00022883424167595225
2.9422494779619176e-05
Best average best solution over all generations: 2.9422494779619176e-05
Time: 69.96881484985352 seconds 
