Alg:2, Run: 6, file: C:\Users\gabri\Documents\AN 3 SEM 2\AI\Lab\Lab3\\lin105.tsp, population number: 100, generations: 5000 
104597.8696380324
104597.8696380324
104597.8696380324
101826.77316255227
101826.77316255227
101826.77316255227
101826.77316255227
101826.77316255227
101826.77316255227
101826.77316255227
101826.77316255227
101826.77316255227
101826.77316255227
101826.77316255227
101826.77316255227
101826.77316255227
101826.77316255227
100146.51038458334
100146.51038458334
100146.51038458334
100146.51038458334
100146.51038458334
100146.51038458334
100146.51038458334
100146.51038458334
100146.51038458334
96566.50180391406
96566.50180391406
96566.50180391406
96229.60871234853
96229.60871234853
96229.60871234853
96229.60871234853
96229.60871234853
96229.60871234853
96229.60871234853
96229.60871234853
96229.60871234853
96229.60871234853
93694.75872827976
93694.75872827976
93694.75872827976
93694.75872827976
93694.75872827976
93694.75872827976
93694.75872827976
93694.75872827976
93694.75872827976
93694.75872827976
93694.75872827976
93694.75872827976
93694.75872827976
93694.75872827976
93694.75872827976
93694.75872827976
93694.75872827976
93694.75872827976
93694.75872827976
93694.75872827976
93694.75872827976
93694.75872827976
93694.75872827976
93694.75872827976
93694.75872827976
93694.75872827976
93694.75872827976
93694.75872827976
93694.75872827976
93694.75872827976
93694.75872827976
93694.75872827976
93694.75872827976
93694.75872827976
93694.75872827976
93694.75872827976
90301.11911879535
90301.11911879535
90301.11911879535
90301.11911879535
90301.11911879535
90301.11911879535
90301.11911879535
90301.11911879535
90301.11911879535
90301.11911879535
90301.11911879535
90301.11911879535
90301.11911879535
90301.11911879535
90301.11911879535
90301.11911879535
90301.11911879535
90301.11911879535
88005.35376914764
88005.35376914764
88005.35376914764
88005.35376914764
88005.35376914764
88005.35376914764
88005.35376914764
88005.35376914764
88005.35376914764
88005.35376914764
88005.35376914764
88005.35376914764
88005.35376914764
88005.35376914764
88005.35376914764
88005.35376914764
88005.35376914764
88005.35376914764
88005.35376914764
88005.35376914764
88005.35376914764
88005.35376914764
88005.35376914764
88005.35376914764
88005.35376914764
88005.35376914764
88005.35376914764
88005.35376914764
88005.35376914764
88005.35376914764
88005.35376914764
88005.35376914764
88005.35376914764
88005.35376914764
87803.88423599683
87803.88423599683
87803.88423599683
87803.88423599683
87803.88423599683
87803.88423599683
87803.88423599683
87803.88423599683
87803.88423599683
87803.88423599683
87803.88423599683
87803.88423599683
87803.88423599683
87803.88423599683
87803.88423599683
87803.88423599683
87803.88423599683
87803.88423599683
87803.88423599683
87803.88423599683
87803.88423599683
87803.88423599683
87803.88423599683
87803.88423599683
87803.88423599683
87803.88423599683
87803.88423599683
87803.88423599683
87803.88423599683
87803.88423599683
87803.88423599683
87803.88423599683
87803.88423599683
87803.88423599683
87803.88423599683
87803.88423599683
87803.88423599683
87803.88423599683
87803.88423599683
87803.88423599683
87803.88423599683
87803.88423599683
87803.88423599683
84687.20508646764
84687.20508646764
84687.20508646764
84687.20508646764
84687.20508646764
84687.20508646764
84687.20508646764
84687.20508646764
84687.20508646764
84687.20508646764
84687.20508646764
84687.20508646764
84687.20508646764
84687.20508646764
84687.20508646764
84687.20508646764
84687.20508646764
84687.20508646764
84687.20508646764
84687.20508646764
84687.20508646764
84687.20508646764
84687.20508646764
84687.20508646764
84687.20508646764
84687.20508646764
84687.20508646764
84687.20508646764
84687.20508646764
84687.20508646764
84687.20508646764
84687.20508646764
84687.20508646764
84687.20508646764
84687.20508646764
84687.20508646764
84687.20508646764
84687.20508646764
84687.20508646764
84687.20508646764
84687.20508646764
84687.20508646764
84687.20508646764
84687.20508646764
84687.20508646764
84687.20508646764
84687.20508646764
84687.20508646764
84687.20508646764
84687.20508646764
84687.20508646764
84687.20508646764
84687.20508646764
84687.20508646764
84687.20508646764
84687.20508646764
84687.20508646764
84687.20508646764
84687.20508646764
84687.20508646764
84687.20508646764
84687.20508646764
84687.20508646764
84687.20508646764
84687.20508646764
84687.20508646764
84687.20508646764
84687.20508646764
84687.20508646764
84687.20508646764
84687.20508646764
84687.20508646764
84687.20508646764
84687.20508646764
84687.20508646764
84687.20508646764
84687.20508646764
84641.91844975716
84000.58350929932
84000.58350929932
83408.86959707268
83408.86959707268
83408.86959707268
83408.86959707268
83408.86959707268
83408.86959707268
83408.86959707268
83408.86959707268
83408.86959707268
83408.86959707268
81519.41802090581
81519.41802090581
81519.41802090581
81519.41802090581
81519.41802090581
81519.41802090581
81519.41802090581
81327.64259459334
81327.64259459334
81327.64259459334
81096.64272711548
81096.64272711548
81096.64272711548
81096.64272711548
81096.64272711548
81096.64272711548
81096.64272711548
81096.64272711548
81096.64272711548
81096.64272711548
81096.64272711548
79263.10024839037
79263.10024839037
79263.10024839037
79263.10024839037
79263.10024839037
79263.10024839037
79263.10024839037
79263.10024839037
79263.10024839037
79263.10024839037
79263.10024839037
79263.10024839037
79263.10024839037
79263.10024839037
79263.10024839037
79263.10024839037
79263.10024839037
79263.10024839037
79263.10024839037
79263.10024839037
77539.15104470772
77539.15104470772
77539.15104470772
77539.15104470772
77539.15104470772
77539.15104470772
77539.15104470772
77539.15104470772
77539.15104470772
77539.15104470772
77539.15104470772
77539.15104470772
77539.15104470772
77539.15104470772
77539.15104470772
77539.15104470772
77539.15104470772
77539.15104470772
77539.15104470772
77539.15104470772
77539.15104470772
77539.15104470772
77539.15104470772
77539.15104470772
77539.15104470772
77539.15104470772
77539.15104470772
77539.15104470772
77539.15104470772
77539.15104470772
77539.15104470772
77539.15104470772
77539.15104470772
77539.15104470772
77539.15104470772
77539.15104470772
77539.15104470772
77539.15104470772
77539.15104470772
77539.15104470772
77539.15104470772
77539.15104470772
77539.15104470772
77539.15104470772
77539.15104470772
77539.15104470772
77539.15104470772
77539.15104470772
76314.10951256039
76314.10951256039
76314.10951256039
76314.10951256039
76314.10951256039
76314.10951256039
76314.10951256039
76314.10951256039
76314.10951256039
76314.10951256039
76314.10951256039
76314.10951256039
76314.10951256039
76314.10951256039
76314.10951256039
76314.10951256039
76314.10951256039
76314.10951256039
76314.10951256039
76314.10951256039
76314.10951256039
76314.10951256039
76314.10951256039
76314.10951256039
76314.10951256039
76314.10951256039
76314.10951256039
76314.10951256039
76314.10951256039
76314.10951256039
76314.10951256039
76314.10951256039
76314.10951256039
76314.10951256039
76314.10951256039
75290.9357206357
75290.9357206357
75290.9357206357
75290.9357206357
75290.9357206357
75290.9357206357
75290.9357206357
75290.9357206357
75290.9357206357
75290.9357206357
75290.9357206357
75290.9357206357
75290.9357206357
75290.9357206357
75290.9357206357
75290.9357206357
75290.9357206357
75290.9357206357
75290.9357206357
75290.9357206357
75290.9357206357
75290.9357206357
75290.9357206357
75290.9357206357
75290.9357206357
75290.9357206357
75290.9357206357
75290.9357206357
75290.9357206357
75290.9357206357
75290.9357206357
75290.9357206357
75290.9357206357
75290.9357206357
75290.9357206357
75290.9357206357
75290.9357206357
75290.9357206357
75290.9357206357
73740.41459830574
73740.41459830574
73740.41459830574
73740.41459830574
73740.41459830574
73740.41459830574
73740.41459830574
73740.41459830574
73740.41459830574
73740.41459830574
73740.41459830574
73740.41459830574
73740.41459830574
73740.41459830574
73740.41459830574
73740.41459830574
73740.41459830574
73740.41459830574
73740.41459830574
73740.41459830574
73740.41459830574
73740.41459830574
73740.41459830574
73740.41459830574
73740.41459830574
73740.41459830574
73740.41459830574
73740.41459830574
73740.41459830574
73740.41459830574
73740.41459830574
73522.46073857964
73522.46073857964
73522.46073857964
73522.46073857964
73522.46073857964
73522.46073857964
73522.46073857964
73522.46073857964
73522.46073857964
73420.52344127066
73420.52344127066
73420.52344127066
73420.52344127066
73420.52344127066
73420.52344127066
73420.52344127066
73420.52344127066
73420.52344127066
73420.52344127066
73420.52344127066
73420.52344127066
73420.52344127066
73420.52344127066
73420.52344127066
73420.52344127066
73420.52344127066
73420.52344127066
73420.52344127066
73420.52344127066
73420.52344127066
73420.52344127066
73420.52344127066
73420.52344127066
73420.52344127066
73420.52344127066
73420.52344127066
73420.52344127066
73420.52344127066
73420.52344127066
73420.52344127066
73420.52344127066
73236.64582308469
73236.64582308469
72092.06566317307
72092.06566317307
72092.06566317307
72092.06566317307
72092.06566317307
72092.06566317307
72092.06566317307
72092.06566317307
72092.06566317307
72092.06566317307
72092.06566317307
72092.06566317307
72092.06566317307
72092.06566317307
72092.06566317307
72092.06566317307
72092.06566317307
72092.06566317307
72092.06566317307
72092.06566317307
72092.06566317307
72092.06566317307
71460.44310380962
71460.44310380962
71460.44310380962
71460.44310380962
71460.44310380962
70563.7508660896
70563.7508660896
70563.7508660896
70563.7508660896
70563.7508660896
70563.7508660896
70563.7508660896
70563.7508660896
70563.7508660896
70563.7508660896
70563.7508660896
70563.7508660896
70563.7508660896
70563.7508660896
70563.7508660896
70563.7508660896
70563.7508660896
70563.7508660896
70563.7508660896
70563.7508660896
70340.22126867354
70340.22126867354
70340.22126867354
70340.22126867354
70340.22126867354
70340.22126867354
70340.22126867354
70340.22126867354
70340.22126867354
70340.22126867354
70340.22126867354
70340.22126867354
70340.22126867354
70340.22126867354
70340.22126867354
70340.22126867354
70340.22126867354
70340.22126867354
70340.22126867354
70340.22126867354
70340.22126867354
70340.22126867354
70340.22126867354
70340.22126867354
70340.22126867354
70340.22126867354
70340.22126867354
70340.22126867354
70177.59286460716
70177.59286460716
70177.59286460716
70177.59286460716
70177.59286460716
70177.59286460716
70177.59286460716
70177.59286460716
70177.59286460716
70177.59286460716
70177.59286460716
70177.59286460716
70177.59286460716
70177.59286460716
70177.59286460716
70177.59286460716
70177.59286460716
70177.59286460716
70177.59286460716
70177.59286460716
70177.59286460716
70177.59286460716
70177.59286460716
70177.59286460716
70177.59286460716
70177.59286460716
70177.59286460716
70177.59286460716
70177.59286460716
70177.59286460716
70177.59286460716
70177.59286460716
70177.59286460716
70177.59286460716
68760.50660456326
68760.50660456326
68760.50660456326
68760.50660456326
68760.50660456326
68760.50660456326
68760.50660456326
68760.50660456326
68760.50660456326
68760.50660456326
68105.1378319254
68105.1378319254
68105.1378319254
68105.1378319254
68105.1378319254
68105.1378319254
68105.1378319254
68105.1378319254
68105.1378319254
68105.1378319254
68105.1378319254
68105.1378319254
68105.1378319254
68105.1378319254
67219.10439733037
67219.10439733037
67219.10439733037
67219.10439733037
67219.10439733037
67219.10439733037
67219.10439733037
67219.10439733037
67219.10439733037
67219.10439733037
67219.10439733037
67219.10439733037
67219.10439733037
67219.10439733037
67219.10439733037
67219.10439733037
67219.10439733037
67219.10439733037
67219.10439733037
67219.10439733037
67219.10439733037
67219.10439733037
67219.10439733037
67219.10439733037
67219.10439733037
67219.10439733037
67219.10439733037
67219.10439733037
67219.10439733037
67219.10439733037
67219.10439733037
67219.10439733037
66411.79679162455
66411.79679162455
66411.79679162455
66411.79679162455
66411.79679162455
66411.79679162455
66411.79679162455
66411.79679162455
66411.79679162455
66411.79679162455
66411.79679162455
66411.79679162455
66411.79679162455
66411.79679162455
66411.79679162455
66411.79679162455
66411.79679162455
66411.79679162455
66411.79679162455
66411.79679162455
66411.79679162455
66411.79679162455
66411.79679162455
66411.79679162455
66411.79679162455
66411.79679162455
66411.79679162455
66411.79679162455
66411.79679162455
66411.79679162455
65272.42478933882
65272.42478933882
65272.42478933882
65272.42478933882
65272.42478933882
65272.42478933882
65272.42478933882
65272.42478933882
65272.42478933882
65272.42478933882
65272.42478933882
65272.42478933882
65272.42478933882
65272.42478933882
65272.42478933882
65272.42478933882
65272.42478933882
65272.42478933882
65272.42478933882
65272.42478933882
65272.42478933882
65272.42478933882
65272.42478933882
65272.42478933882
65272.42478933882
65272.42478933882
65272.42478933882
65272.42478933882
65272.42478933882
65272.42478933882
65272.42478933882
65272.42478933882
65272.42478933882
65272.42478933882
64274.16140660289
64274.16140660289
64274.16140660289
64274.16140660289
64274.16140660289
64274.16140660289
64274.16140660289
64274.16140660289
64274.16140660289
64274.16140660289
64274.16140660289
64274.16140660289
64274.16140660289
64274.16140660289
64274.16140660289
64274.16140660289
64274.16140660289
64274.16140660289
64274.16140660289
64274.16140660289
64274.16140660289
64274.16140660289
64274.16140660289
64274.16140660289
64274.16140660289
64274.16140660289
64274.16140660289
64274.16140660289
64274.16140660289
64274.16140660289
64274.16140660289
64274.16140660289
64274.16140660289
64274.16140660289
63415.27165015657
63415.27165015657
63415.27165015657
61867.10672824018
61867.10672824018
61867.10672824018
61867.10672824018
61867.10672824018
61867.10672824018
61867.10672824018
61867.10672824018
61867.10672824018
61867.10672824018
61867.10672824018
61867.10672824018
61867.10672824018
61867.10672824018
61867.10672824018
61867.10672824018
61867.10672824018
61867.10672824018
61867.10672824018
61867.10672824018
61867.10672824018
61867.10672824018
61867.10672824018
61867.10672824018
61867.10672824018
61867.10672824018
61867.10672824018
61867.10672824018
61867.10672824018
61867.10672824018
61867.10672824018
61867.10672824018
61867.10672824018
61867.10672824018
61867.10672824018
61867.10672824018
61867.10672824018
61867.10672824018
61867.10672824018
61867.10672824018
61867.10672824018
61867.10672824018
61867.10672824018
61867.10672824018
61867.10672824018
61867.10672824018
61867.10672824018
61867.10672824018
61867.10672824018
61867.10672824018
61867.10672824018
61867.10672824018
61867.10672824018
61867.10672824018
61867.10672824018
61867.10672824018
61867.10672824018
61867.10672824018
61867.10672824018
61867.10672824018
61867.10672824018
61867.10672824018
61867.10672824018
61867.10672824018
61867.10672824018
61867.10672824018
61867.10672824018
59757.08671791012
59757.08671791012
59757.08671791012
59757.08671791012
59757.08671791012
59757.08671791012
59757.08671791012
59757.08671791012
59757.08671791012
59757.08671791012
59757.08671791012
59757.08671791012
59757.08671791012
59757.08671791012
59757.08671791012
59757.08671791012
59757.08671791012
59461.270806845205
59461.270806845205
59461.270806845205
59461.270806845205
59461.270806845205
59461.270806845205
59461.270806845205
59461.270806845205
59461.270806845205
59461.270806845205
59461.270806845205
59461.270806845205
59461.270806845205
59461.270806845205
59461.270806845205
59461.270806845205
59461.270806845205
59461.270806845205
59461.270806845205
59461.270806845205
59461.270806845205
59461.270806845205
59461.270806845205
59461.270806845205
59461.270806845205
59461.270806845205
59461.270806845205
59461.270806845205
59461.270806845205
59461.270806845205
59461.270806845205
59461.270806845205
59461.270806845205
59461.270806845205
59461.270806845205
59461.270806845205
59461.270806845205
59461.270806845205
59461.270806845205
59461.270806845205
59461.270806845205
59461.270806845205
59461.270806845205
59461.270806845205
59377.07457051972
59377.07457051972
59377.07457051972
59377.07457051972
59377.07457051972
59377.07457051972
59165.80848000177
58358.74669696623
58358.74669696623
58358.74669696623
58358.74669696623
58358.74669696623
58358.74669696623
55516.81900639764
55516.81900639764
55516.81900639764
55516.81900639764
55516.81900639764
55516.81900639764
55516.81900639764
55516.81900639764
55516.81900639764
55516.81900639764
55516.81900639764
55516.81900639764
55516.81900639764
55516.81900639764
55516.81900639764
55516.81900639764
55516.81900639764
55516.81900639764
55516.81900639764
55516.81900639764
55516.81900639764
55516.81900639764
55516.81900639764
55516.81900639764
55516.81900639764
55516.81900639764
55516.81900639764
55516.81900639764
55516.81900639764
55516.81900639764
55516.81900639764
55516.81900639764
55516.81900639764
55516.81900639764
55516.81900639764
55516.81900639764
55516.81900639764
55516.81900639764
53486.550017574256
53486.550017574256
53486.550017574256
53486.550017574256
53486.550017574256
53486.550017574256
53486.550017574256
53486.550017574256
53486.550017574256
53486.550017574256
53486.550017574256
53486.550017574256
53486.550017574256
53486.550017574256
53486.550017574256
53486.550017574256
53486.550017574256
53486.550017574256
53486.550017574256
53486.550017574256
53486.550017574256
53486.550017574256
53486.550017574256
53486.550017574256
53486.550017574256
53486.550017574256
53486.550017574256
53486.550017574256
53486.550017574256
53284.47949371567
53284.47949371567
53284.47949371567
53284.47949371567
52632.27572895927
52632.27572895927
52632.27572895927
52240.99959641512
52240.99959641512
52240.99959641512
52240.99959641512
52240.99959641512
52240.99959641512
52240.99959641512
52240.99959641512
52240.99959641512
52240.99959641512
52240.99959641512
52240.99959641512
52240.99959641512
52240.99959641512
52240.99959641512
52240.99959641512
52240.99959641512
52240.99959641512
52240.99959641512
52240.99959641512
52240.99959641512
52240.99959641512
52240.99959641512
52240.99959641512
52240.99959641512
52240.99959641512
52240.99959641512
52240.99959641512
52240.99959641512
52240.99959641512
52048.53431497935
52048.53431497935
51929.29828345662
51929.29828345662
51929.29828345662
51929.29828345662
51929.29828345662
51929.29828345662
51929.29828345662
51929.29828345662
51929.29828345662
51929.29828345662
51929.29828345662
51929.29828345662
51929.29828345662
51929.29828345662
51929.29828345662
51929.29828345662
51929.29828345662
51929.29828345662
51929.29828345662
51929.29828345662
51929.29828345662
51929.29828345662
51929.29828345662
51929.29828345662
51929.29828345662
51929.29828345662
51929.29828345662
51929.29828345662
51929.29828345662
51929.29828345662
51929.29828345662
51929.29828345662
51929.29828345662
51929.29828345662
51929.29828345662
51929.29828345662
51929.29828345662
51929.29828345662
51929.29828345662
51929.29828345662
51929.29828345662
51929.29828345662
51929.29828345662
51929.29828345662
51929.29828345662
51929.29828345662
51929.29828345662
50791.64659148699
50791.64659148699
50791.64659148699
50791.64659148699
50791.64659148699
50791.64659148699
50791.64659148699
50791.64659148699
50791.64659148699
50791.64659148699
50791.64659148699
50791.64659148699
50791.64659148699
50791.64659148699
50791.64659148699
50791.64659148699
50791.64659148699
50791.64659148699
50791.64659148699
49093.10231022061
49093.10231022061
49093.10231022061
49093.10231022061
49093.10231022061
49093.10231022061
49093.10231022061
49093.10231022061
49093.10231022061
49093.10231022061
49093.10231022061
49093.10231022061
49093.10231022061
49093.10231022061
49093.10231022061
49093.10231022061
49093.10231022061
49093.10231022061
49093.10231022061
49093.10231022061
49093.10231022061
49093.10231022061
49093.10231022061
49093.10231022061
49093.10231022061
49093.10231022061
49093.10231022061
49093.10231022061
49093.10231022061
49093.10231022061
49093.10231022061
49093.10231022061
49093.10231022061
49093.10231022061
49093.10231022061
49093.10231022061
49093.10231022061
49093.10231022061
49093.10231022061
49093.10231022061
49093.10231022061
49093.10231022061
49093.10231022061
49093.10231022061
49093.10231022061
49093.10231022061
49093.10231022061
49093.10231022061
49093.10231022061
49093.10231022061
49093.10231022061
49093.10231022061
49093.10231022061
49093.10231022061
49093.10231022061
49093.10231022061
49093.10231022061
49093.10231022061
49093.10231022061
49093.10231022061
49093.10231022061
49093.10231022061
49093.10231022061
49093.10231022061
49093.10231022061
49093.10231022061
49093.10231022061
49093.10231022061
48401.10777317708
48401.10777317708
48401.10777317708
48401.10777317708
48401.10777317708
48401.10777317708
48401.10777317708
48401.10777317708
48401.10777317708
48401.10777317708
48401.10777317708
48401.10777317708
48401.10777317708
48401.10777317708
48401.10777317708
48401.10777317708
48401.10777317708
48401.10777317708
48401.10777317708
48401.10777317708
48401.10777317708
48401.10777317708
48401.10777317708
48401.10777317708
48401.10777317708
48401.10777317708
48401.10777317708
48401.10777317708
48401.10777317708
48401.10777317708
48401.10777317708
48401.10777317708
48401.10777317708
48401.10777317708
48401.10777317708
48401.10777317708
48401.10777317708
48401.10777317708
48401.10777317708
48401.10777317708
48401.10777317708
48401.10777317708
48401.10777317708
48401.10777317708
48401.10777317708
48401.10777317708
48401.10777317708
48401.10777317708
48401.10777317708
48401.10777317708
48401.10777317708
48298.63497494332
48298.63497494332
48298.63497494332
48298.63497494332
48298.63497494332
48298.63497494332
48298.63497494332
48298.63497494332
48298.63497494332
48298.63497494332
48298.63497494332
48298.63497494332
48298.63497494332
48298.63497494332
48010.3150198497
48010.3150198497
48010.3150198497
48010.3150198497
48010.3150198497
48010.3150198497
48010.3150198497
48010.3150198497
48010.3150198497
48010.3150198497
48010.3150198497
48010.3150198497
48010.3150198497
48010.3150198497
48010.3150198497
48010.3150198497
48010.3150198497
48010.3150198497
48010.3150198497
48010.3150198497
48010.3150198497
48010.3150198497
48010.3150198497
48010.3150198497
48010.3150198497
48010.3150198497
48010.3150198497
48010.3150198497
48010.3150198497
48010.3150198497
48010.3150198497
47718.4926234992
47718.4926234992
47718.4926234992
47718.4926234992
47614.0585890163
47441.351909609584
47441.351909609584
47441.351909609584
47441.351909609584
47441.351909609584
47441.351909609584
47441.351909609584
47441.351909609584
47441.351909609584
47441.351909609584
47441.351909609584
47441.351909609584
47441.351909609584
47441.351909609584
47441.351909609584
47441.351909609584
47441.351909609584
47441.351909609584
47441.351909609584
47441.351909609584
47441.351909609584
47441.351909609584
47441.351909609584
47441.351909609584
47441.351909609584
47441.351909609584
47441.351909609584
47441.351909609584
47441.351909609584
47441.351909609584
47441.351909609584
47441.351909609584
47441.351909609584
47441.351909609584
47441.351909609584
47441.351909609584
47441.351909609584
47441.351909609584
47120.295444396615
47120.295444396615
47120.295444396615
47120.295444396615
47120.295444396615
47120.295444396615
47120.295444396615
47120.295444396615
47120.295444396615
47120.295444396615
47120.295444396615
47120.295444396615
47120.295444396615
47120.295444396615
46874.63567537078
46874.63567537078
46874.63567537078
46874.63567537078
46874.63567537078
46874.63567537078
46874.63567537078
46874.63567537078
46874.63567537078
46874.63567537078
46874.63567537078
46874.63567537078
46874.63567537078
46874.63567537078
46874.63567537078
46874.63567537078
46874.63567537078
46874.63567537078
46874.63567537078
46874.63567537078
46874.63567537078
46874.63567537078
46874.63567537078
46874.63567537078
46874.63567537078
46874.63567537078
46874.63567537078
46874.63567537078
46874.63567537078
46874.63567537078
46160.539580829114
46160.539580829114
46160.539580829114
46160.539580829114
46160.539580829114
46160.539580829114
46160.539580829114
46160.539580829114
46160.539580829114
46160.539580829114
46160.539580829114
46160.539580829114
46160.539580829114
46160.539580829114
46160.539580829114
46160.539580829114
46160.539580829114
46160.539580829114
46160.539580829114
46160.539580829114
46160.539580829114
46160.539580829114
46160.539580829114
46160.539580829114
46160.539580829114
46160.539580829114
46160.539580829114
46160.539580829114
46160.539580829114
46160.539580829114
46160.539580829114
46160.539580829114
46160.539580829114
46160.539580829114
46160.539580829114
46160.539580829114
46160.539580829114
46160.539580829114
46160.539580829114
46160.539580829114
46160.539580829114
46160.539580829114
46160.539580829114
46160.539580829114
46160.539580829114
46160.539580829114
46160.539580829114
46160.539580829114
46160.539580829114
46160.539580829114
46160.539580829114
46160.539580829114
46160.539580829114
46160.539580829114
46160.539580829114
46160.539580829114
46160.539580829114
46160.539580829114
46160.539580829114
46160.539580829114
46160.539580829114
46160.539580829114
46160.539580829114
46160.539580829114
46160.539580829114
45837.900924382484
45717.65452448116
45717.65452448116
45717.65452448116
45717.65452448116
45717.65452448116
45717.65452448116
45717.65452448116
45717.65452448116
45717.65452448116
45717.65452448116
45174.15958866267
45174.15958866267
45174.15958866267
45174.15958866267
44783.96126165456
44783.96126165456
44783.96126165456
44783.96126165456
44783.96126165456
44783.96126165456
44783.96126165456
44783.96126165456
44783.96126165456
44783.96126165456
44783.96126165456
44783.96126165456
44783.96126165456
44783.96126165456
44783.96126165456
44783.96126165456
44783.96126165456
44783.96126165456
44783.96126165456
44783.96126165456
44783.96126165456
44783.96126165456
44783.96126165456
44783.96126165456
44783.96126165456
44783.96126165456
44783.96126165456
44783.96126165456
44783.96126165456
44783.96126165456
44783.96126165456
44783.96126165456
44783.96126165456
44783.96126165456
44783.96126165456
44783.96126165456
44783.96126165456
44783.96126165456
44783.96126165456
44783.96126165456
44783.96126165456
44783.96126165456
44783.96126165456
44783.96126165456
44783.96126165456
44783.96126165456
44783.96126165456
44783.96126165456
44783.96126165456
44783.96126165456
44783.96126165456
44783.96126165456
44783.96126165456
44783.96126165456
44783.96126165456
44783.96126165456
44783.96126165456
44783.96126165456
44722.91090751965
44687.340329676335
44687.340329676335
44687.340329676335
44336.095637604936
44336.095637604936
44336.095637604936
44336.095637604936
44336.095637604936
44336.095637604936
44336.095637604936
44336.095637604936
44336.095637604936
44336.095637604936
44336.095637604936
44336.095637604936
44336.095637604936
44336.095637604936
44336.095637604936
44336.095637604936
44336.095637604936
44336.095637604936
44336.095637604936
44336.095637604936
44336.095637604936
44336.095637604936
44336.095637604936
44336.095637604936
44336.095637604936
44336.095637604936
44336.095637604936
44336.095637604936
44336.095637604936
44336.095637604936
44336.095637604936
44336.095637604936
44336.095637604936
43826.941161160845
43826.941161160845
43826.941161160845
43826.941161160845
43826.941161160845
43826.941161160845
43826.941161160845
43826.941161160845
43826.941161160845
43826.941161160845
43826.941161160845
43826.941161160845
43826.941161160845
43826.941161160845
43826.941161160845
43826.941161160845
43826.941161160845
43826.941161160845
43826.941161160845
43826.941161160845
43826.941161160845
43826.941161160845
43826.941161160845
43826.941161160845
43826.941161160845
43826.941161160845
43826.941161160845
43826.941161160845
43826.941161160845
43826.941161160845
43826.941161160845
43826.941161160845
43826.941161160845
43826.941161160845
43826.941161160845
43826.941161160845
43826.941161160845
43826.941161160845
43826.941161160845
43826.941161160845
43826.941161160845
43826.941161160845
43826.941161160845
43826.941161160845
43826.941161160845
43826.941161160845
43826.941161160845
43826.941161160845
43826.941161160845
43826.941161160845
43826.941161160845
43826.941161160845
43613.61568436028
43613.61568436028
43613.61568436028
43613.61568436028
43613.61568436028
43613.61568436028
43613.61568436028
43613.61568436028
43613.61568436028
43613.61568436028
43613.61568436028
43613.61568436028
43613.61568436028
43613.61568436028
43613.61568436028
43613.61568436028
43613.61568436028
43613.61568436028
43613.61568436028
43613.61568436028
43613.61568436028
43613.61568436028
43613.61568436028
43613.61568436028
43613.61568436028
43613.61568436028
43613.61568436028
43613.61568436028
43613.61568436028
43613.61568436028
43613.61568436028
43613.61568436028
43613.61568436028
43613.61568436028
43613.61568436028
43613.61568436028
43613.61568436028
43613.61568436028
43613.61568436028
43613.61568436028
43613.61568436028
43613.61568436028
43613.61568436028
43613.61568436028
43613.61568436028
43613.61568436028
43488.623575799895
43488.623575799895
43488.623575799895
43488.623575799895
43488.623575799895
43488.623575799895
43448.392178229355
43448.392178229355
43448.392178229355
43448.392178229355
43448.392178229355
43448.392178229355
43448.392178229355
43448.392178229355
43448.392178229355
43448.392178229355
43448.392178229355
43448.392178229355
43448.392178229355
43448.392178229355
43448.392178229355
43448.392178229355
43448.392178229355
43448.392178229355
43448.392178229355
43448.392178229355
43448.392178229355
43448.392178229355
43448.392178229355
43448.392178229355
43448.392178229355
43448.392178229355
43448.392178229355
43448.392178229355
43448.392178229355
43448.392178229355
43448.392178229355
43448.392178229355
43448.392178229355
43448.392178229355
43448.392178229355
43448.392178229355
43448.392178229355
43448.392178229355
43448.392178229355
43448.392178229355
43448.392178229355
43448.392178229355
43448.392178229355
43448.392178229355
43448.392178229355
43448.392178229355
43448.392178229355
43448.392178229355
43448.392178229355
43448.392178229355
43448.392178229355
43448.392178229355
43448.392178229355
43448.392178229355
43448.392178229355
43448.392178229355
42978.343197060945
42978.343197060945
42978.343197060945
42978.343197060945
42978.343197060945
42978.343197060945
42978.343197060945
42978.343197060945
42978.343197060945
42978.343197060945
42978.343197060945
42532.3908398444
42532.3908398444
42532.3908398444
42532.3908398444
42532.3908398444
42532.3908398444
42532.3908398444
42532.3908398444
42532.3908398444
42532.3908398444
42532.3908398444
42532.3908398444
42532.3908398444
42532.3908398444
42532.3908398444
42532.3908398444
42532.3908398444
42532.3908398444
42532.3908398444
42532.3908398444
42532.3908398444
42532.3908398444
42532.3908398444
42532.3908398444
42532.3908398444
42532.3908398444
42532.3908398444
42532.3908398444
42532.3908398444
42532.3908398444
42532.3908398444
42532.3908398444
42532.3908398444
42532.3908398444
42532.3908398444
42532.3908398444
42532.3908398444
42532.3908398444
42532.3908398444
42532.3908398444
42532.3908398444
42532.3908398444
42532.3908398444
42532.3908398444
42532.3908398444
42532.3908398444
42532.3908398444
42532.3908398444
42294.15647866336
42294.15647866336
42294.15647866336
42294.15647866336
42294.15647866336
42294.15647866336
42294.15647866336
42294.15647866336
42294.15647866336
42294.15647866336
42294.15647866336
42294.15647866336
42294.15647866336
42294.15647866336
42294.15647866336
42294.15647866336
42294.15647866336
42294.15647866336
42294.15647866336
42294.15647866336
42294.15647866336
42294.15647866336
42294.15647866336
42294.15647866336
42294.15647866336
42294.15647866336
42294.15647866336
42294.15647866336
42294.15647866336
42294.15647866336
42294.15647866336
42294.15647866336
42294.15647866336
42294.15647866336
42294.15647866336
42294.15647866336
42294.15647866336
42294.15647866336
42294.15647866336
42294.15647866336
42294.15647866336
42294.15647866336
42294.15647866336
42294.15647866336
42294.15647866336
42294.15647866336
42294.15647866336
42294.15647866336
42294.15647866336
42294.15647866336
42294.15647866336
42294.15647866336
42294.15647866336
42294.15647866336
42294.15647866336
42294.15647866336
42294.15647866336
42294.15647866336
42294.15647866336
42294.15647866336
42294.15647866336
42294.15647866336
42294.15647866336
42294.15647866336
42294.15647866336
42294.15647866336
42294.15647866336
42294.15647866336
42294.15647866336
42294.15647866336
42294.15647866336
42294.15647866336
42294.15647866336
42294.15647866336
42294.15647866336
42294.15647866336
42294.15647866336
42294.15647866336
42294.15647866336
42294.15647866336
42294.15647866336
42294.15647866336
42294.15647866336
42294.15647866336
42294.15647866336
42294.15647866336
42294.15647866336
42294.15647866336
42285.59320718536
42285.59320718536
42285.59320718536
42285.59320718536
42285.59320718536
42285.59320718536
42285.59320718536
42285.59320718536
42285.59320718536
41696.08606936004
41696.08606936004
41696.08606936004
41696.08606936004
41696.08606936004
41696.08606936004
41696.08606936004
41696.08606936004
41696.08606936004
41696.08606936004
41696.08606936004
41696.08606936004
41696.08606936004
41696.08606936004
41696.08606936004
41696.08606936004
41696.08606936004
41696.08606936004
41696.08606936004
41696.08606936004
41696.08606936004
41696.08606936004
41696.08606936004
41696.08606936004
41696.08606936004
41696.08606936004
41696.08606936004
41696.08606936004
41696.08606936004
41696.08606936004
41696.08606936004
41696.08606936004
41696.08606936004
41696.08606936004
41696.08606936004
41696.08606936004
41696.08606936004
41696.08606936004
41696.08606936004
41696.08606936004
41696.08606936004
41696.08606936004
41696.08606936004
41696.08606936004
41696.08606936004
41696.08606936004
41696.08606936004
41696.08606936004
41696.08606936004
41696.08606936004
41696.08606936004
41696.08606936004
41696.08606936004
41696.08606936004
41696.08606936004
41696.08606936004
41696.08606936004
41696.08606936004
41696.08606936004
41696.08606936004
41696.08606936004
41696.08606936004
41696.08606936004
41696.08606936004
41696.08606936004
41696.08606936004
41696.08606936004
41696.08606936004
41696.08606936004
41696.08606936004
41696.08606936004
41696.08606936004
41696.08606936004
41696.08606936004
41696.08606936004
41045.01203682821
41045.01203682821
41045.01203682821
41045.01203682821
41045.01203682821
41045.01203682821
41045.01203682821
41045.01203682821
41045.01203682821
41045.01203682821
41045.01203682821
41045.01203682821
41045.01203682821
41045.01203682821
41045.01203682821
41045.01203682821
41045.01203682821
41045.01203682821
41045.01203682821
41045.01203682821
41045.01203682821
41045.01203682821
41045.01203682821
41045.01203682821
41045.01203682821
41045.01203682821
41045.01203682821
41045.01203682821
41045.01203682821
41045.01203682821
41045.01203682821
41045.01203682821
41045.01203682821
41045.01203682821
41045.01203682821
41045.01203682821
41045.01203682821
41045.01203682821
41045.01203682821
41045.01203682821
41045.01203682821
41045.01203682821
41045.01203682821
41045.01203682821
41045.01203682821
41045.01203682821
41045.01203682821
41045.01203682821
41045.01203682821
41045.01203682821
41045.01203682821
41045.01203682821
41045.01203682821
41045.01203682821
41045.01203682821
41045.01203682821
41045.01203682821
41045.01203682821
41045.01203682821
41045.01203682821
41045.01203682821
41045.01203682821
41045.01203682821
41045.01203682821
41045.01203682821
41045.01203682821
41045.01203682821
41045.01203682821
41045.01203682821
41045.01203682821
41045.01203682821
41045.01203682821
41045.01203682821
41045.01203682821
41045.01203682821
41045.01203682821
41045.01203682821
41045.01203682821
41045.01203682821
41045.01203682821
41045.01203682821
41045.01203682821
41045.01203682821
41045.01203682821
41045.01203682821
41045.01203682821
41045.01203682821
41045.01203682821
41045.01203682821
41045.01203682821
41045.01203682821
41045.01203682821
41045.01203682821
41045.01203682821
41045.01203682821
41045.01203682821
41045.01203682821
41045.01203682821
41045.01203682821
41045.01203682821
41045.01203682821
41045.01203682821
41045.01203682821
41045.01203682821
41045.01203682821
41045.01203682821
41045.01203682821
41045.01203682821
41045.01203682821
41045.01203682821
41045.01203682821
41045.01203682821
41045.01203682821
41045.01203682821
41045.01203682821
41045.01203682821
41045.01203682821
41045.01203682821
41045.01203682821
41045.01203682821
41045.01203682821
41045.01203682821
41045.01203682821
41045.01203682821
41045.01203682821
41045.01203682821
41045.01203682821
41045.01203682821
41045.01203682821
41045.01203682821
41045.01203682821
41045.01203682821
41045.01203682821
41045.01203682821
41045.01203682821
41045.01203682821
41045.01203682821
41045.01203682821
41045.01203682821
41045.01203682821
41045.01203682821
41045.01203682821
41045.01203682821
41045.01203682821
41045.01203682821
41045.01203682821
41045.01203682821
41045.01203682821
41045.01203682821
41045.01203682821
41045.01203682821
41045.01203682821
41045.01203682821
41045.01203682821
41045.01203682821
41045.01203682821
41045.01203682821
41045.01203682821
41045.01203682821
41045.01203682821
41045.01203682821
41045.01203682821
41045.01203682821
41045.01203682821
41045.01203682821
41045.01203682821
41045.01203682821
41045.01203682821
41045.01203682821
41045.01203682821
41045.01203682821
41045.01203682821
41045.01203682821
41045.01203682821
41045.01203682821
41045.01203682821
41045.01203682821
41045.01203682821
41045.01203682821
41045.01203682821
41045.01203682821
41045.01203682821
41045.01203682821
41045.01203682821
41045.01203682821
41045.01203682821
41045.01203682821
41045.01203682821
41045.01203682821
41045.01203682821
41045.01203682821
41045.01203682821
41045.01203682821
41045.01203682821
41045.01203682821
41045.01203682821
41045.01203682821
41045.01203682821
41045.01203682821
41045.01203682821
41045.01203682821
41045.01203682821
41045.01203682821
41045.01203682821
41045.01203682821
41045.01203682821
41045.01203682821
41045.01203682821
41045.01203682821
41045.01203682821
41045.01203682821
41045.01203682821
41045.01203682821
41045.01203682821
41045.01203682821
41045.01203682821
41045.01203682821
41045.01203682821
41045.01203682821
41045.01203682821
41045.01203682821
41045.01203682821
41045.01203682821
41045.01203682821
41045.01203682821
41045.01203682821
41045.01203682821
41045.01203682821
41045.01203682821
41045.01203682821
41045.01203682821
41045.01203682821
41045.01203682821
41045.01203682821
41045.01203682821
41045.01203682821
41045.01203682821
41045.01203682821
41045.01203682821
41045.01203682821
41045.01203682821
41045.01203682821
41045.01203682821
41045.01203682821
41045.01203682821
41045.01203682821
41045.01203682821
41045.01203682821
41045.01203682821
41045.01203682821
41045.01203682821
41045.01203682821
41045.01203682821
41045.01203682821
41045.01203682821
41045.01203682821
41045.01203682821
41045.01203682821
41045.01203682821
41045.01203682821
41045.01203682821
41045.01203682821
41045.01203682821
41045.01203682821
41045.01203682821
41045.01203682821
41045.01203682821
41045.01203682821
41045.01203682821
41045.01203682821
41045.01203682821
41045.01203682821
41045.01203682821
41045.01203682821
41045.01203682821
41045.01203682821
41045.01203682821
41045.01203682821
41045.01203682821
41045.01203682821
41045.01203682821
41045.01203682821
41045.01203682821
41045.01203682821
41045.01203682821
41045.01203682821
41045.01203682821
41045.01203682821
41045.01203682821
41045.01203682821
41045.01203682821
41045.01203682821
41045.01203682821
41045.01203682821
41045.01203682821
41045.01203682821
41045.01203682821
41045.01203682821
41045.01203682821
41045.01203682821
41045.01203682821
41045.01203682821
41045.01203682821
41045.01203682821
40836.94519486853
40836.94519486853
40836.94519486853
40836.94519486853
40836.94519486853
40836.94519486853
40836.94519486853
40836.94519486853
40836.94519486853
40836.94519486853
40836.94519486853
40836.94519486853
40836.94519486853
40836.94519486853
40836.94519486853
40836.94519486853
40836.94519486853
40836.94519486853
40836.94519486853
40836.94519486853
40836.94519486853
40836.94519486853
40836.94519486853
40836.94519486853
40836.94519486853
40836.94519486853
40836.94519486853
40836.94519486853
40836.94519486853
40836.94519486853
40836.94519486853
40836.94519486853
40836.94519486853
40836.94519486853
40836.94519486853
40836.94519486853
40836.94519486853
40836.94519486853
40836.94519486853
40836.94519486853
40836.94519486853
40836.94519486853
40836.94519486853
40836.94519486853
40836.94519486853
40836.94519486853
40836.94519486853
40836.94519486853
40836.94519486853
40836.94519486853
40836.94519486853
40836.94519486853
40836.94519486853
40836.94519486853
40836.94519486853
40836.94519486853
40836.94519486853
40836.94519486853
40836.94519486853
40836.94519486853
40836.94519486853
40836.94519486853
40836.94519486853
40836.94519486853
40836.94519486853
40836.94519486853
40836.94519486853
40836.94519486853
40836.94519486853
40836.94519486853
40836.94519486853
40836.94519486853
40836.94519486853
40836.94519486853
40836.94519486853
40836.94519486853
40836.94519486853
40836.94519486853
40836.94519486853
40836.94519486853
40836.94519486853
40836.94519486853
40836.94519486853
40836.94519486853
40836.94519486853
40836.94519486853
40836.94519486853
40836.94519486853
40836.94519486853
40836.94519486853
40836.94519486853
40836.94519486853
40836.94519486853
40836.94519486853
40836.94519486853
40836.94519486853
40836.94519486853
40836.94519486853
40836.94519486853
40836.94519486853
40836.94519486853
40836.94519486853
40824.7623043066
40824.7623043066
40824.7623043066
40824.7623043066
40824.7623043066
40824.7623043066
40824.7623043066
40824.7623043066
40824.7623043066
40824.7623043066
40824.7623043066
40824.7623043066
40824.7623043066
40824.7623043066
40824.7623043066
40824.7623043066
40824.7623043066
40824.7623043066
40824.7623043066
40824.7623043066
40824.7623043066
40824.7623043066
40824.7623043066
40824.7623043066
40824.7623043066
40748.92626134007
40748.92626134007
40748.92626134007
40748.92626134007
40748.92626134007
40748.92626134007
40748.92626134007
40748.92626134007
40748.92626134007
40748.92626134007
40748.92626134007
40748.92626134007
40748.92626134007
40748.92626134007
40748.92626134007
40748.92626134007
40748.92626134007
40748.92626134007
40748.92626134007
40748.92626134007
40748.92626134007
40748.92626134007
40748.92626134007
40748.92626134007
40748.92626134007
40717.73462683412
40717.73462683412
40717.73462683412
40717.73462683412
40717.73462683412
40717.73462683412
40717.73462683412
40717.73462683412
40717.73462683412
40717.73462683412
40717.73462683412
40717.73462683412
40717.73462683412
40717.73462683412
40717.73462683412
40717.73462683412
40717.73462683412
40717.73462683412
40717.73462683412
40717.73462683412
40717.73462683412
40717.73462683412
40338.231812891005
40338.231812891005
40338.231812891005
40338.231812891005
40338.231812891005
40338.231812891005
40338.231812891005
40338.231812891005
40338.231812891005
40338.231812891005
40338.231812891005
40338.231812891005
40338.231812891005
40338.231812891005
40338.231812891005
40338.231812891005
40338.231812891005
40338.231812891005
40338.231812891005
40338.231812891005
40338.231812891005
40338.231812891005
40338.231812891005
40338.231812891005
40338.231812891005
40338.231812891005
40338.231812891005
40338.231812891005
40338.231812891005
40338.231812891005
40338.231812891005
40338.231812891005
40338.231812891005
40338.231812891005
40338.231812891005
40338.231812891005
40338.231812891005
40338.231812891005
40338.231812891005
40338.231812891005
40338.231812891005
40338.231812891005
40338.231812891005
40338.231812891005
40338.231812891005
40338.231812891005
40338.231812891005
40338.231812891005
40338.231812891005
40338.231812891005
40338.231812891005
40338.231812891005
40338.231812891005
40338.231812891005
40338.231812891005
40338.231812891005
40338.231812891005
40338.231812891005
40338.231812891005
40338.231812891005
40338.231812891005
40338.231812891005
40338.231812891005
40338.231812891005
40338.231812891005
40338.231812891005
40338.231812891005
40338.231812891005
40338.231812891005
40338.231812891005
40338.231812891005
40338.231812891005
40338.231812891005
40338.231812891005
40338.231812891005
40338.231812891005
40338.231812891005
40338.231812891005
40338.231812891005
40338.231812891005
40338.231812891005
40338.231812891005
40338.231812891005
40338.231812891005
40338.231812891005
40338.231812891005
40338.231812891005
40338.231812891005
40338.231812891005
40338.231812891005
40338.231812891005
40338.231812891005
40338.231812891005
40338.231812891005
40338.231812891005
40338.231812891005
40338.231812891005
40338.231812891005
40338.231812891005
40338.231812891005
40338.231812891005
40338.231812891005
40338.231812891005
40338.231812891005
40338.231812891005
40338.231812891005
40338.231812891005
40338.231812891005
40338.231812891005
40338.231812891005
40338.231812891005
40338.231812891005
40338.231812891005
40338.231812891005
40338.231812891005
40338.231812891005
40338.231812891005
40338.231812891005
40338.231812891005
40338.231812891005
40338.231812891005
40338.231812891005
40338.231812891005
40338.231812891005
40338.231812891005
40338.231812891005
40338.231812891005
40338.231812891005
40338.231812891005
40338.231812891005
40338.231812891005
40338.231812891005
40338.231812891005
40338.231812891005
40338.231812891005
40338.231812891005
40338.231812891005
40338.231812891005
40338.231812891005
40338.231812891005
40338.231812891005
40338.231812891005
40338.231812891005
40338.231812891005
40338.231812891005
40338.231812891005
40338.231812891005
40338.231812891005
40338.231812891005
40338.231812891005
40338.231812891005
40338.231812891005
40338.231812891005
40338.231812891005
40338.231812891005
40338.231812891005
40338.231812891005
40338.231812891005
40338.231812891005
40338.231812891005
40338.231812891005
40338.231812891005
40338.231812891005
40338.231812891005
40338.231812891005
40338.231812891005
40338.231812891005
40338.231812891005
40338.231812891005
40338.231812891005
40338.231812891005
40338.231812891005
40338.231812891005
40236.66125369712
40236.66125369712
40236.66125369712
40236.66125369712
40236.66125369712
40236.66125369712
40236.66125369712
40236.66125369712
40236.66125369712
40236.66125369712
40236.66125369712
40236.66125369712
40236.66125369712
40236.66125369712
40101.25379600717
40101.25379600717
40101.25379600717
40101.25379600717
40101.25379600717
40101.25379600717
39967.44054423206
39967.44054423206
39967.44054423206
39967.44054423206
39967.44054423206
39967.44054423206
39967.44054423206
39967.44054423206
39967.44054423206
39967.44054423206
39967.44054423206
39967.44054423206
39967.44054423206
39967.44054423206
39967.44054423206
39967.44054423206
39967.44054423206
39751.220166933315
39751.220166933315
39751.220166933315
39751.220166933315
39751.220166933315
39751.220166933315
39751.220166933315
39751.220166933315
39751.220166933315
39751.220166933315
39751.220166933315
39751.220166933315
39751.220166933315
39751.220166933315
39751.220166933315
39751.220166933315
39751.220166933315
39449.12780292327
39449.12780292327
39449.12780292327
39449.12780292327
39449.12780292327
39449.12780292327
39449.12780292327
39449.12780292327
39449.12780292327
39429.98735551137
39429.98735551137
39429.98735551137
39429.98735551137
39429.98735551137
39429.98735551137
39429.98735551137
39429.98735551137
39429.98735551137
39429.98735551137
39429.98735551137
39429.98735551137
39429.98735551137
39429.98735551137
39429.98735551137
39429.98735551137
39429.98735551137
39429.98735551137
39429.98735551137
39429.98735551137
39429.98735551137
39429.98735551137
39429.98735551137
39429.98735551137
39429.98735551137
39429.98735551137
39429.98735551137
39429.98735551137
39429.98735551137
39429.98735551137
39429.98735551137
39429.98735551137
39429.98735551137
39429.98735551137
39429.98735551137
39429.98735551137
39429.98735551137
39429.98735551137
39429.98735551137
39429.98735551137
39429.98735551137
39429.98735551137
39429.98735551137
39429.98735551137
39429.98735551137
39429.98735551137
39429.98735551137
39429.98735551137
39429.98735551137
39429.98735551137
39429.98735551137
39429.98735551137
39429.98735551137
39429.98735551137
39429.98735551137
39429.98735551137
39429.98735551137
39429.98735551137
39429.98735551137
39429.98735551137
39429.98735551137
39429.98735551137
39429.98735551137
39429.98735551137
39429.98735551137
39429.98735551137
39429.98735551137
39429.98735551137
39429.98735551137
39429.98735551137
39429.98735551137
39429.98735551137
39429.98735551137
39429.98735551137
39429.98735551137
39429.98735551137
39429.98735551137
39429.98735551137
39429.98735551137
39429.98735551137
39429.98735551137
39429.98735551137
39429.98735551137
39429.98735551137
39429.98735551137
39429.98735551137
39429.98735551137
39429.98735551137
39429.98735551137
39429.98735551137
39429.98735551137
39429.98735551137
39429.98735551137
39429.98735551137
39429.98735551137
39429.98735551137
39429.98735551137
39429.98735551137
39429.98735551137
39429.98735551137
39429.98735551137
39429.98735551137
39429.98735551137
39429.98735551137
39429.98735551137
39429.98735551137
39334.264064769
39334.264064769
39334.264064769
39334.264064769
39334.264064769
39334.264064769
39334.264064769
39334.264064769
39334.264064769
39334.264064769
39334.264064769
39334.264064769
39334.264064769
39334.264064769
39334.264064769
39334.264064769
39334.264064769
39334.264064769
39334.264064769
39334.264064769
39334.264064769
39334.264064769
39334.264064769
39032.97881553345
39032.97881553345
39032.97881553345
39032.97881553345
39032.97881553345
39032.97881553345
39032.97881553345
39032.97881553345
39032.97881553345
39032.97881553345
39032.97881553345
39032.97881553345
39032.97881553345
39032.97881553345
39032.97881553345
39032.97881553345
39032.97881553345
39032.97881553345
39032.97881553345
39032.97881553345
39032.97881553345
39032.97881553345
39032.97881553345
39032.97881553345
39032.97881553345
39032.97881553345
39032.97881553345
39032.97881553345
39032.97881553345
39032.97881553345
39032.97881553345
39032.97881553345
39032.97881553345
39032.97881553345
39032.97881553345
39032.97881553345
39032.97881553345
39032.97881553345
39032.97881553345
39032.97881553345
39032.97881553345
39032.97881553345
39032.97881553345
39032.97881553345
39032.97881553345
39032.97881553345
39032.97881553345
39032.97881553345
39032.97881553345
39032.97881553345
39028.09847353666
39028.09847353666
39028.09847353666
39028.09847353666
39028.09847353666
39028.09847353666
39028.09847353666
39028.09847353666
39028.09847353666
39028.09847353666
39028.09847353666
39028.09847353666
39028.09847353666
39028.09847353666
39028.09847353666
39028.09847353666
39028.09847353666
39028.09847353666
39028.09847353666
39028.09847353666
39028.09847353666
39028.09847353666
39028.09847353666
39028.09847353666
39028.09847353666
39028.09847353666
39028.09847353666
39028.09847353666
39028.09847353666
39028.09847353666
39028.09847353666
39028.09847353666
39028.09847353666
39028.09847353666
39028.09847353666
39028.09847353666
39028.09847353666
39028.09847353666
39028.09847353666
39028.09847353666
39028.09847353666
39028.09847353666
39028.09847353666
39028.09847353666
38923.307405143685
38923.307405143685
38923.307405143685
38923.307405143685
38923.307405143685
38923.307405143685
38923.307405143685
38923.307405143685
38923.307405143685
38923.307405143685
38923.307405143685
38923.307405143685
38923.307405143685
38923.307405143685
38923.307405143685
38923.307405143685
38923.307405143685
38923.307405143685
38923.307405143685
38923.307405143685
38923.307405143685
38923.307405143685
38923.307405143685
38923.307405143685
38923.307405143685
38923.307405143685
38923.307405143685
38923.307405143685
38923.307405143685
38923.307405143685
38923.307405143685
38923.307405143685
38923.307405143685
38923.307405143685
38923.307405143685
38923.307405143685
38923.307405143685
38923.307405143685
38923.307405143685
38923.307405143685
38923.307405143685
38923.307405143685
38923.307405143685
38923.307405143685
38923.307405143685
38923.307405143685
38923.307405143685
38923.307405143685
38923.307405143685
38923.307405143685
38923.307405143685
38923.307405143685
38923.307405143685
38923.307405143685
38923.307405143685
38923.307405143685
38923.307405143685
38923.307405143685
38923.307405143685
38923.307405143685
38923.307405143685
38923.307405143685
38923.307405143685
38923.307405143685
38923.307405143685
38923.307405143685
38923.307405143685
38846.24337328689
38846.24337328689
38846.24337328689
38846.24337328689
38846.24337328689
38846.24337328689
38846.24337328689
38846.24337328689
38846.24337328689
38846.24337328689
38846.24337328689
38846.24337328689
38846.24337328689
38846.24337328689
38846.24337328689
38846.24337328689
38846.24337328689
38846.24337328689
38846.24337328689
38442.91402099904
38442.91402099904
38442.91402099904
38442.91402099904
38442.91402099904
38442.91402099904
38442.91402099904
38442.91402099904
38442.91402099904
38442.91402099904
38442.91402099904
38442.91402099904
38442.91402099904
38442.91402099904
38442.91402099904
38442.91402099904
38442.91402099904
38395.82487309483
38395.82487309483
38395.82487309483
38395.82487309483
38395.82487309483
38395.82487309483
38395.82487309483
38395.82487309483
38395.82487309483
38395.82487309483
38395.82487309483
38395.82487309483
38395.82487309483
38395.82487309483
38395.82487309483
38395.82487309483
38395.82487309483
38395.82487309483
38395.82487309483
38395.82487309483
38395.82487309483
38395.82487309483
38395.82487309483
38395.82487309483
38395.82487309483
38395.82487309483
38395.82487309483
38395.82487309483
38395.82487309483
38395.82487309483
38395.82487309483
38395.82487309483
38395.82487309483
38395.82487309483
38395.82487309483
38335.30634574216
38335.30634574216
38335.30634574216
38335.30634574216
38335.30634574216
38335.30634574216
38335.30634574216
38335.30634574216
38335.30634574216
38335.30634574216
38335.30634574216
38335.30634574216
38335.30634574216
38335.30634574216
38335.30634574216
38335.30634574216
38080.701725409526
38080.701725409526
38080.701725409526
38080.701725409526
38080.701725409526
38080.701725409526
38080.701725409526
38080.701725409526
38080.701725409526
38080.701725409526
38080.701725409526
38080.701725409526
38080.701725409526
38080.701725409526
38080.701725409526
38080.701725409526
38080.701725409526
38080.701725409526
37597.340608909595
37597.340608909595
37597.340608909595
37597.340608909595
37597.340608909595
37597.340608909595
37597.340608909595
37597.340608909595
37597.340608909595
37597.340608909595
37597.340608909595
37597.340608909595
37597.340608909595
37597.340608909595
37597.340608909595
37597.340608909595
37597.340608909595
37597.340608909595
37597.340608909595
37597.340608909595
37597.340608909595
37597.340608909595
37597.340608909595
37597.340608909595
37597.340608909595
37597.340608909595
37597.340608909595
37597.340608909595
37597.340608909595
37597.340608909595
37597.340608909595
37597.340608909595
37597.340608909595
37597.340608909595
37597.340608909595
37597.340608909595
37597.340608909595
37597.340608909595
37597.340608909595
37597.340608909595
37597.340608909595
37597.340608909595
37597.340608909595
37597.340608909595
37597.340608909595
37597.340608909595
37597.340608909595
37597.340608909595
37597.340608909595
37597.340608909595
37597.340608909595
37597.340608909595
37597.340608909595
37597.340608909595
37597.340608909595
37597.340608909595
37597.340608909595
37597.340608909595
37597.340608909595
37597.340608909595
37597.340608909595
37597.340608909595
37597.340608909595
37597.340608909595
37597.340608909595
37597.340608909595
37597.340608909595
37597.340608909595
37597.340608909595
37597.340608909595
37597.340608909595
37597.340608909595
37597.340608909595
37597.340608909595
37597.340608909595
37597.340608909595
37597.340608909595
37597.340608909595
37597.340608909595
37597.340608909595
37597.340608909595
37597.340608909595
37597.340608909595
37597.340608909595
37597.340608909595
37597.340608909595
37597.340608909595
37597.340608909595
37597.340608909595
37597.340608909595
37597.340608909595
37597.340608909595
37597.340608909595
37597.340608909595
37597.340608909595
37597.340608909595
37597.340608909595
37597.340608909595
37597.340608909595
37597.340608909595
37597.340608909595
37597.340608909595
37597.340608909595
37597.340608909595
37597.340608909595
37597.340608909595
37597.340608909595
37597.340608909595
37597.340608909595
37597.340608909595
37597.340608909595
37597.340608909595
37597.340608909595
37597.340608909595
37597.340608909595
37597.340608909595
37597.340608909595
37597.340608909595
37597.340608909595
37597.340608909595
37597.340608909595
37597.340608909595
37597.340608909595
37597.340608909595
37597.340608909595
37597.340608909595
37597.340608909595
37597.340608909595
37597.340608909595
37597.340608909595
37597.340608909595
37597.340608909595
37597.340608909595
37597.340608909595
37597.340608909595
37597.340608909595
37597.340608909595
37597.340608909595
37597.340608909595
37597.340608909595
37597.340608909595
37597.340608909595
37597.340608909595
37597.340608909595
37597.340608909595
37597.340608909595
37597.340608909595
37597.340608909595
37597.340608909595
37597.340608909595
37597.340608909595
37597.340608909595
37597.340608909595
37597.340608909595
37597.340608909595
37597.340608909595
37597.340608909595
37597.340608909595
37597.340608909595
37597.340608909595
37597.340608909595
37597.340608909595
37597.340608909595
37597.340608909595
37597.340608909595
37597.340608909595
37597.340608909595
37597.340608909595
37597.340608909595
37597.340608909595
37597.340608909595
37597.340608909595
37597.340608909595
37597.340608909595
37597.340608909595
37597.340608909595
37597.340608909595
37597.340608909595
37597.340608909595
37597.340608909595
37597.340608909595
37597.340608909595
37597.340608909595
37597.340608909595
37597.340608909595
37597.340608909595
37597.340608909595
37597.340608909595
37597.340608909595
37597.340608909595
37597.340608909595
37597.340608909595
37597.340608909595
37521.70134637082
37521.70134637082
37521.70134637082
37521.70134637082
37521.70134637082
37521.70134637082
37521.70134637082
37521.70134637082
37521.70134637082
37521.70134637082
37521.70134637082
37521.70134637082
37521.70134637082
37521.70134637082
37521.70134637082
37521.70134637082
37521.70134637082
37521.70134637082
37521.70134637082
37521.70134637082
37521.70134637082
37521.70134637082
37521.70134637082
37521.70134637082
37521.70134637082
37521.70134637082
37521.70134637082
37521.70134637082
37521.70134637082
37521.70134637082
37521.70134637082
37521.70134637082
37521.70134637082
37521.70134637082
37521.70134637082
37521.70134637082
37521.70134637082
37521.70134637082
37521.70134637082
37521.70134637082
37521.70134637082
37521.70134637082
37521.70134637082
37521.70134637082
37521.70134637082
37521.70134637082
37521.70134637082
37521.70134637082
37521.70134637082
37521.70134637082
37521.70134637082
37521.70134637082
37521.70134637082
37521.70134637082
37521.70134637082
37521.70134637082
37521.70134637082
37521.70134637082
37521.70134637082
37521.70134637082
37521.70134637082
37521.70134637082
37462.2446743127
37462.2446743127
37462.2446743127
37462.2446743127
37462.2446743127
37462.2446743127
37462.2446743127
37462.2446743127
37462.2446743127
37462.2446743127
37462.2446743127
37462.2446743127
37462.2446743127
37462.2446743127
37462.2446743127
37462.2446743127
37462.010313131665
37462.010313131665
37462.010313131665
37462.010313131665
37462.010313131665
37462.010313131665
37462.010313131665
37462.010313131665
37462.010313131665
37462.010313131665
37462.010313131665
37462.010313131665
37462.010313131665
37462.010313131665
37462.010313131665
37462.010313131665
37462.010313131665
37462.010313131665
37462.010313131665
37462.010313131665
37462.010313131665
37462.010313131665
37462.010313131665
37462.010313131665
37462.010313131665
37462.010313131665
37462.010313131665
37462.010313131665
37462.010313131665
37462.010313131665
37462.010313131665
37462.010313131665
37462.010313131665
37462.010313131665
37462.010313131665
37462.010313131665
37462.010313131665
37462.010313131665
37462.010313131665
37462.010313131665
37436.49751409602
37436.49751409602
37436.49751409602
37436.49751409602
37436.49751409602
37436.49751409602
37436.49751409602
37436.49751409602
37436.49751409602
37436.49751409602
37436.49751409602
37436.49751409602
37436.49751409602
37436.49751409602
37436.49751409602
37436.49751409602
37436.49751409602
37436.49751409602
37436.49751409602
37436.49751409602
37436.49751409602
37436.49751409602
37436.49751409602
37436.49751409602
37436.49751409602
37436.49751409602
37436.49751409602
37436.49751409602
37436.49751409602
37436.49751409602
37436.49751409602
37436.49751409602
37436.49751409602
37436.49751409602
37436.49751409602
37436.49751409602
37436.49751409602
37436.49751409602
37436.49751409602
37436.49751409602
37436.49751409602
37436.49751409602
37373.899605485574
37373.899605485574
37373.899605485574
37373.899605485574
37373.899605485574
37373.899605485574
37373.899605485574
37373.899605485574
37373.899605485574
37373.899605485574
37373.899605485574
37373.899605485574
37373.899605485574
37373.899605485574
37373.899605485574
37373.899605485574
37373.899605485574
37373.899605485574
37373.899605485574
37373.899605485574
37373.899605485574
37373.899605485574
37373.899605485574
37373.899605485574
37373.899605485574
37373.899605485574
37373.899605485574
37373.899605485574
37373.899605485574
37373.899605485574
37373.899605485574
37373.899605485574
37373.899605485574
37373.899605485574
37373.899605485574
37373.899605485574
37373.899605485574
37373.899605485574
37373.899605485574
37373.899605485574
37373.899605485574
37373.899605485574
37373.899605485574
37373.899605485574
37373.899605485574
37373.899605485574
37373.899605485574
37373.899605485574
37373.899605485574
37373.899605485574
37373.899605485574
37373.899605485574
37373.899605485574
37373.899605485574
37373.899605485574
37373.899605485574
37373.899605485574
37373.899605485574
37373.899605485574
37373.899605485574
37373.899605485574
37373.899605485574
37246.907756263514
37246.907756263514
37246.907756263514
37246.907756263514
37246.907756263514
37246.907756263514
37246.907756263514
37246.907756263514
37246.907756263514
37246.907756263514
37246.907756263514
37246.907756263514
37246.907756263514
37246.907756263514
37246.907756263514
37246.907756263514
37246.907756263514
37246.907756263514
37246.907756263514
37246.907756263514
37246.907756263514
37246.907756263514
37246.67339508248
37246.67339508248
37246.67339508248
37141.950340742624
37141.950340742624
37141.950340742624
37141.950340742624
37141.950340742624
37141.950340742624
37141.950340742624
37141.950340742624
37141.950340742624
37141.950340742624
37141.950340742624
37141.950340742624
37141.950340742624
37141.950340742624
37141.950340742624
37141.950340742624
37141.950340742624
37141.950340742624
37141.950340742624
37141.950340742624
37141.950340742624
37141.950340742624
37141.950340742624
37141.950340742624
37141.950340742624
37141.950340742624
37141.950340742624
37141.950340742624
37141.950340742624
37043.07733599624
37043.07733599624
37043.07733599624
37043.07733599624
36981.47505737966
36981.47505737966
36981.47505737966
36981.47505737966
36981.47505737966
36981.47505737966
36981.47505737966
36981.47505737966
36981.47505737966
36981.47505737966
36981.47505737966
36981.47505737966
36981.47505737966
36981.47505737966
36981.47505737966
36981.47505737966
36981.47505737966
36981.47505737966
36981.47505737966
36981.47505737966
36981.47505737966
36981.47505737966
36981.47505737966
36981.47505737966
36981.47505737966
36981.47505737966
36981.47505737966
36981.47505737966
36981.47505737966
36981.47505737966
36981.47505737966
36981.47505737966
36981.47505737966
36981.47505737966
36981.47505737966
36981.47505737966
36981.47505737966
36981.47505737966
36918.053590791955
36918.053590791955
36918.053590791955
36918.053590791955
36918.053590791955
36918.053590791955
36918.053590791955
36918.053590791955
36918.053590791955
36918.053590791955
36918.053590791955
36918.053590791955
36918.053590791955
36918.053590791955
36918.053590791955
36918.053590791955
36918.053590791955
36918.053590791955
36918.053590791955
36918.053590791955
36918.053590791955
36918.053590791955
36918.053590791955
36918.053590791955
36918.053590791955
36918.053590791955
36918.053590791955
36842.28906413789
36842.28906413789
36842.28906413789
36842.28906413789
36842.28906413789
36842.28906413789
36842.28906413789
36509.69629975122
36509.69629975122
36509.69629975122
36509.69629975122
36509.69629975122
36509.69629975122
36509.69629975122
36509.69629975122
36509.69629975122
36509.69629975122
36509.69629975122
36509.69629975122
36509.69629975122
36509.69629975122
36509.69629975122
36509.69629975122
36509.69629975122
36509.69629975122
36509.69629975122
36509.69629975122
36509.69629975122
36509.69629975122
36509.69629975122
36509.69629975122
36509.69629975122
36509.69629975122
36292.196735964164
36160.56990084373
36160.56990084373
36160.56990084373
36160.56990084373
36160.56990084373
36160.56990084373
36160.56990084373
36160.56990084373
36160.56990084373
36139.40264878548
36139.40264878548
36139.40264878548
36139.40264878548
36139.40264878548
36139.40264878548
36139.40264878548
36139.40264878548
36139.40264878548
36139.40264878548
36139.40264878548
35653.42495978732
35653.42495978732
35653.42495978732
35653.42495978732
35653.42495978732
35653.42495978732
35653.42495978732
35653.42495978732
35653.42495978732
35653.42495978732
35653.42495978732
35653.42495978732
35653.42495978732
35653.42495978732
35653.42495978732
35653.42495978732
35653.42495978732
35653.42495978732
35653.42495978732
35653.42495978732
35653.42495978732
35653.42495978732
35653.42495978732
35653.42495978732
35653.42495978732
35653.42495978732
35653.42495978732
35653.42495978732
35653.42495978732
35653.42495978732
35653.42495978732
35653.42495978732
35653.42495978732
35653.42495978732
35653.42495978732
35653.42495978732
35653.42495978732
35653.42495978732
35653.42495978732
35653.42495978732
35653.42495978732
35653.42495978732
35653.42495978732
35653.42495978732
35653.42495978732
35653.42495978732
35653.42495978732
35653.42495978732
35653.42495978732
35653.42495978732
35653.42495978732
35653.42495978732
35653.42495978732
35653.42495978732
35653.42495978732
35653.42495978732
35653.42495978732
35296.525011264064
35296.525011264064
35296.525011264064
35296.525011264064
35296.525011264064
35296.525011264064
35296.525011264064
35296.525011264064
35296.525011264064
35296.525011264064
35296.525011264064
35296.525011264064
35296.525011264064
35296.525011264064
35296.525011264064
35296.525011264064
35296.525011264064
35296.525011264064
35296.525011264064
35296.525011264064
35296.525011264064
35296.525011264064
35296.525011264064
35194.22659272129
35194.22659272129
35194.22659272129
35194.22659272129
35194.22659272129
35194.22659272129
35194.22659272129
35194.22659272129
35194.22659272129
35194.22659272129
35194.22659272129
35194.22659272129
35194.22659272129
35194.22659272129
35194.22659272129
35194.22659272129
35194.22659272129
35194.22659272129
35194.22659272129
35194.22659272129
35194.22659272129
35194.22659272129
35194.22659272129
35194.22659272129
35194.22659272129
35194.22659272129
35194.22659272129
35194.22659272129
35194.22659272129
35194.22659272129
35194.22659272129
35194.22659272129
35194.22659272129
35194.22659272129
35194.22659272129
35194.22659272129
35194.22659272129
35194.22659272129
35194.22659272129
35194.22659272129
35194.22659272129
35194.22659272129
35194.22659272129
35194.22659272129
35194.22659272129
35194.22659272129
35194.22659272129
35194.22659272129
35194.22659272129
35194.22659272129
35194.22659272129
35194.22659272129
35194.22659272129
35194.22659272129
35194.22659272129
35194.22659272129
35194.22659272129
35194.22659272129
35194.22659272129
35194.22659272129
35194.22659272129
35194.22659272129
35194.22659272129
35194.22659272129
35194.22659272129
35194.22659272129
35194.22659272129
35194.22659272129
35194.22659272129
35194.22659272129
35194.22659272129
35194.22659272129
35194.22659272129
35194.22659272129
35194.22659272129
35194.22659272129
35194.22659272129
35194.22659272129
35194.22659272129
35194.22659272129
35194.22659272129
35194.22659272129
35194.22659272129
35194.22659272129
35194.22659272129
35194.22659272129
35194.22659272129
35194.22659272129
35194.22659272129
35194.22659272129
35194.22659272129
35194.22659272129
35194.22659272129
35194.22659272129
35194.22659272129
35194.22659272129
35194.22659272129
35194.22659272129
35194.22659272129
35194.22659272129
35194.22659272129
35194.22659272129
35194.22659272129
35194.22659272129
35194.22659272129
35194.22659272129
35194.22659272129
35194.22659272129
35194.22659272129
35194.22659272129
35194.22659272129
35194.22659272129
35194.22659272129
35194.22659272129
35194.22659272129
35194.22659272129
35194.22659272129
35194.22659272129
35194.22659272129
35194.22659272129
35194.22659272129
35194.22659272129
35098.791461200475
35098.791461200475
35098.791461200475
35098.791461200475
35098.791461200475
35098.55710001944
35098.55710001944
35098.55710001944
35098.55710001944
35098.55710001944
35098.55710001944
35098.55710001944
35098.55710001944
35098.55710001944
35098.55710001944
35098.55710001944
35098.55710001944
35098.55710001944
35098.55710001944
35098.55710001944
35098.55710001944
35098.55710001944
35098.55710001944
35053.10116069661
35053.10116069661
35053.10116069661
35053.10116069661
35053.10116069661
35053.10116069661
35053.10116069661
35053.10116069661
35053.10116069661
35053.10116069661
35053.10116069661
35053.10116069661
35053.10116069661
35053.10116069661
35053.10116069661
35053.10116069661
35053.10116069661
35053.10116069661
35053.10116069661
35053.10116069661
35053.10116069661
35053.10116069661
35053.10116069661
35053.10116069661
35053.10116069661
35053.10116069661
35053.10116069661
35053.10116069661
35053.10116069661
35053.10116069661
35053.10116069661
35053.10116069661
35053.10116069661
35053.10116069661
35053.10116069661
35053.10116069661
35053.10116069661
35053.10116069661
35053.10116069661
35053.10116069661
35053.10116069661
35053.10116069661
35053.10116069661
35053.10116069661
35053.10116069661
35053.10116069661
35053.10116069661
35053.10116069661
35053.10116069661
35053.10116069661
35053.10116069661
35053.10116069661
35053.10116069661
35053.10116069661
35053.10116069661
35053.10116069661
35053.10116069661
35053.10116069661
35053.10116069661
35053.10116069661
35053.10116069661
35053.10116069661
35053.10116069661
35053.10116069661
35053.10116069661
35053.10116069661
34973.08000627089
34973.08000627089
34973.08000627089
34973.08000627089
34973.08000627089
34973.08000627089
34973.08000627089
34921.88929152067
34921.88929152067
34921.88929152067
34921.88929152067
34921.88929152067
34921.88929152067
34921.88929152067
34921.88929152067
34921.88929152067
34921.88929152067
34921.88929152067
34921.88929152067
34921.88929152067
34921.88929152067
34921.88929152067
34921.88929152067
34921.88929152067
34921.88929152067
34921.88929152067
34921.88929152067
34921.88929152067
34921.88929152067
34921.88929152067
34921.88929152067
34921.88929152067
34921.88929152067
34921.88929152067
34921.88929152067
34921.88929152067
34921.88929152067
34921.88929152067
34921.88929152067
34921.88929152067
34921.88929152067
34921.88929152067
34795.71252561607
34795.71252561607
34795.71252561607
34795.71252561607
34795.71252561607
34733.76124055195
34733.76124055195
34733.76124055195
34733.76124055195
34733.76124055195
34733.76124055195
34733.76124055195
34733.76124055195
34733.76124055195
34733.76124055195
34733.76124055195
34733.76124055195
34733.76124055195
34733.76124055195
34733.76124055195
34733.76124055195
34733.76124055195
34733.76124055195
34733.76124055195
34733.76124055195
34733.76124055195
34616.632860633676
34616.632860633676
34616.632860633676
34616.632860633676
34616.632860633676
34616.632860633676
34616.632860633676
34616.632860633676
34616.632860633676
34616.632860633676
34616.632860633676
34616.632860633676
34616.632860633676
34616.632860633676
34616.632860633676
34616.632860633676
34616.632860633676
34616.632860633676
34616.632860633676
34357.357067562625
34357.357067562625
34357.357067562625
34357.357067562625
34357.357067562625
34357.357067562625
34357.357067562625
34357.357067562625
34357.357067562625
34357.357067562625
34357.357067562625
34357.357067562625
34357.357067562625
34357.357067562625
34357.357067562625
34357.357067562625
34357.357067562625
34357.357067562625
34357.357067562625
34357.357067562625
34357.357067562625
34357.357067562625
34357.357067562625
34357.357067562625
34357.357067562625
34357.357067562625
34357.357067562625
34357.357067562625
34357.357067562625
34357.357067562625
34357.357067562625
34357.357067562625
34357.357067562625
34357.357067562625
34357.357067562625
34357.357067562625
34357.357067562625
34357.357067562625
34357.357067562625
34357.357067562625
34357.357067562625
34357.357067562625
34357.357067562625
34357.357067562625
34357.357067562625
34357.357067562625
34357.357067562625
34357.357067562625
34357.357067562625
34357.357067562625
34357.357067562625
34357.357067562625
34357.357067562625
34357.357067562625
34357.357067562625
34357.357067562625
34357.357067562625
34357.357067562625
34357.357067562625
34357.357067562625
34357.357067562625
34357.357067562625
34357.357067562625
34357.357067562625
34357.357067562625
34357.357067562625
34357.357067562625
34357.357067562625
34357.357067562625
34357.357067562625
34357.357067562625
34357.357067562625
34357.357067562625
34357.357067562625
34357.357067562625
34357.357067562625
34357.357067562625
34357.357067562625
34357.357067562625
34357.357067562625
34357.357067562625
34357.357067562625
34357.357067562625
34357.357067562625
34357.357067562625
34357.357067562625
34357.357067562625
34357.357067562625
34357.357067562625
34357.357067562625
34357.357067562625
34357.357067562625
34357.357067562625
34357.357067562625
34357.357067562625
34357.357067562625
34357.357067562625
34357.357067562625
34357.357067562625
34357.357067562625
34357.357067562625
34357.357067562625
34357.357067562625
34357.357067562625
34357.357067562625
34357.357067562625
34357.357067562625
34357.357067562625
34357.357067562625
34357.357067562625
34357.357067562625
34357.357067562625
34357.357067562625
34357.357067562625
34357.357067562625
34357.357067562625
34357.357067562625
34357.357067562625
34357.357067562625
34357.357067562625
34355.222566541815
34355.222566541815
34355.222566541815
34355.222566541815
34355.222566541815
34355.222566541815
34355.222566541815
34355.222566541815
34355.222566541815
34355.222566541815
34355.222566541815
34355.222566541815
34355.222566541815
34355.222566541815
34355.222566541815
34355.222566541815
34355.222566541815
34355.222566541815
34355.222566541815
34355.222566541815
34355.222566541815
34355.222566541815
34355.222566541815
34355.222566541815
34355.222566541815
34355.222566541815
34355.222566541815
34355.222566541815
34355.222566541815
34355.222566541815
34355.222566541815
34355.222566541815
34355.222566541815
34355.222566541815
34355.222566541815
34355.222566541815
34355.222566541815
34355.222566541815
34355.222566541815
34355.222566541815
34355.222566541815
34355.222566541815
34355.222566541815
34355.222566541815
34355.222566541815
34355.222566541815
34355.222566541815
34355.222566541815
34355.222566541815
34355.222566541815
34355.222566541815
34355.222566541815
34355.222566541815
34355.222566541815
34355.222566541815
34186.55020327781
34186.55020327781
34186.55020327781
34186.55020327781
34186.55020327781
34186.55020327781
34186.55020327781
34186.55020327781
34186.55020327781
34186.55020327781
34186.55020327781
34186.55020327781
34186.55020327781
34186.55020327781
34186.55020327781
34186.55020327781
34186.55020327781
34186.55020327781
34186.55020327781
34186.55020327781
34186.55020327781
34186.55020327781
34186.55020327781
34186.55020327781
34186.55020327781
34186.55020327781
34186.55020327781
34186.55020327781
34186.55020327781
34186.55020327781
34186.55020327781
34186.55020327781
34186.55020327781
34186.55020327781
34186.55020327781
34186.55020327781
34186.55020327781
34186.55020327781
34186.55020327781
34186.55020327781
34186.55020327781
34186.55020327781
34186.55020327781
34186.55020327781
34186.55020327781
34186.55020327781
34186.55020327781
34186.55020327781
34186.55020327781
34186.55020327781
34186.55020327781
34186.55020327781
34186.55020327781
34186.55020327781
34186.55020327781
34186.55020327781
34186.55020327781
34186.55020327781
34186.55020327781
34061.07310952925
34061.07310952925
34061.07310952925
34061.07310952925
34061.07310952925
34061.07310952925
34061.07310952925
34061.07310952925
34061.07310952925
34061.07310952925
34061.07310952925
34061.07310952925
34061.07310952925
34061.07310952925
34061.07310952925
34061.07310952925
34061.07310952925
34061.07310952925
34061.07310952925
34061.07310952925
34061.07310952925
33848.954618348835
33848.954618348835
33848.954618348835
33848.954618348835
33848.954618348835
33848.954618348835
33848.954618348835
33848.954618348835
33848.954618348835
33848.954618348835
33848.954618348835
33848.954618348835
33848.954618348835
33848.954618348835
33848.954618348835
33848.954618348835
33848.954618348835
33848.954618348835
33848.954618348835
33488.63833746213
33488.63833746213
33488.63833746213
33488.63833746213
33488.63833746213
33488.63833746213
33488.63833746213
33488.63833746213
33488.63833746213
33488.63833746213
33488.63833746213
33488.63833746213
33488.63833746213
33488.63833746213
33488.63833746213
33488.63833746213
33488.63833746213
33488.63833746213
33488.63833746213
33488.63833746213
33488.63833746213
33488.63833746213
33488.63833746213
33488.63833746213
33488.63833746213
33488.63833746213
33488.63833746213
33488.63833746213
33488.63833746213
33488.63833746213
33488.63833746213
33488.63833746213
33488.63833746213
33488.63833746213
33488.63833746213
33488.63833746213
33488.63833746213
33488.63833746213
33488.63833746213
33488.63833746213
33488.63833746213
33488.63833746213
33488.63833746213
33488.63833746213
33488.63833746213
33488.63833746213
33488.63833746213
33488.63833746213
33488.63833746213
33488.63833746213
33488.63833746213
33488.63833746213
33488.63833746213
33488.63833746213
33488.63833746213
33488.63833746213
33488.63833746213
33488.63833746213
33488.63833746213
33488.63833746213
33488.63833746213
33488.63833746213
33488.63833746213
33488.63833746213
33488.63833746213
33488.63833746213
33488.63833746213
33488.63833746213
33488.63833746213
33488.63833746213
33488.63833746213
33488.63833746213
33488.63833746213
33488.63833746213
33488.63833746213
33488.63833746213
33488.63833746213
33488.63833746213
33488.63833746213
33488.63833746213
33488.63833746213
33488.63833746213
33488.63833746213
33488.63833746213
33488.63833746213
33488.63833746213
33488.63833746213
33488.63833746213
33488.63833746213
33488.63833746213
33488.63833746213
33488.63833746213
33488.63833746213
33488.63833746213
33488.63833746213
33488.63833746213
33488.63833746213
33488.63833746213
33488.63833746213
33488.63833746213
33488.63833746213
33488.63833746213
33488.63833746213
33488.63833746213
33488.63833746213
33488.63833746213
33488.63833746213
33488.63833746213
33488.63833746213
33488.63833746213
33488.63833746213
33488.63833746213
33488.63833746213
33488.63833746213
33488.63833746213
33488.63833746213
33488.63833746213
33488.63833746213
33488.63833746213
33488.63833746213
33488.63833746213
33488.63833746213
33488.63833746213
33488.63833746213
33488.63833746213
33488.63833746213
33488.63833746213
33488.63833746213
33488.63833746213
33488.63833746213
33488.63833746213
33488.63833746213
33488.63833746213
33488.63833746213
33488.63833746213
33488.63833746213
33488.63833746213
33488.63833746213
33488.63833746213
33488.63833746213
33488.63833746213
33488.63833746213
33488.63833746213
33488.63833746213
33488.63833746213
33488.63833746213
33488.63833746213
33488.63833746213
33488.63833746213
33488.63833746213
33488.63833746213
33488.63833746213
33488.63833746213
33488.63833746213
33488.63833746213
33488.63833746213
33488.63833746213
33488.63833746213
33488.63833746213
33488.63833746213
33488.63833746213
33488.63833746213
33488.63833746213
33488.63833746213
33488.63833746213
33488.63833746213
33488.63833746213
33488.63833746213
33488.63833746213
33488.63833746213
33488.63833746213
33488.63833746213
33488.63833746213
33488.63833746213
33488.63833746213
33488.63833746213
33488.63833746213
33488.63833746213
33488.63833746213
33488.63833746213
33488.63833746213
33488.63833746213
33488.63833746213
33488.63833746213
33488.63833746213
33488.63833746213
33488.63833746213
33488.63833746213
33488.63833746213
33488.63833746213
33488.63833746213
33488.63833746213
33488.63833746213
33488.63833746213
33488.63833746213
33488.63833746213
33488.63833746213
33488.63833746213
33488.63833746213
33488.63833746213
33488.63833746213
33488.63833746213
33488.63833746213
33488.63833746213
33488.63833746213
33466.7096547259
33466.7096547259
33466.7096547259
33466.7096547259
33466.7096547259
33466.7096547259
33466.7096547259
33466.7096547259
33466.7096547259
33466.7096547259
33466.7096547259
33466.7096547259
33466.7096547259
33466.7096547259
33466.7096547259
33466.7096547259
33466.7096547259
33466.7096547259
33466.7096547259
33466.7096547259
33466.7096547259
33466.7096547259
33466.7096547259
33466.7096547259
33466.7096547259
33466.7096547259
33466.7096547259
33466.7096547259
33466.7096547259
33466.7096547259
33466.7096547259
33466.7096547259
33466.7096547259
33466.7096547259
33466.7096547259
33466.7096547259
33466.7096547259
33466.7096547259
33466.7096547259
33466.7096547259
33466.7096547259
33466.7096547259
33466.7096547259
33466.7096547259
33466.7096547259
33466.7096547259
33466.7096547259
33466.7096547259
33466.7096547259
33466.7096547259
33466.7096547259
33466.7096547259
33466.7096547259
33466.7096547259
33466.7096547259
33466.7096547259
33466.7096547259
33466.7096547259
33466.7096547259
33466.7096547259
33466.7096547259
33466.7096547259
33466.7096547259
33466.7096547259
33466.7096547259
33466.7096547259
33466.7096547259
33466.7096547259
33466.7096547259
33466.70965472589
33466.70965472589
33466.70965472589
33466.70965472589
33466.70965472589
33466.70965472589
33466.70965472589
33466.70965472589
33466.70965472589
33466.70965472589
33466.70965472589
33466.70965472589
33466.70965472589
33466.70965472589
33466.70965472589
33466.70965472589
33466.70965472589
33466.70965472589
33466.70965472589
33466.70965472589
33466.70965472589
33466.70965472589
33466.70965472589
33466.70965472589
33466.70965472589
33466.70965472589
33466.70965472589
33466.70965472589
33466.70965472589
33466.475293544856
33466.475293544856
33466.475293544856
33466.475293544856
33466.475293544856
33466.475293544856
33466.475293544856
33466.475293544856
33466.475293544856
33466.475293544856
33466.475293544856
33466.475293544856
33466.475293544856
33466.475293544856
33466.475293544856
33466.475293544856
33466.475293544856
33466.475293544856
33466.475293544856
33405.64064017956
33405.64064017956
33405.64064017956
33405.64064017956
33405.64064017956
33405.64064017956
33405.64064017956
33405.64064017956
33405.64064017956
33405.64064017956
33405.64064017956
33405.64064017956
33405.64064017956
33405.64064017956
33405.64064017956
33405.64064017956
33405.64064017956
33405.64064017956
33405.64064017956
33405.64064017956
33405.64064017956
33405.64064017956
33405.64064017956
33405.64064017956
33405.64064017956
33405.64064017956
33405.64064017956
33405.64064017956
33405.64064017956
33405.64064017956
33405.64064017956
33405.64064017956
33405.64064017956
33405.64064017956
33405.64064017956
33405.64064017956
33405.64064017956
33405.64064017956
33405.64064017956
33405.64064017956
33405.64064017956
33405.64064017956
33405.64064017956
33405.64064017956
33405.64064017956
33405.64064017956
33405.64064017956
33405.64064017956
33405.64064017956
33405.64064017956
33405.64064017956
33405.64064017956
33405.64064017956
33405.64064017956
33405.64064017956
33405.64064017956
33405.64064017956
33405.64064017956
33405.64064017956
33405.64064017956
33405.64064017956
33405.64064017956
33405.64064017956
33405.64064017956
33405.64064017956
33405.64064017956
33405.64064017956
33405.64064017956
33405.64064017956
33405.64064017956
33405.64064017956
33405.64064017956
33405.64064017956
33405.64064017956
33405.64064017956
33405.64064017956
33405.64064017956
33405.64064017956
33405.64064017956
33405.64064017956
33405.64064017956
33405.64064017956
33405.64064017956
33405.64064017956
33405.64064017956
33405.64064017956
33405.64064017956
33405.64064017956
33405.64064017956
33405.64064017956
33405.64064017956
33405.64064017956
33405.64064017956
33405.64064017956
33405.64064017956
33405.64064017956
33405.64064017956
33405.64064017956
33405.64064017956
33405.64064017956
33405.64064017956
33405.64064017956
33405.64064017956
33405.64064017956
33405.64064017956
33405.64064017956
33405.64064017956
33405.64064017956
33405.64064017956
33405.64064017956
33405.64064017956
33405.64064017956
33405.64064017956
33405.64064017956
33405.64064017956
33405.64064017956
33405.64064017956
33405.64064017956
33405.64064017956
33405.64064017956
33405.64064017956
33405.64064017956
33405.64064017956
33405.64064017956
33405.64064017956
33405.64064017956
33405.64064017956
33405.64064017956
33405.64064017956
33405.64064017956
33405.64064017956
33405.64064017956
33405.64064017956
33405.64064017956
33405.64064017956
33405.64064017956
33405.64064017956
33405.64064017956
33405.64064017956
33405.64064017956
33405.64064017956
33405.64064017956
33405.64064017956
33405.64064017956
33405.64064017956
33405.64064017956
33405.64064017956
33405.64064017956
33405.64064017956
33405.64064017956
33405.64064017956
33405.64064017956
33405.64064017956
33405.64064017956
33405.64064017956
33405.64064017956
33405.64064017956
33405.64064017956
33405.64064017956
33405.64064017956
33405.64064017956
33405.64064017956
33405.64064017956
33405.64064017956
33405.64064017956
33405.64064017956
33405.64064017956
33405.64064017956
33405.64064017956
33405.64064017956
33405.64064017956
33405.64064017956
33405.64064017956
33405.64064017956
33405.64064017956
33405.64064017956
33405.64064017956
33405.64064017956
33405.64064017956
33405.64064017956
33405.64064017956
33405.64064017956
33405.64064017956
33405.64064017956
33405.64064017956
33405.64064017956
33405.64064017956
33405.64064017956
33405.64064017956
33405.406278998526
33405.406278998526
33405.406278998526
33405.406278998526
33405.406278998526
33405.406278998526
33405.406278998526
33405.406278998526
33405.406278998526
33405.406278998526
33405.406278998526
33405.406278998526
33405.406278998526
33405.406278998526
33405.406278998526
33405.406278998526
33405.406278998526
33405.406278998526
33405.406278998526
33405.406278998526
33405.406278998526
33405.406278998526
33405.406278998526
33405.406278998526
33405.406278998526
33405.406278998526
33405.406278998526
33405.406278998526
33405.406278998526
33405.406278998526
33405.406278998526
33405.406278998526
33405.406278998526
33405.406278998526
33405.406278998526
33405.406278998526
33405.406278998526
33405.406278998526
33405.406278998526
33405.406278998526
33405.406278998526
33405.406278998526
33405.406278998526
33405.406278998526
33405.406278998526
33405.406278998526
33405.406278998526
33405.406278998526
33405.406278998526
33405.406278998526
33405.406278998526
33405.406278998526
33405.406278998526
33405.406278998526
33405.406278998526
33405.406278998526
33405.406278998526
33405.406278998526
33405.406278998526
33405.406278998526
33405.406278998526
33405.406278998526
33405.406278998526
33405.406278998526
33405.406278998526
33405.406278998526
33405.406278998526
33405.406278998526
33405.406278998526
33405.406278998526
33405.406278998526
33405.406278998526
33405.406278998526
33405.406278998526
33405.406278998526
33405.406278998526
33405.406278998526
33405.406278998526
33405.406278998526
33405.406278998526
33405.406278998526
33303.19295508166
33303.19295508166
33303.19295508166
33303.19295508166
33303.19295508166
33303.19295508166
33303.19295508166
33303.19295508166
33303.19295508166
33303.19295508166
33303.19295508166
33303.19295508166
33303.19295508166
33303.19295508166
33303.19295508166
33303.19295508166
33303.19295508166
33303.19295508166
33303.19295508166
33303.19295508166
33303.19295508166
33303.19295508166
33303.19295508166
33207.351858128066
33207.351858128066
33207.351858128066
33207.351858128066
33207.351858128066
33207.351858128066
33207.351858128066
33207.351858128066
33207.351858128066
33207.351858128066
33207.351858128066
33207.351858128066
33207.351858128066
33207.351858128066
33207.351858128066
33207.351858128066
33207.351858128066
33207.351858128066
33207.351858128066
33207.351858128066
33207.351858128066
33207.351858128066
33207.351858128066
33207.351858128066
33207.351858128066
33207.351858128066
33207.351858128066
33151.16216573304
33151.16216573304
33151.16216573304
33151.16216573304
33151.16216573304
33151.16216573304
33151.16216573304
33151.16216573304
33151.16216573304
33151.16216573304
33151.16216573304
33151.16216573304
33151.16216573304
33151.16216573304
33151.16216573304
33151.16216573304
33151.16216573304
33151.16216573304
33151.16216573304
33151.16216573304
33151.16216573304
33151.16216573304
33151.16216573304
33151.16216573304
33151.16216573304
33151.16216573304
33151.16216573304
33151.16216573304
33151.16216573304
33151.16216573304
33151.16216573304
33090.327512367745
33090.327512367745
33090.327512367745
33090.327512367745
33090.327512367745
33090.327512367745
33090.327512367745
33090.327512367745
33090.327512367745
33090.327512367745
33090.327512367745
33082.08651620732
33021.25186284202
33021.25186284202
33021.25186284202
33021.25186284202
33021.25186284202
33021.25186284202
33021.25186284202
33021.25186284202
33021.25186284202
33021.25186284202
33021.25186284202
33021.25186284202
33021.25186284202
33021.25186284202
33021.25186284202
33021.25186284202
33021.25186284202
33021.25186284202
33021.25186284202
33021.25186284202
33021.25186284202
33021.25186284202
33021.25186284202
33021.25186284202
33021.25186284202
33021.25186284202
33021.25186284202
33021.25186284202
33021.25186284202
33021.25186284202
33021.25186284202
33021.25186284202
33021.25186284202
33021.25186284202
33021.25186284202
33021.25186284202
33021.25186284202
33021.25186284202
33021.25186284202
33021.25186284202
33021.25186284202
33021.25186284202
33021.25186284202
33021.25186284202
33021.25186284202
33021.25186284202
33021.25186284202
33021.25186284202
33021.25186284202
33021.25186284202
33021.25186284202
33021.25186284202
33021.25186284202
33021.25186284202
33021.25186284202
33021.25186284202
33021.25186284202
33021.25186284202
33021.25186284202
33021.25186284202
33021.25186284202
33021.25186284202
33021.25186284202
33021.25186284202
33021.25186284202
33021.25186284202
33021.25186284202
33021.25186284202
33021.25186284202
Time: 24.635620594024658 seconds 
Best solution: 33021.25186284202 [37, 42, 39, 14, 13, 5, 4, 9, 8, 23, 32, 104, 31, 22, 20, 28, 11, 103, 29, 15, 12, 1, 3, 17, 41, 47, 49, 48, 44, 57, 64, 76, 83, 75, 74, 62, 59, 68, 71, 82, 84, 73, 80, 86, 89, 69, 63, 61, 94, 100, 95, 98, 88, 87, 66, 65, 60, 105, 56, 50, 43, 52, 46, 36, 27, 24, 26, 45, 51, 70, 67, 79, 77, 72, 78, 96, 97, 92, 91, 85, 81, 90, 99, 101, 93, 102, 40, 55, 54, 53, 58, 33, 30, 21, 10, 7, 2, 6, 16, 19, 18, 25, 35, 34, 38]
Avg solution: 45639.87367693398