Alg:2, Run: 2, file: C:\Users\gabri\Documents\AN 3 SEM 2\AI\Lab\Lab3\\lin105.tsp, population number: 100, generations: 5000 
107193.29612284277
103562.05209774362
103562.05209774362
103562.05209774362
103562.05209774362
103562.05209774362
103562.05209774362
103562.05209774362
103562.05209774362
103562.05209774362
103562.05209774362
103562.05209774362
103562.05209774362
103388.66929333015
103388.66929333015
103217.78792438157
103217.78792438157
98650.22944485828
98650.22944485828
98650.22944485828
98650.22944485828
98650.22944485828
98650.22944485828
98650.22944485828
98650.22944485828
98650.22944485828
98650.22944485828
98650.22944485828
97556.96526456169
97556.96526456169
97556.96526456169
97107.68400936654
97107.68400936654
95999.52832179733
92324.09862930284
92324.09862930284
92324.09862930284
92324.09862930284
92324.09862930284
92238.03279791311
92238.03279791311
92238.03279791311
92238.03279791311
91376.48367829339
91376.48367829339
91376.48367829339
91376.48367829339
91376.48367829339
91376.48367829339
91376.48367829339
91376.48367829339
91376.48367829339
86859.9622069299
86859.9622069299
86859.9622069299
86859.9622069299
86859.9622069299
86859.9622069299
85073.11771223648
85073.11771223648
85073.11771223648
85073.11771223648
85073.11771223648
85073.11771223648
85073.11771223648
85073.11771223648
85073.11771223648
85073.11771223648
85073.11771223648
85073.11771223648
85073.11771223648
85073.11771223648
85073.11771223648
85073.11771223648
85073.11771223648
85073.11771223648
85073.11771223648
85073.11771223648
85073.11771223648
85073.11771223648
85073.11771223648
81420.09040203181
81420.09040203181
81420.09040203181
81420.09040203181
81420.09040203181
81420.09040203181
81420.09040203181
81420.09040203181
81420.09040203181
81420.09040203181
81420.09040203181
81420.09040203181
81420.09040203181
81420.09040203181
81420.09040203181
81420.09040203181
81420.09040203181
81420.09040203181
81420.09040203181
81420.09040203181
81420.09040203181
81420.09040203181
81420.09040203181
81420.09040203181
81420.09040203181
81420.09040203181
81420.09040203181
81420.09040203181
81420.09040203181
81420.09040203181
81420.09040203181
81420.09040203181
81420.09040203181
81420.09040203181
81420.09040203181
81420.09040203181
81420.09040203181
81420.09040203181
81420.09040203181
81420.09040203181
81420.09040203181
81420.09040203181
81420.09040203181
81420.09040203181
81420.09040203181
81420.09040203181
80404.84136508973
80404.84136508973
80404.84136508973
80404.84136508973
80404.84136508973
80404.84136508973
80404.84136508973
80404.84136508973
80404.84136508973
80404.84136508973
80404.84136508973
80404.84136508973
80202.94637907173
80202.94637907173
80202.94637907173
80202.94637907173
80202.94637907173
80202.94637907173
80202.94637907173
80202.94637907173
80202.94637907173
80202.94637907173
80202.94637907173
80202.94637907173
80202.94637907173
80202.94637907173
80202.94637907173
80202.94637907173
80202.94637907173
80202.94637907173
80202.94637907173
80202.94637907173
80202.94637907173
80202.94637907173
80202.94637907173
79111.2206332365
79111.2206332365
79111.2206332365
79111.2206332365
79111.2206332365
79111.2206332365
79111.2206332365
79111.2206332365
79111.2206332365
79111.2206332365
79111.2206332365
79111.2206332365
79111.2206332365
79111.2206332365
78227.2263810742
78227.2263810742
78227.2263810742
78227.2263810742
78227.2263810742
78227.2263810742
78227.2263810742
78227.2263810742
78227.2263810742
77444.45160236674
77444.45160236674
77444.45160236674
77444.45160236674
77444.45160236674
77444.45160236674
77444.45160236674
77444.45160236674
77444.45160236674
77444.45160236674
77444.45160236674
77444.45160236674
77444.45160236674
77444.45160236674
77444.45160236674
77444.45160236674
77444.45160236674
77444.45160236674
77444.45160236674
77444.45160236674
77444.45160236674
77444.45160236674
77444.45160236674
77444.45160236674
77444.45160236674
76739.8858487632
76739.8858487632
76739.8858487632
76739.8858487632
76739.8858487632
76739.8858487632
76739.8858487632
76739.8858487632
76739.8858487632
75462.84049338158
75462.84049338158
75462.84049338158
75462.84049338158
75462.84049338158
75462.84049338158
75462.84049338158
75462.84049338158
75462.84049338158
75314.25018130476
75314.25018130476
75314.25018130476
75314.25018130476
75314.25018130476
75127.27958159652
75127.27958159652
75127.27958159652
75127.27958159652
75127.27958159652
75127.27958159652
75127.27958159652
75127.27958159652
75127.27958159652
75127.27958159652
75127.27958159652
75127.27958159652
75127.27958159652
75127.27958159652
75127.27958159652
75127.27958159652
75127.27958159652
75127.27958159652
75127.27958159652
75127.27958159652
75127.27958159652
75127.27958159652
75127.27958159652
75127.27958159652
74483.52454651507
74483.52454651507
74483.52454651507
74483.52454651507
74483.52454651507
74483.52454651507
74483.52454651507
74483.52454651507
74483.52454651507
74483.52454651507
74483.52454651507
73573.5761876584
73573.5761876584
73573.5761876584
73573.5761876584
73573.5761876584
73573.5761876584
73573.5761876584
73573.5761876584
73573.5761876584
73573.5761876584
73573.5761876584
73573.5761876584
73573.5761876584
73573.5761876584
73573.5761876584
73573.5761876584
73573.5761876584
73573.5761876584
73573.5761876584
73573.5761876584
73573.5761876584
73573.5761876584
73573.5761876584
73573.5761876584
73573.5761876584
73573.5761876584
73573.5761876584
73573.5761876584
73573.5761876584
73390.3625123992
73390.3625123992
73390.3625123992
73390.3625123992
73390.3625123992
73390.3625123992
73089.6249354188
73089.6249354188
73089.6249354188
73089.6249354188
73089.6249354188
73089.6249354188
73089.6249354188
73089.6249354188
73089.6249354188
73089.6249354188
73089.6249354188
73089.6249354188
73089.6249354188
73089.6249354188
73089.6249354188
73089.6249354188
73089.6249354188
73089.6249354188
73089.6249354188
73089.6249354188
73089.6249354188
73089.6249354188
73089.6249354188
73089.6249354188
73089.6249354188
73089.6249354188
73089.6249354188
73089.6249354188
73089.6249354188
73089.6249354188
72867.23328122761
72867.23328122761
72867.23328122761
72867.23328122761
72867.23328122761
72208.35284017609
72208.35284017609
72208.35284017609
72208.35284017609
72208.35284017609
72208.35284017609
72208.35284017609
72208.35284017609
72208.35284017609
72208.35284017609
72208.35284017609
72208.35284017609
72208.35284017609
72208.35284017609
72208.35284017609
72208.35284017609
72208.35284017609
72208.35284017609
72208.35284017609
72208.35284017609
72208.35284017609
72208.35284017609
72208.35284017609
72208.35284017609
71640.01144714387
71640.01144714387
71640.01144714387
71640.01144714387
71640.01144714387
71640.01144714387
71640.01144714387
70896.63653710297
70896.63653710297
70896.63653710297
70896.63653710297
70896.63653710297
70896.63653710297
70896.63653710297
70896.63653710297
70896.63653710297
70896.63653710297
70896.63653710297
70896.63653710297
70896.63653710297
70896.63653710297
70896.63653710297
70896.63653710297
70896.63653710297
70849.9243109218
70849.9243109218
70849.9243109218
69635.46627713297
69635.46627713297
69635.46627713297
69635.46627713297
69635.46627713297
69635.46627713297
69635.46627713297
69027.64213667961
69027.64213667961
69027.64213667961
69027.64213667961
69027.64213667961
69027.64213667961
69027.64213667961
69027.64213667961
68211.84430116264
68211.84430116264
68211.84430116264
68211.84430116264
68211.84430116264
68211.84430116264
68211.84430116264
68211.84430116264
68211.84430116264
68211.84430116264
68211.84430116264
68211.84430116264
68211.84430116264
68211.84430116264
68211.84430116264
67447.13368958747
67447.13368958747
67447.13368958747
67447.13368958747
67447.13368958747
67447.13368958747
67447.13368958747
67447.13368958747
67447.13368958747
67447.13368958747
67447.13368958747
67447.13368958747
67447.13368958747
67447.13368958747
67447.13368958747
67447.13368958747
67447.13368958747
67447.13368958747
67447.13368958747
67447.13368958747
67447.13368958747
67447.13368958747
67447.13368958747
67447.13368958747
67447.13368958747
67447.13368958747
67447.13368958747
67447.13368958747
67447.13368958747
67447.13368958747
67447.13368958747
67447.13368958747
67447.13368958747
67447.13368958747
67447.13368958747
67447.13368958747
67447.13368958747
67447.13368958747
67447.13368958747
67447.13368958747
67447.13368958747
67447.13368958747
67447.13368958747
67447.13368958747
67447.13368958747
67447.13368958747
67447.13368958747
67447.13368958747
67447.13368958747
67447.13368958747
67447.13368958747
67447.13368958747
67447.13368958747
67447.13368958747
67447.13368958747
67447.13368958747
67447.13368958747
67447.13368958747
67447.13368958747
67447.13368958747
67447.13368958747
67447.13368958747
67447.13368958747
67447.13368958747
67447.13368958747
67447.13368958747
67447.13368958747
67447.13368958747
67447.13368958747
67447.13368958747
67447.13368958747
67447.13368958747
67447.13368958747
67447.13368958747
67447.13368958747
67447.13368958747
67447.13368958747
67447.13368958747
67447.13368958747
67447.13368958747
67447.13368958747
67447.13368958747
67447.13368958747
67447.13368958747
67447.13368958747
67447.13368958747
67447.13368958747
67447.13368958747
67075.33009846996
67075.33009846996
67075.33009846996
67075.33009846996
67075.33009846996
67075.33009846996
67075.33009846996
67075.33009846996
67075.33009846996
67075.33009846996
67075.33009846996
67075.33009846996
67075.33009846996
67075.33009846996
67075.33009846996
67075.33009846996
67075.33009846996
67075.33009846996
67075.33009846996
67075.33009846996
67075.33009846996
66390.62362827592
66390.62362827592
66390.62362827592
66390.62362827592
66390.62362827592
66390.62362827592
66390.62362827592
66390.62362827592
66390.62362827592
66390.62362827592
66390.62362827592
66390.62362827592
66390.62362827592
66390.62362827592
66390.62362827592
66390.62362827592
66390.62362827592
66390.62362827592
66390.62362827592
66390.62362827592
66390.62362827592
66390.62362827592
66390.62362827592
66390.62362827592
66390.62362827592
66390.62362827592
66390.62362827592
66390.62362827592
66390.62362827592
66390.62362827592
66390.62362827592
66390.62362827592
66390.62362827592
65614.22793544072
65614.22793544072
65614.22793544072
65614.22793544072
65614.22793544072
65614.22793544072
65614.22793544072
65614.22793544072
65614.22793544072
65614.22793544072
65614.22793544072
65614.22793544072
65614.22793544072
65614.22793544072
65614.22793544072
65614.22793544072
65614.22793544072
65614.22793544072
65614.22793544072
65614.22793544072
65614.22793544072
65614.22793544072
65614.22793544072
65614.22793544072
65614.22793544072
65614.22793544072
65614.22793544072
65614.22793544072
65614.22793544072
65614.22793544072
65614.22793544072
65614.22793544072
65614.22793544072
65614.22793544072
65614.22793544072
65614.22793544072
65612.02830911588
65612.02830911588
65612.02830911588
65612.02830911588
65612.02830911588
65612.02830911588
65612.02830911588
65612.02830911588
65612.02830911588
65612.02830911588
65612.02830911588
65612.02830911588
65612.02830911588
65612.02830911588
65612.02830911588
65612.02830911588
65612.02830911588
65612.02830911588
65612.02830911588
65612.02830911588
65612.02830911588
65612.02830911588
65612.02830911588
65612.02830911588
65612.02830911588
65612.02830911588
65612.02830911588
65612.02830911588
65612.02830911588
65612.02830911588
65612.02830911588
65612.02830911588
65612.02830911588
65612.02830911588
65612.02830911588
65612.02830911588
65612.02830911588
65612.02830911588
65612.02830911588
65612.02830911588
65612.02830911588
65612.02830911588
65612.02830911588
65612.02830911588
65612.02830911588
65612.02830911588
65612.02830911588
65612.02830911588
65612.02830911588
65612.02830911588
65612.02830911588
65612.02830911588
65612.02830911588
65288.01135834222
65288.01135834222
65288.01135834222
65288.01135834222
65288.01135834222
65288.01135834222
65288.01135834222
65288.01135834222
65288.01135834222
65176.232031664775
65176.232031664775
65176.232031664775
64438.32506571075
64438.32506571075
64438.32506571075
64438.32506571075
64438.32506571075
64438.32506571075
64438.32506571075
64438.32506571075
64438.32506571075
64438.32506571075
64438.32506571075
64438.32506571075
64438.32506571075
64438.32506571075
64438.32506571075
64438.32506571075
64438.32506571075
64438.32506571075
64438.32506571075
64438.32506571075
64438.32506571075
64438.32506571075
64438.32506571075
64438.32506571075
64438.32506571075
64438.32506571075
64438.32506571075
64146.708629632754
64146.708629632754
64146.708629632754
63104.860990730755
63104.860990730755
62705.30463785177
62705.30463785177
62705.30463785177
62705.30463785177
62705.30463785177
62705.30463785177
62705.30463785177
62705.30463785177
62705.30463785177
62705.30463785177
62705.30463785177
62705.30463785177
62705.30463785177
62705.30463785177
62705.30463785177
62705.30463785177
62705.30463785177
62705.30463785177
62705.30463785177
62705.30463785177
62705.30463785177
62705.30463785177
62705.30463785177
62705.30463785177
62705.30463785177
62705.30463785177
62705.30463785177
62705.30463785177
62705.30463785177
62705.30463785177
62705.30463785177
62705.30463785177
62705.30463785177
62705.30463785177
62705.30463785177
62705.30463785177
62705.30463785177
62705.30463785177
62705.30463785177
62705.30463785177
62705.30463785177
62705.30463785177
62705.30463785177
62705.30463785177
62705.30463785177
62260.53043919792
62260.53043919792
62260.53043919792
62260.53043919792
62260.53043919792
62260.53043919792
62260.53043919792
62260.53043919792
62260.53043919792
62260.53043919792
62260.53043919792
62260.53043919792
60892.0897697518
60892.0897697518
60892.0897697518
60892.0897697518
60892.0897697518
60892.0897697518
60892.0897697518
60892.0897697518
60892.0897697518
60892.0897697518
60892.0897697518
60892.0897697518
60892.0897697518
60892.0897697518
60892.0897697518
60892.0897697518
60892.0897697518
60892.0897697518
60892.0897697518
60892.0897697518
60892.0897697518
60892.0897697518
60892.0897697518
60892.0897697518
60892.0897697518
60892.0897697518
60892.0897697518
60892.0897697518
60892.0897697518
60892.0897697518
60892.0897697518
60892.0897697518
60892.0897697518
60892.0897697518
60892.0897697518
60892.0897697518
60892.0897697518
60892.0897697518
60892.0897697518
60892.0897697518
60892.0897697518
60892.0897697518
60892.0897697518
60892.0897697518
60892.0897697518
60892.0897697518
60892.0897697518
60892.0897697518
60892.0897697518
60892.0897697518
60892.0897697518
60892.0897697518
60892.0897697518
60892.0897697518
60892.0897697518
60892.0897697518
60892.0897697518
60892.0897697518
60892.0897697518
60892.0897697518
60892.0897697518
60892.0897697518
60892.0897697518
60892.0897697518
60415.08490692363
60415.08490692363
60415.08490692363
60415.08490692363
60415.08490692363
60415.08490692363
60415.08490692363
60415.08490692363
60415.08490692363
60415.08490692363
60415.08490692363
60415.08490692363
60415.08490692363
60415.08490692363
60415.08490692363
60415.08490692363
60415.08490692363
60415.08490692363
60415.08490692363
60415.08490692363
60415.08490692363
60415.08490692363
60415.08490692363
60415.08490692363
60415.08490692363
60415.08490692363
60415.08490692363
57155.008591895654
57155.008591895654
57155.008591895654
57155.008591895654
57155.008591895654
57155.008591895654
57155.008591895654
57155.008591895654
57155.008591895654
57155.008591895654
57155.008591895654
57155.008591895654
57155.008591895654
57155.008591895654
57155.008591895654
57155.008591895654
57155.008591895654
57155.008591895654
57155.008591895654
57155.008591895654
57155.008591895654
57155.008591895654
57155.008591895654
57155.008591895654
57155.008591895654
57155.008591895654
57155.008591895654
57155.008591895654
57155.008591895654
57155.008591895654
57155.008591895654
57155.008591895654
57155.008591895654
57155.008591895654
57155.008591895654
57155.008591895654
57155.008591895654
57155.008591895654
57155.008591895654
57155.008591895654
57155.008591895654
57155.008591895654
57155.008591895654
57155.008591895654
57155.008591895654
57155.008591895654
57155.008591895654
57155.008591895654
57155.008591895654
57155.008591895654
57155.008591895654
57155.008591895654
57155.008591895654
57155.008591895654
57155.008591895654
57155.008591895654
57155.008591895654
57155.008591895654
57155.008591895654
57155.008591895654
57123.049802945425
57123.049802945425
57123.049802945425
57123.049802945425
57123.049802945425
57123.049802945425
57123.049802945425
57123.049802945425
57123.049802945425
57123.049802945425
57123.049802945425
57123.049802945425
57123.049802945425
57123.049802945425
57123.049802945425
57123.049802945425
57123.049802945425
57123.049802945425
57123.049802945425
57123.049802945425
57123.049802945425
56615.70067909417
56615.70067909417
56615.70067909417
56615.70067909417
56615.70067909417
56615.70067909417
56615.70067909417
56615.70067909417
56615.70067909417
56615.70067909417
56615.70067909417
56615.70067909417
56615.70067909417
56615.70067909417
56615.70067909417
56615.70067909417
56615.70067909417
56615.70067909417
56615.70067909417
56615.70067909417
56615.70067909417
56615.70067909417
56615.70067909417
56615.70067909417
56615.70067909417
56615.70067909417
56615.70067909417
56615.70067909417
56615.70067909417
56615.70067909417
56615.70067909417
56615.70067909417
56615.70067909417
56615.70067909417
56615.70067909417
56615.70067909417
56615.70067909417
56615.70067909417
56615.70067909417
56615.70067909417
56615.70067909417
56151.81479602399
56151.81479602399
56151.81479602399
56151.81479602399
56151.81479602399
56151.81479602399
56151.81479602399
56151.81479602399
56151.81479602399
56151.81479602399
56151.81479602399
56151.81479602399
56151.81479602399
56151.81479602399
56151.81479602399
56151.81479602399
56151.81479602399
56151.81479602399
56151.81479602399
56151.81479602399
56151.81479602399
56151.81479602399
56151.81479602399
56151.81479602399
56151.81479602399
56151.81479602399
56151.81479602399
56151.81479602399
56151.81479602399
56151.81479602399
56151.81479602399
56151.81479602399
56151.81479602399
55389.07800085805
55389.07800085805
55389.07800085805
55389.07800085805
55389.07800085805
55389.07800085805
55389.07800085805
55389.07800085805
55389.07800085805
55124.548799819095
55124.548799819095
55124.548799819095
55124.548799819095
55124.548799819095
55124.548799819095
55124.548799819095
55124.548799819095
55124.548799819095
55124.548799819095
55124.548799819095
55124.548799819095
55124.548799819095
55124.548799819095
55124.548799819095
55124.548799819095
55124.548799819095
55124.548799819095
55124.548799819095
55124.548799819095
55124.548799819095
55124.548799819095
55124.548799819095
55124.548799819095
55124.548799819095
55124.548799819095
55124.548799819095
55124.548799819095
55124.548799819095
55124.548799819095
55124.548799819095
55124.548799819095
55124.548799819095
55124.548799819095
55124.548799819095
55124.548799819095
55124.548799819095
55124.548799819095
55124.548799819095
55124.548799819095
55124.548799819095
55124.548799819095
55124.548799819095
55124.548799819095
53718.932268878925
53718.932268878925
53718.932268878925
53718.932268878925
53718.932268878925
53718.932268878925
53718.932268878925
53718.932268878925
53718.932268878925
53718.932268878925
53718.932268878925
53718.932268878925
53718.932268878925
53718.932268878925
53718.932268878925
53718.932268878925
53718.932268878925
53718.932268878925
53718.932268878925
53718.932268878925
53718.932268878925
53718.932268878925
53718.932268878925
53718.932268878925
53718.932268878925
53718.932268878925
53718.932268878925
53718.932268878925
53718.932268878925
53718.932268878925
53718.932268878925
53718.932268878925
53718.932268878925
53718.932268878925
53718.932268878925
53718.932268878925
53718.932268878925
53718.932268878925
53718.932268878925
53718.932268878925
53718.932268878925
53718.932268878925
53718.932268878925
53718.932268878925
53718.932268878925
53718.932268878925
53718.932268878925
53718.932268878925
53718.932268878925
53718.932268878925
53718.932268878925
53718.932268878925
53718.932268878925
53487.160853360794
53487.160853360794
53487.160853360794
53487.160853360794
53487.160853360794
53487.160853360794
52519.102891585826
52519.102891585826
52519.102891585826
52519.102891585826
52519.102891585826
52519.102891585826
52519.102891585826
52519.102891585826
52519.102891585826
52519.102891585826
52519.102891585826
52519.102891585826
52519.102891585826
52519.102891585826
52519.102891585826
52519.102891585826
52519.102891585826
52519.102891585826
51923.817526277315
51923.817526277315
51923.817526277315
51923.817526277315
51923.817526277315
51923.817526277315
51923.817526277315
51923.817526277315
51923.817526277315
51923.817526277315
51923.817526277315
51923.817526277315
51923.817526277315
51923.817526277315
51923.817526277315
51923.817526277315
51923.817526277315
51923.817526277315
51923.817526277315
51923.817526277315
51923.817526277315
51923.817526277315
51923.817526277315
51923.817526277315
51923.817526277315
51923.817526277315
51923.817526277315
51923.817526277315
51923.817526277315
51923.817526277315
51923.817526277315
51923.817526277315
51923.817526277315
51923.817526277315
51923.817526277315
51923.817526277315
51923.817526277315
51923.817526277315
51923.817526277315
51923.817526277315
51923.817526277315
51923.817526277315
51923.817526277315
51923.817526277315
51270.546707890506
51270.546707890506
51270.546707890506
51270.546707890506
51270.546707890506
51270.546707890506
51270.546707890506
51270.546707890506
51270.546707890506
51270.546707890506
51270.546707890506
51270.546707890506
51270.546707890506
51270.546707890506
51270.546707890506
51270.546707890506
51270.546707890506
51270.546707890506
51270.546707890506
51270.546707890506
51270.546707890506
51270.546707890506
51270.546707890506
51270.546707890506
51270.546707890506
51270.546707890506
51270.546707890506
51270.546707890506
51270.546707890506
50781.09704696093
50781.09704696093
50781.09704696093
50781.09704696093
50781.09704696093
50781.09704696093
50781.09704696093
50781.09704696093
50781.09704696093
50781.09704696093
50781.09704696093
50474.69259410597
50474.69259410597
50474.69259410597
50474.69259410597
50474.69259410597
50474.69259410597
50474.69259410597
50474.69259410597
50474.69259410597
50474.69259410597
50474.69259410597
50474.69259410597
49663.776964326855
47628.13097267297
47628.13097267297
47628.13097267297
47628.13097267297
47628.13097267297
47628.13097267297
47628.13097267297
47628.13097267297
47628.13097267297
47628.13097267297
47628.13097267297
47628.13097267297
47628.13097267297
47628.13097267297
47628.13097267297
47628.13097267297
47628.13097267297
47628.13097267297
47628.13097267297
47628.13097267297
47628.13097267297
47628.13097267297
47628.13097267297
47628.13097267297
47628.13097267297
47628.13097267297
47628.13097267297
47628.13097267297
47628.13097267297
47628.13097267297
47628.13097267297
47628.13097267297
47628.13097267297
47628.13097267297
47628.13097267297
47628.13097267297
47628.13097267297
47628.13097267297
47628.13097267297
47628.13097267297
47628.13097267297
47628.13097267297
47628.13097267297
47628.13097267297
47628.13097267297
47628.13097267297
47628.13097267297
47628.13097267297
47628.13097267297
47628.13097267297
47628.13097267297
47628.13097267297
47628.13097267297
47628.13097267297
47628.13097267297
47628.13097267297
47628.13097267297
47628.13097267297
47628.13097267297
47628.13097267297
47628.13097267297
47628.13097267297
47628.13097267297
47628.13097267297
47628.13097267297
47628.13097267297
47628.13097267297
47628.13097267297
47628.13097267297
47628.13097267297
47628.13097267297
47628.13097267297
47628.13097267297
47628.13097267297
47628.13097267297
47628.13097267297
47628.13097267297
47628.13097267297
47628.13097267297
47628.13097267297
47628.13097267297
47628.13097267297
47628.13097267297
47628.13097267297
47628.13097267297
47628.13097267297
47628.13097267297
47628.13097267297
47628.13097267297
47628.13097267297
47628.13097267297
47628.13097267297
47628.13097267297
47628.13097267297
47628.13097267297
47628.13097267297
47628.13097267297
47628.13097267297
47628.13097267297
47628.13097267297
47628.13097267297
47628.13097267297
47628.13097267297
47628.13097267297
47628.13097267297
47628.13097267297
47628.13097267297
47628.13097267297
47628.13097267297
47628.13097267297
47628.13097267297
47628.13097267297
47628.13097267297
47628.13097267297
47628.13097267297
47628.13097267297
47628.13097267297
47628.13097267297
47628.13097267297
47628.13097267297
47628.13097267297
47628.13097267297
47628.13097267297
47628.13097267297
47628.13097267297
47628.13097267297
47628.13097267297
47628.13097267297
47628.13097267297
47628.13097267297
47628.13097267297
47628.13097267297
47628.13097267297
47153.227418571456
47153.227418571456
47153.227418571456
47153.227418571456
47153.227418571456
47153.227418571456
47153.227418571456
47153.227418571456
47153.227418571456
47153.227418571456
47153.227418571456
47153.227418571456
47153.227418571456
47153.227418571456
47153.227418571456
47153.227418571456
47153.227418571456
47153.227418571456
47153.227418571456
47153.227418571456
47153.227418571456
47153.227418571456
47153.227418571456
47153.227418571456
47153.227418571456
47153.227418571456
47153.227418571456
47153.227418571456
47153.227418571456
47153.227418571456
47153.227418571456
46493.57447721107
46493.57447721107
46493.57447721107
46493.57447721107
46493.57447721107
46493.57447721107
46493.57447721107
46493.57447721107
46493.57447721107
46493.57447721107
46493.57447721107
46493.57447721107
46493.57447721107
46493.57447721107
46493.57447721107
46493.57447721107
46493.57447721107
46493.57447721107
46493.57447721107
46493.57447721107
46493.57447721107
46493.57447721107
46493.57447721107
46493.57447721107
46493.57447721107
46493.57447721107
46493.57447721107
46493.57447721107
46493.57447721107
46493.57447721107
46493.57447721107
46493.57447721107
46493.57447721107
46493.57447721107
46493.57447721107
46493.57447721107
46493.57447721107
46493.57447721107
46493.57447721107
46493.57447721107
46493.57447721107
46493.57447721107
46493.57447721107
46493.57447721107
46493.57447721107
46493.57447721107
46493.57447721107
46493.57447721107
46493.57447721107
46493.57447721107
46493.57447721107
46493.57447721107
46493.57447721107
46493.57447721107
46493.57447721107
45716.663917473874
45716.663917473874
45716.663917473874
45716.663917473874
45716.663917473874
45716.663917473874
45716.663917473874
45716.663917473874
45716.663917473874
45716.663917473874
45716.663917473874
45716.663917473874
45716.663917473874
45716.663917473874
45716.663917473874
45716.663917473874
45716.663917473874
45716.663917473874
45716.663917473874
45716.663917473874
45716.663917473874
45716.663917473874
45716.663917473874
45716.663917473874
45716.663917473874
45716.663917473874
45716.663917473874
45716.663917473874
45716.663917473874
45716.663917473874
45716.663917473874
45716.663917473874
45716.663917473874
45710.71696451079
45710.71696451079
45710.71696451079
45710.71696451079
45710.71696451079
45710.71696451079
45710.71696451079
45710.71696451079
45710.71696451079
45710.71696451079
45710.71696451079
45710.71696451079
45710.71696451079
45710.71696451079
45710.71696451079
45710.71696451079
45710.71696451079
45710.71696451079
45710.71696451079
45710.71696451079
45710.71696451079
45710.71696451079
45710.71696451079
45710.71696451079
45710.71696451079
45710.71696451079
45710.71696451079
45710.71696451079
45710.71696451079
45710.71696451079
45710.71696451079
45710.71696451079
45710.71696451079
45710.71696451079
45710.71696451079
45710.71696451079
45710.71696451079
45710.71696451079
45710.71696451079
45184.37670402851
45184.37670402851
45177.908642435556
45177.908642435556
45177.908642435556
45177.908642435556
45177.908642435556
45177.908642435556
45177.908642435556
45177.908642435556
45177.908642435556
45177.908642435556
45177.908642435556
45177.908642435556
44916.4420524745
44916.4420524745
44916.4420524745
44916.4420524745
44916.4420524745
44916.4420524745
44916.4420524745
44916.4420524745
44916.4420524745
44916.4420524745
44916.4420524745
44916.4420524745
44916.4420524745
44916.4420524745
44916.4420524745
44916.4420524745
44916.4420524745
44916.4420524745
44916.4420524745
44916.4420524745
44916.4420524745
44916.4420524745
44916.4420524745
44916.4420524745
44916.4420524745
44916.4420524745
44916.4420524745
44916.4420524745
44916.4420524745
44916.4420524745
44916.4420524745
44916.4420524745
44916.4420524745
44916.4420524745
44916.4420524745
44916.4420524745
44916.4420524745
44916.4420524745
44916.4420524745
44916.4420524745
44916.4420524745
44916.4420524745
44916.4420524745
44916.4420524745
44916.4420524745
44916.4420524745
44916.4420524745
44916.4420524745
44916.4420524745
44916.4420524745
44916.4420524745
44916.4420524745
44916.4420524745
44916.4420524745
44916.4420524745
44895.7720633178
44665.55124887454
44665.55124887454
44665.55124887454
43972.78823388962
43972.78823388962
43972.78823388962
43972.78823388962
43972.78823388962
43972.78823388962
43972.78823388962
43972.78823388962
43972.78823388962
43972.78823388962
43972.78823388962
43972.78823388962
43972.78823388962
43972.78823388962
43972.78823388962
43972.78823388962
43972.78823388962
43972.78823388962
43972.78823388962
43972.78823388962
43972.78823388962
43972.78823388962
43972.78823388962
43972.78823388962
43972.78823388962
43972.78823388962
43972.78823388962
43972.78823388962
43972.78823388962
43972.78823388962
43972.78823388962
43972.78823388962
43972.78823388962
43972.78823388962
43972.78823388962
43972.78823388962
43972.78823388962
43972.78823388962
43972.78823388962
43972.78823388962
43972.78823388962
43972.78823388962
43972.78823388962
43972.78823388962
43972.78823388962
43972.78823388962
43972.78823388962
43972.78823388962
43972.78823388962
43972.78823388962
43972.78823388962
43972.78823388962
43972.78823388962
43972.78823388962
43972.78823388962
43972.78823388962
43972.78823388962
43972.78823388962
43972.78823388962
43972.78823388962
43972.78823388962
43972.78823388962
43972.78823388962
43972.78823388962
43972.78823388962
43972.78823388962
43972.78823388962
43972.78823388962
43972.78823388962
43972.78823388962
43972.78823388962
43972.78823388962
43972.78823388962
43972.78823388962
43972.78823388962
43972.78823388962
43972.78823388962
43972.78823388962
43972.78823388962
43972.78823388962
43972.78823388962
43972.78823388962
43972.78823388962
43972.78823388962
43972.78823388962
43972.78823388962
43972.78823388962
43972.78823388962
43972.78823388962
43972.78823388962
43972.78823388962
43972.78823388962
43972.78823388962
43972.78823388962
43972.78823388962
43972.78823388962
43972.78823388962
43972.78823388962
43972.78823388962
43972.78823388962
43972.78823388962
43972.78823388962
43972.78823388962
43972.78823388962
43972.78823388962
43972.78823388962
43972.78823388962
43972.78823388962
43972.78823388962
43972.78823388962
43972.78823388962
43972.78823388962
43972.78823388962
43972.78823388962
43972.78823388962
43972.78823388962
43972.78823388962
43972.78823388962
43972.78823388962
43972.78823388962
43972.78823388962
43972.78823388962
43972.78823388962
43972.78823388962
43972.78823388962
43972.78823388962
43972.78823388962
43972.78823388962
43972.78823388962
43972.78823388962
43972.78823388962
43972.78823388962
43972.78823388962
43972.78823388962
43972.78823388962
43972.78823388962
43972.78823388962
43972.78823388962
43972.78823388962
43972.78823388962
43972.78823388962
43972.78823388962
43972.78823388962
43972.78823388962
43972.78823388962
43972.78823388962
43972.78823388962
43972.78823388962
43972.78823388962
43972.78823388962
43972.78823388962
43972.78823388962
43972.78823388962
43972.78823388962
43972.78823388962
43972.78823388962
43972.78823388962
43972.78823388962
43972.78823388962
43972.78823388962
43972.78823388962
43972.78823388962
43972.78823388962
43972.78823388962
43972.78823388962
43972.78823388962
43972.78823388962
43972.78823388962
43972.78823388962
43972.78823388962
43972.78823388962
43972.78823388962
43972.78823388962
43972.78823388962
43972.78823388962
43972.78823388962
43972.78823388962
43972.78823388962
43972.78823388962
43972.78823388962
43972.78823388962
43972.78823388962
43972.78823388962
43972.78823388962
43972.78823388962
43972.78823388962
43972.78823388962
43972.78823388962
43972.78823388962
43972.78823388962
43972.78823388962
43972.78823388962
43972.78823388962
43972.78823388962
43972.78823388962
43972.78823388962
43972.78823388962
43972.78823388962
43972.78823388962
43972.78823388962
43972.78823388962
43972.78823388962
43972.78823388962
43972.78823388962
43972.78823388962
43972.78823388962
43972.78823388962
43972.78823388962
43972.78823388962
43972.78823388962
43972.78823388962
43972.78823388962
43972.78823388962
43972.78823388962
43972.78823388962
43972.78823388962
43972.78823388962
43972.78823388962
43972.78823388962
43972.78823388962
43972.78823388962
43972.78823388962
43972.78823388962
43972.78823388962
43972.78823388962
43972.78823388962
43972.78823388962
43972.78823388962
43972.78823388962
43972.78823388962
43972.78823388962
43972.78823388962
43972.78823388962
43972.78823388962
43972.78823388962
43972.78823388962
43972.78823388962
43972.78823388962
43972.78823388962
43972.78823388962
43972.78823388962
43972.78823388962
43972.78823388962
43972.78823388962
43802.31501437366
43802.31501437366
43802.31501437366
43802.31501437366
43802.31501437366
43802.31501437366
43802.31501437366
43802.31501437366
43802.31501437366
43802.31501437366
43802.31501437366
43802.31501437366
43802.31501437366
43802.31501437366
43802.31501437366
43802.31501437366
43802.31501437366
43802.31501437366
43802.31501437366
43802.31501437366
43802.31501437366
43802.31501437366
43802.31501437366
43802.31501437366
43802.31501437366
43802.31501437366
43802.31501437366
43802.31501437366
43802.31501437366
43802.31501437366
43802.31501437366
43802.31501437366
43802.31501437366
43393.62264883055
43393.62264883055
43393.62264883055
43393.62264883055
43393.62264883055
43393.62264883055
43393.62264883055
43393.62264883055
43393.62264883055
43393.62264883055
43393.62264883055
43393.62264883055
43393.62264883055
43393.62264883055
43393.62264883055
43393.62264883055
43393.62264883055
43393.62264883055
43393.62264883055
43393.62264883055
43393.62264883055
43393.62264883055
43393.62264883055
43393.62264883055
43393.62264883055
43334.051006545706
43334.051006545706
43334.051006545706
43334.051006545706
43334.051006545706
43077.20200275055
43077.20200275055
43077.20200275055
43077.20200275055
43077.20200275055
43077.20200275055
43077.20200275055
43077.20200275055
43077.20200275055
43077.20200275055
43077.20200275055
42932.54882816241
42932.54882816241
42932.54882816241
42932.54882816241
42932.54882816241
42932.54882816241
42932.54882816241
42932.54882816241
42932.54882816241
42932.54882816241
42932.54882816241
42932.54882816241
42932.54882816241
42932.54882816241
42932.54882816241
42932.54882816241
42932.54882816241
42932.54882816241
42932.54882816241
42932.54882816241
42932.54882816241
42932.54882816241
42932.54882816241
42932.54882816241
42932.54882816241
42932.54882816241
42932.54882816241
42932.54882816241
42932.54882816241
42932.54882816241
42932.54882816241
42932.54882816241
42932.54882816241
42932.54882816241
42932.54882816241
42932.54882816241
42932.54882816241
42932.54882816241
42932.54882816241
42932.54882816241
42932.54882816241
42932.54882816241
42932.54882816241
42932.54882816241
42932.54882816241
42932.54882816241
42932.54882816241
42932.54882816241
42932.54882816241
42932.54882816241
42932.54882816241
42932.54882816241
42932.54882816241
42932.54882816241
42932.54882816241
42932.54882816241
42932.54882816241
42932.54882816241
42932.54882816241
42932.54882816241
42932.54882816241
42932.54882816241
42932.54882816241
42932.54882816241
42773.76972969275
42773.76972969275
42773.76972969275
42773.76972969275
42773.76972969275
42773.76972969275
42773.76972969275
42773.76972969275
42773.76972969275
42567.436438436904
42567.436438436904
42567.436438436904
42567.436438436904
42567.436438436904
42567.436438436904
42567.436438436904
42567.436438436904
42567.436438436904
42567.436438436904
42567.436438436904
42567.436438436904
42567.436438436904
42567.436438436904
42567.436438436904
42567.436438436904
42567.436438436904
42567.436438436904
42567.436438436904
42567.436438436904
42567.436438436904
42567.436438436904
42567.436438436904
42567.436438436904
42567.436438436904
42567.436438436904
42567.436438436904
42567.436438436904
42567.436438436904
42567.436438436904
42567.436438436904
42567.436438436904
42567.436438436904
42567.436438436904
42567.436438436904
42567.436438436904
42205.55799519498
42205.55799519498
42205.55799519498
42205.55799519498
42205.55799519498
42205.55799519498
42205.55799519498
42205.55799519498
42205.55799519498
42205.55799519498
42205.55799519498
42205.55799519498
42205.55799519498
42205.55799519498
42205.55799519498
42205.55799519498
42205.55799519498
42205.55799519498
42205.55799519498
42205.55799519498
42205.55799519498
42205.55799519498
42205.55799519498
42205.55799519498
42205.55799519498
42205.55799519498
42205.55799519498
42205.55799519498
42205.55799519498
42205.55799519498
42205.55799519498
42205.55799519498
42205.55799519498
42205.55799519498
42205.55799519498
42039.321884102574
42039.321884102574
42039.321884102574
42039.321884102574
42039.321884102574
42039.321884102574
42039.321884102574
42039.321884102574
42039.321884102574
42039.321884102574
42039.321884102574
42039.321884102574
42039.321884102574
42039.321884102574
42039.321884102574
42039.321884102574
42039.321884102574
42020.19040302525
42020.19040302525
42020.19040302525
42020.19040302525
42020.19040302525
42020.19040302525
42020.19040302525
42020.19040302525
42020.19040302525
42020.19040302525
42020.19040302525
42020.19040302525
42020.19040302525
41787.02383392194
41787.02383392194
41787.02383392194
41787.02383392194
41787.02383392194
41787.02383392194
41787.02383392194
41787.02383392194
41787.02383392194
41787.02383392194
41787.02383392194
41787.02383392194
41787.02383392194
41787.02383392194
41787.02383392194
41787.02383392194
41787.02383392194
41787.02383392194
41787.02383392194
41787.02383392194
41787.02383392194
41787.02383392194
41787.02383392194
41787.02383392194
41787.02383392194
41787.02383392194
41787.02383392194
41787.02383392194
41787.02383392194
41787.02383392194
41787.02383392194
41787.02383392194
41787.02383392194
41787.02383392194
41787.02383392194
41787.02383392194
41787.02383392194
41787.02383392194
41787.02383392194
41787.02383392194
41787.02383392194
41787.02383392194
41787.02383392194
41787.02383392194
41787.02383392194
41787.02383392194
41787.02383392194
41787.02383392194
41787.02383392194
41787.02383392194
41787.02383392194
41787.02383392194
41787.02383392194
41787.02383392194
41787.02383392194
41787.02383392194
41787.02383392194
41787.02383392194
41787.02383392194
41787.02383392194
41787.02383392194
41787.02383392194
41787.02383392194
41787.02383392194
41787.02383392194
41787.02383392194
41787.02383392194
41787.02383392194
41787.02383392194
41787.02383392194
41787.02383392194
41787.02383392194
41787.02383392194
41627.92848739267
41627.92848739267
41627.92848739267
41627.92848739267
41627.92848739267
41627.92848739267
41627.92848739267
41627.92848739267
41627.92848739267
41627.92848739267
41627.92848739267
41627.92848739267
41627.92848739267
41627.92848739267
41627.92848739267
41627.92848739267
41627.92848739267
41627.92848739267
41627.92848739267
41627.92848739267
41627.92848739267
41627.92848739267
41627.92848739267
41627.92848739267
41627.92848739267
41627.92848739267
41627.92848739267
41627.92848739267
41627.92848739267
41627.92848739267
41627.92848739267
41627.92848739267
41627.92848739267
41627.92848739267
41627.92848739267
41627.92848739267
41627.92848739267
41627.92848739267
41627.92848739267
41627.92848739267
41627.92848739267
41627.92848739267
41627.92848739267
41627.92848739267
41627.92848739267
41627.92848739267
41627.92848739267
41627.92848739267
41627.92848739267
41627.92848739267
41627.92848739267
41627.92848739267
41627.92848739267
41627.92848739267
41627.92848739267
41627.92848739267
41627.92848739267
41627.92848739267
41627.92848739267
41627.92848739267
41627.92848739267
41627.92848739267
41627.92848739267
41627.92848739267
41627.92848739267
41627.92848739267
41627.92848739267
41627.92848739267
41627.92848739267
41627.92848739267
41627.92848739267
41627.92848739267
41627.92848739267
41627.92848739267
41627.92848739267
41627.92848739267
41627.92848739267
41627.92848739267
41627.92848739267
41627.92848739267
41627.92848739267
41627.92848739267
41627.92848739267
41627.92848739267
41627.92848739267
41627.92848739267
41627.92848739267
41627.92848739267
41627.92848739267
41627.92848739267
41627.92848739267
41627.92848739267
41627.92848739267
41627.92848739267
41627.92848739267
41627.92848739267
41627.92848739267
41627.92848739267
41627.92848739267
41627.92848739267
41627.92848739267
41627.92848739267
41216.441400030955
41216.441400030955
41216.441400030955
41216.441400030955
41216.441400030955
41216.441400030955
41216.441400030955
41216.441400030955
41216.441400030955
41216.441400030955
41216.441400030955
41216.441400030955
41216.441400030955
41216.441400030955
41216.441400030955
41216.441400030955
41216.441400030955
41216.441400030955
41216.441400030955
41216.441400030955
41216.441400030955
41216.441400030955
41216.441400030955
41216.441400030955
41216.441400030955
41216.441400030955
41216.441400030955
41216.441400030955
41216.441400030955
41216.441400030955
41216.441400030955
41216.441400030955
41216.441400030955
41216.441400030955
41216.441400030955
41216.441400030955
41216.441400030955
41216.441400030955
41216.441400030955
41216.441400030955
41216.441400030955
41216.441400030955
41216.441400030955
41216.441400030955
41216.441400030955
41216.441400030955
41216.441400030955
41216.441400030955
41216.441400030955
41216.441400030955
41216.441400030955
41216.441400030955
41216.441400030955
41216.441400030955
41216.441400030955
41216.441400030955
41216.441400030955
41216.441400030955
41216.441400030955
41216.441400030955
41216.441400030955
41216.441400030955
41216.441400030955
41216.441400030955
41216.441400030955
41216.441400030955
41216.441400030955
41216.441400030955
41216.441400030955
41216.441400030955
41216.441400030955
41216.441400030955
41216.441400030955
41216.441400030955
41216.441400030955
41216.441400030955
41216.441400030955
41216.441400030955
41216.441400030955
41216.441400030955
41216.441400030955
41216.441400030955
41216.441400030955
41216.441400030955
41216.441400030955
41216.441400030955
41216.441400030955
41216.441400030955
41216.441400030955
41216.441400030955
40986.26680757193
40986.26680757193
40986.26680757193
40986.26680757193
40986.26680757193
40986.26680757193
40986.26680757193
40986.26680757193
40986.26680757193
40986.26680757193
40986.26680757193
40986.26680757193
40986.26680757193
40986.26680757193
40986.26680757193
40986.26680757193
40986.26680757193
40986.26680757193
40986.26680757193
40986.26680757193
40986.26680757193
40986.26680757193
40986.26680757193
40986.26680757193
40986.26680757193
40986.26680757193
40986.26680757193
40986.26680757193
40986.26680757193
40986.26680757193
40986.26680757193
40986.26680757193
40986.26680757193
40986.26680757193
40986.26680757193
40986.26680757193
40986.26680757193
40986.26680757193
40986.26680757193
40986.26680757193
40986.26680757193
40986.26680757193
40986.26680757193
40986.26680757193
40986.26680757193
40986.26680757193
40986.26680757193
40986.26680757193
40986.26680757193
40986.26680757193
40986.26680757193
40986.26680757193
40986.26680757193
40986.26680757193
40986.26680757193
40986.26680757193
40986.26680757193
40986.26680757193
40986.26680757193
40986.26680757193
40986.26680757193
40986.26680757193
40986.26680757193
40986.26680757193
40986.26680757193
40986.26680757193
40986.26680757193
40986.26680757193
40986.26680757193
40986.26680757193
40986.26680757193
40986.26680757193
40986.26680757193
40986.26680757193
40986.26680757193
40986.26680757193
40986.26680757193
40986.26680757193
40986.26680757193
40986.26680757193
40986.26680757193
40884.78046320182
40884.78046320182
40884.78046320182
40884.78046320182
40884.78046320182
40884.78046320182
40884.78046320182
40884.78046320182
40884.78046320182
40884.78046320182
40884.78046320182
40500.3157227649
40500.3157227649
40500.3157227649
40500.3157227649
40500.3157227649
40500.3157227649
40500.3157227649
40500.3157227649
40500.3157227649
40500.3157227649
40500.3157227649
40500.3157227649
40500.3157227649
40500.3157227649
40500.3157227649
40500.3157227649
40500.3157227649
40500.3157227649
40500.3157227649
40500.3157227649
40500.3157227649
40500.3157227649
40500.3157227649
40500.3157227649
40500.3157227649
40500.3157227649
40500.3157227649
40500.3157227649
40500.3157227649
40500.3157227649
40500.3157227649
40500.3157227649
40500.3157227649
40500.3157227649
40500.3157227649
40500.3157227649
40500.3157227649
40500.3157227649
40500.3157227649
40500.3157227649
40500.3157227649
40500.3157227649
40500.3157227649
40500.3157227649
40500.3157227649
40500.3157227649
40500.3157227649
40500.3157227649
40500.3157227649
40500.3157227649
40500.3157227649
40500.3157227649
40500.3157227649
40500.3157227649
40500.3157227649
40500.3157227649
40500.3157227649
40500.3157227649
40500.3157227649
40500.3157227649
40500.3157227649
40500.3157227649
40500.3157227649
40500.3157227649
40500.3157227649
40500.3157227649
40500.3157227649
40500.3157227649
40500.3157227649
40500.3157227649
40500.3157227649
40500.3157227649
40500.3157227649
40500.3157227649
40500.3157227649
40500.3157227649
40400.11302055997
40400.11302055997
40400.11302055997
40400.11302055997
40400.11302055997
40400.11302055997
40400.11302055997
40400.11302055997
40400.11302055997
40400.11302055997
40400.11302055997
40400.11302055997
40400.11302055997
40400.11302055997
40400.11302055997
40400.11302055997
40400.11302055997
40400.11302055997
40400.11302055997
40400.11302055997
40400.11302055997
40400.11302055997
40400.11302055997
40400.11302055997
40400.11302055997
40400.11302055997
40400.11302055997
40400.11302055997
40400.11302055997
40400.11302055997
40400.11302055997
40400.11302055997
40400.11302055997
40400.11302055997
40400.11302055997
40400.11302055997
40400.11302055997
40389.10218979884
40389.10218979884
40389.10218979884
40389.10218979884
40389.10218979884
40389.10218979884
40389.10218979884
40389.10218979884
40389.10218979884
40389.10218979884
40389.10218979884
40389.10218979884
40389.10218979884
40389.10218979884
40389.10218979884
40389.10218979884
40389.10218979884
40389.10218979884
40389.10218979884
40389.10218979884
40389.10218979884
40176.39450894963
40176.39450894963
40176.39450894963
40176.39450894963
40176.39450894963
40176.39450894963
40176.39450894963
40176.39450894963
40176.39450894963
40176.39450894963
40176.39450894963
40176.39450894963
40176.39450894963
40176.39450894963
40176.39450894963
40176.39450894963
40176.39450894963
40176.39450894963
40176.39450894963
40176.39450894963
40176.39450894963
40176.39450894963
40176.39450894963
40176.39450894963
40176.39450894963
40176.39450894963
40176.39450894963
40176.39450894963
40176.39450894963
40176.39450894963
40176.39450894963
40176.39450894963
40176.39450894963
40176.39450894963
40176.39450894963
40176.39450894963
40176.39450894963
40176.39450894963
40176.39450894963
40176.39450894963
40176.39450894963
40176.39450894963
40176.39450894963
40176.39450894963
40176.39450894963
40176.39450894963
40176.39450894963
40176.39450894963
40176.39450894963
40176.39450894963
40176.39450894963
40176.39450894963
40176.39450894963
40176.39450894963
40176.39450894963
40176.39450894963
40176.39450894963
40176.39450894963
40176.39450894963
40176.39450894963
40176.39450894963
40176.39450894963
40176.39450894963
40176.39450894963
40176.39450894963
40176.39450894963
40176.39450894963
40176.39450894963
40176.39450894963
40176.39450894963
40176.39450894963
40176.39450894963
40176.39450894963
40176.39450894963
40176.39450894963
40176.39450894963
40176.39450894963
40176.39450894963
40176.39450894963
40176.39450894963
40176.39450894963
40176.39450894963
40176.39450894963
40176.39450894963
40176.39450894963
40176.39450894963
40176.39450894963
40176.39450894963
40176.39450894963
40176.39450894963
40049.98729318966
40049.98729318966
40049.98729318966
40049.98729318966
40049.98729318966
40049.98729318966
39965.841030180985
39965.841030180985
39965.841030180985
39965.841030180985
39965.841030180985
39965.841030180985
39965.841030180985
39965.841030180985
39965.841030180985
39965.841030180985
39965.841030180985
39965.841030180985
39965.841030180985
39965.841030180985
39965.841030180985
39965.841030180985
39965.841030180985
39965.841030180985
39965.841030180985
39965.841030180985
39965.841030180985
39965.841030180985
39965.841030180985
39965.841030180985
39965.841030180985
39965.841030180985
39965.841030180985
39965.841030180985
39965.841030180985
39965.841030180985
39965.841030180985
39965.841030180985
39965.841030180985
39965.841030180985
39965.841030180985
39965.841030180985
39965.841030180985
39965.841030180985
39965.841030180985
39965.841030180985
39965.841030180985
39965.841030180985
39965.841030180985
39965.841030180985
39965.841030180985
39965.841030180985
39965.841030180985
39965.841030180985
39965.841030180985
39965.841030180985
39965.841030180985
39965.841030180985
39965.841030180985
39965.841030180985
39965.841030180985
39965.841030180985
39965.841030180985
39965.841030180985
39965.841030180985
39965.841030180985
39965.841030180985
39965.841030180985
39965.841030180985
39965.841030180985
39965.841030180985
39965.841030180985
39965.841030180985
39965.841030180985
39965.841030180985
39965.841030180985
39965.841030180985
39965.841030180985
39965.841030180985
39965.841030180985
39965.841030180985
39965.841030180985
39965.841030180985
39965.841030180985
39965.841030180985
39965.841030180985
39965.841030180985
39965.841030180985
39965.841030180985
39965.841030180985
39965.841030180985
39965.841030180985
39965.841030180985
39965.841030180985
39965.841030180985
39965.841030180985
39965.841030180985
39965.841030180985
39965.841030180985
39965.841030180985
39965.841030180985
39965.841030180985
39965.841030180985
39965.841030180985
39965.841030180985
39965.841030180985
39965.841030180985
39965.841030180985
39965.841030180985
39965.841030180985
39965.841030180985
39965.841030180985
39965.841030180985
39965.841030180985
39965.841030180985
39965.841030180985
39965.841030180985
39965.841030180985
39965.841030180985
39965.841030180985
39965.841030180985
39965.841030180985
39965.841030180985
39965.841030180985
39965.841030180985
39965.841030180985
39965.841030180985
39965.841030180985
39965.841030180985
39965.841030180985
39965.841030180985
39965.841030180985
39965.841030180985
39965.841030180985
39965.841030180985
39965.841030180985
39953.00813630405
39953.00813630405
39953.00813630405
39953.00813630405
39953.00813630405
39953.00813630405
39953.00813630405
39953.00813630405
39953.00813630405
39953.00813630405
39953.00813630405
39953.00813630405
39953.00813630405
39953.00813630405
39953.00813630405
39953.00813630405
39953.00813630405
39953.00813630405
39953.00813630405
39953.00813630405
39953.00813630405
39953.00813630405
39953.00813630405
39953.00813630405
39953.00813630405
39953.00813630405
39953.00813630405
39953.00813630405
39953.00813630405
39953.00813630405
39953.00813630405
39953.00813630405
39953.00813630405
39953.00813630405
39953.00813630405
39953.00813630405
39953.00813630405
39904.48784420832
39904.48784420832
39904.48784420832
39495.91942673007
39495.91942673007
39495.91942673007
39495.91942673007
39495.91942673007
39495.91942673007
39495.91942673007
39495.91942673007
39495.91942673007
39495.91942673007
39495.91942673007
39495.91942673007
39495.91942673007
39495.91942673007
39495.91942673007
39495.91942673007
39495.91942673007
39495.91942673007
39495.91942673007
39425.47450894929
39425.47450894929
39425.47450894929
39425.47450894929
39425.47450894929
39425.47450894929
39425.47450894929
39425.47450894929
39425.47450894929
39425.47450894929
39425.47450894929
39425.47450894929
39425.47450894929
39425.47450894929
39425.47450894929
39425.47450894929
39425.47450894929
39425.47450894929
39425.47450894929
39425.47450894929
39425.47450894929
39425.47450894929
39425.47450894929
39425.47450894929
39425.47450894929
39425.47450894929
39425.47450894929
39425.47450894929
39425.47450894929
39425.47450894929
39425.47450894929
39425.47450894929
39425.47450894929
39425.47450894929
39425.47450894929
39425.47450894929
39425.47450894929
39425.47450894929
39425.47450894929
39425.47450894929
39425.47450894929
39425.47450894929
39425.47450894929
39425.47450894929
39425.47450894929
39425.47450894929
39425.47450894929
39425.47450894929
39425.47450894929
39425.47450894929
39425.47450894929
39425.47450894929
39425.47450894929
39425.47450894929
39425.47450894929
39425.47450894929
39425.47450894929
39425.47450894929
39425.47450894929
39425.47450894929
39425.47450894929
39425.47450894929
39425.47450894929
39425.47450894929
39425.47450894929
39425.47450894929
39425.47450894929
39425.47450894929
39425.47450894929
39425.47450894929
39425.47450894929
39425.47450894929
39425.47450894929
39425.47450894929
39425.47450894929
39425.47450894929
39425.47450894929
39425.47450894929
39425.47450894929
39425.47450894929
39425.47450894929
39425.47450894929
39425.47450894929
39425.47450894929
39425.47450894929
39425.47450894929
39425.47450894929
39425.47450894929
39425.47450894929
39425.47450894929
39425.47450894929
39425.47450894929
39425.47450894929
39425.47450894929
39425.47450894929
39425.47450894929
39425.47450894929
39425.47450894929
39425.47450894929
39425.47450894929
39425.47450894929
39425.47450894929
39425.47450894929
39425.47450894929
39425.47450894929
39425.47450894929
39425.47450894929
39425.47450894929
39425.47450894929
39425.47450894929
39425.47450894929
39425.47450894929
39425.47450894929
39326.24059061724
39326.24059061724
39326.24059061724
39326.24059061724
39326.24059061724
39326.24059061724
39326.24059061724
39326.24059061724
39326.24059061724
39326.24059061724
39326.24059061724
39326.24059061724
39326.24059061724
39326.24059061724
39269.262040069116
39269.262040069116
39269.262040069116
39269.262040069116
39269.262040069116
39269.262040069116
39269.262040069116
39269.262040069116
39269.262040069116
39269.262040069116
39269.262040069116
39269.262040069116
39269.262040069116
39031.21118367314
39031.21118367314
39031.21118367314
39031.21118367314
39031.21118367314
39031.21118367314
39031.21118367314
39031.21118367314
39031.21118367314
39031.21118367314
39031.21118367314
39031.21118367314
39031.21118367314
39031.21118367314
39031.21118367314
39031.21118367314
39031.21118367314
39031.21118367314
39031.21118367314
39031.21118367314
39031.21118367314
39031.21118367314
39031.21118367314
39031.21118367314
39031.21118367314
39031.21118367314
39031.21118367314
39031.21118367314
39031.21118367314
39031.21118367314
39031.21118367314
39031.21118367314
39031.21118367314
39031.21118367314
38688.09997702728
38688.09997702728
38688.09997702728
38688.09997702728
38688.09997702728
38688.09997702728
38688.09997702728
38688.09997702728
38688.09997702728
38688.09997702728
38688.09997702728
38688.09997702728
38688.09997702728
38688.09997702728
38688.09997702728
38688.09997702728
38688.09997702728
38688.09997702728
38688.09997702728
38688.09997702728
38688.09997702728
38688.09997702728
38688.09997702728
38688.09997702728
38688.09997702728
38688.09997702728
38688.09997702728
38688.09997702728
38688.09997702728
38688.09997702728
38688.09997702728
38688.09997702728
38688.09997702728
38688.09997702728
38688.09997702728
38688.09997702728
38688.09997702728
38688.09997702728
38657.09203516016
38657.09203516016
38657.09203516016
38657.09203516016
38657.09203516016
38657.09203516016
38657.09203516016
38657.09203516016
38657.09203516016
38657.09203516016
38657.09203516016
38657.09203516016
38657.09203516016
38657.09203516016
38657.09203516016
38657.09203516016
38657.09203516016
38657.09203516016
38657.09203516016
38657.09203516016
38657.09203516016
38657.09203516016
38657.09203516016
38657.09203516016
38657.09203516016
38657.09203516016
38657.09203516016
38657.09203516016
38657.09203516016
38657.09203516016
38657.09203516016
38657.09203516016
38657.09203516016
38657.09203516016
38657.09203516016
38657.09203516016
38657.09203516016
38386.88124134712
38386.88124134712
38386.88124134712
38386.88124134712
38386.88124134712
38386.88124134712
38386.88124134712
38386.88124134712
38386.88124134712
38386.88124134712
38386.88124134712
38386.88124134712
38386.88124134712
38386.88124134712
38386.88124134712
38386.88124134712
38386.88124134712
38386.88124134712
38386.88124134712
38386.88124134712
38386.88124134712
38386.88124134712
38386.88124134712
38386.88124134712
38386.88124134712
38386.88124134712
38386.88124134712
38386.88124134712
38386.88124134712
38386.88124134712
38386.88124134712
38386.88124134712
38386.88124134712
38386.88124134712
38386.88124134712
38386.88124134712
38386.88124134712
38386.88124134712
38386.88124134712
38386.88124134712
38386.88124134712
38386.88124134712
38386.88124134712
38386.88124134712
38386.88124134712
38386.88124134712
38386.88124134712
38386.88124134712
38386.88124134712
38386.88124134712
38386.88124134712
38386.88124134712
38386.88124134712
38374.685181619214
38374.685181619214
38374.685181619214
38374.685181619214
38374.685181619214
38374.685181619214
38374.685181619214
38083.417219223775
38083.417219223775
38083.417219223775
38083.417219223775
38083.417219223775
38083.417219223775
38083.417219223775
37741.45582576452
37741.45582576452
37741.45582576452
37741.45582576452
37741.45582576452
37741.45582576452
37741.45582576452
37741.45582576452
37741.45582576452
37741.45582576452
37741.45582576452
37741.45582576452
37741.45582576452
37741.45582576452
37741.45582576452
37741.45582576452
37741.45582576452
37741.45582576452
37741.45582576452
37741.45582576452
37741.45582576452
37741.45582576452
37741.45582576452
37741.45582576452
37741.45582576452
37741.45582576452
37741.45582576452
37741.45582576452
37741.45582576452
37741.45582576452
37741.45582576452
37741.45582576452
37741.45582576452
37741.45582576452
37741.45582576452
37741.45582576452
37741.45582576452
37741.45582576452
37741.45582576452
37741.45582576452
37741.45582576452
37741.45582576452
37741.45582576452
37741.45582576452
37741.45582576452
37741.45582576452
37741.45582576452
37741.45582576452
37741.45582576452
37741.45582576452
37741.45582576452
37741.45582576452
37741.45582576452
37741.45582576452
37741.45582576452
37741.45582576452
37741.45582576452
37741.45582576452
37741.45582576452
37741.45582576452
37741.45582576452
37741.45582576452
37741.45582576452
37741.45582576452
37741.45582576452
37741.45582576452
37741.45582576452
37741.45582576452
37741.45582576452
37741.45582576452
37741.45582576452
37741.45582576452
37741.45582576452
37741.45582576452
37741.45582576452
37741.45582576452
37741.45582576452
37741.45582576452
37741.45582576452
37741.45582576452
37741.45582576452
37741.45582576452
37741.45582576452
37741.45582576452
37741.45582576452
37741.45582576452
37741.45582576452
37741.45582576452
37741.45582576452
37741.45582576452
37741.45582576452
37741.45582576452
37741.45582576452
37741.45582576452
37741.45582576452
37741.45582576452
37741.45582576452
37741.45582576452
37741.45582576452
37741.45582576452
37741.45582576452
37741.45582576452
37741.45582576452
37741.45582576452
37741.45582576452
37741.45582576452
37741.45582576452
37741.45582576452
37741.45582576452
37741.45582576452
37741.45582576452
37741.45582576452
37741.45582576452
37741.45582576452
37741.45582576452
37741.45582576452
37741.45582576452
37741.45582576452
37741.45582576452
37741.45582576452
37741.45582576452
37741.45582576452
37741.45582576452
37741.45582576452
37741.45582576452
37741.45582576452
37741.45582576452
37741.45582576452
37741.45582576452
37741.45582576452
37741.45582576452
37741.45582576452
37741.45582576452
37741.45582576452
37741.45582576452
37741.45582576452
37741.45582576452
37741.45582576452
37741.45582576452
37741.45582576452
37741.45582576452
37741.45582576452
37741.45582576452
37741.45582576452
37741.45582576452
37741.45582576452
37741.45582576452
37741.45582576452
37741.45582576452
37741.45582576452
37741.45582576452
37741.45582576452
37741.45582576452
37741.45582576452
37741.45582576452
37741.45582576452
37741.45582576452
37741.45582576452
37741.45582576452
37741.45582576452
37741.45582576452
37741.45582576452
37741.45582576452
37741.45582576452
37741.45582576452
37741.45582576452
37741.45582576452
37741.45582576452
37741.45582576452
37741.45582576452
37741.45582576452
37741.45582576452
37741.45582576452
37741.45582576452
37741.45582576452
37741.45582576452
37741.45582576452
37741.45582576452
37741.45582576452
37741.45582576452
37741.45582576452
37741.45582576452
37741.45582576452
37741.45582576452
37741.45582576452
37741.45582576452
37741.45582576452
37741.45582576452
37741.45582576452
37741.45582576452
37741.45582576452
37741.45582576452
37741.45582576452
37741.45582576452
37741.45582576452
37728.32969576269
37728.32969576269
37728.32969576269
37728.32969576269
37728.32969576269
37728.32969576269
37728.32969576269
37728.32969576269
37728.32969576269
37728.32969576269
37728.32969576269
37728.32969576269
37728.32969576269
37728.32969576269
37728.32969576269
37728.32969576269
37728.32969576269
37728.32969576269
37728.32969576269
37728.32969576269
37728.32969576269
37728.32969576269
37728.32969576269
37728.32969576269
37728.32969576269
37728.32969576269
37728.32969576269
37728.32969576269
37728.32969576269
37728.32969576269
37728.32969576269
37699.02361468718
37699.02361468718
37699.02361468718
37699.02361468718
37699.02361468718
37699.02361468718
37699.02361468718
37699.02361468718
37699.02361468718
37699.02361468718
37699.02361468718
37602.5314084409
37602.5314084409
37602.5314084409
37602.5314084409
37602.5314084409
37602.5314084409
37602.5314084409
37602.5314084409
37579.67672435737
37579.67672435737
37579.67672435737
37579.67672435737
37579.67672435737
37579.67672435737
37579.67672435737
37579.67672435737
37579.67672435737
37579.67672435737
37579.67672435737
37579.67672435737
37579.67672435737
37579.67672435737
37579.67672435737
37579.67672435737
37579.67672435737
37579.67672435737
37579.67672435737
37579.67672435737
37579.67672435737
37579.67672435737
37579.67672435737
37579.67672435737
37579.67672435737
37579.67672435737
37579.67672435737
37579.67672435737
37579.67672435737
37579.67672435737
37579.67672435737
37579.67672435737
37579.67672435737
37579.67672435737
37579.67672435737
37579.67672435737
37579.67672435737
37579.67672435737
37579.67672435737
37579.67672435737
37579.67672435737
37579.67672435737
37579.67672435737
37579.67672435737
37579.67672435737
37579.67672435737
37579.67672435737
37579.67672435737
37579.67672435737
37579.67672435737
37579.67672435737
37579.67672435737
37579.67672435737
37579.67672435737
37579.67672435737
37579.67672435737
37579.67672435737
37579.67672435737
37579.67672435737
37579.67672435737
37579.67672435737
37579.67672435737
37579.67672435737
37579.67672435737
37579.67672435737
37579.67672435737
37280.406890396705
37280.406890396705
37280.406890396705
37280.406890396705
37280.406890396705
37280.406890396705
37280.406890396705
37280.406890396705
37280.406890396705
37280.406890396705
37280.406890396705
37280.406890396705
37280.406890396705
37280.406890396705
37280.406890396705
37280.406890396705
37280.406890396705
37280.406890396705
37280.406890396705
37280.406890396705
37280.406890396705
37280.406890396705
37280.406890396705
37280.406890396705
37280.406890396705
37280.406890396705
37280.406890396705
37280.406890396705
37280.406890396705
37280.406890396705
37280.406890396705
37280.406890396705
37280.406890396705
37280.406890396705
37245.28720164522
37245.28720164522
37245.28720164522
37245.28720164522
37245.28720164522
37245.28720164522
37245.28720164522
37245.28720164522
37245.28720164522
37245.28720164522
37245.28720164522
37245.28720164522
37245.28720164522
37245.28720164522
37245.28720164522
37245.28720164522
37245.28720164522
37245.28720164522
37245.28720164522
37245.28720164522
37245.28720164522
37245.28720164522
37245.28720164522
37245.28720164522
37245.28720164522
37245.28720164522
37245.28720164522
37245.28720164522
37245.28720164522
37245.28720164522
37245.28720164522
37245.28720164522
37245.28720164522
37245.28720164522
37245.28720164522
37245.28720164522
37245.28720164522
37245.28720164522
37245.28720164522
37245.28720164522
37245.28720164522
37245.28720164522
37245.28720164522
37245.28720164522
37245.28720164522
37245.28720164522
37245.28720164522
37245.28720164522
37245.28720164522
37245.28720164522
37245.28720164522
37245.28720164522
37245.28720164522
37245.28720164522
37245.28720164522
37245.28720164522
37245.28720164522
37245.28720164522
37245.28720164522
37245.28720164522
37245.28720164522
37245.28720164522
37245.28720164522
37245.28720164522
37245.28720164522
37245.28720164522
37245.28720164522
37245.28720164522
37245.28720164522
37245.28720164522
37245.28720164522
37245.28720164522
37245.28720164522
37245.28720164522
37245.28720164522
37245.28720164522
37245.28720164522
37245.28720164522
37245.28720164522
37245.28720164522
37245.28720164522
37245.28720164522
37245.28720164522
37245.28720164522
37245.28720164522
37245.28720164522
37245.28720164522
37245.28720164522
37245.28720164522
37245.28720164522
37245.28720164522
37245.28720164522
37245.28720164522
37245.28720164522
37245.28720164522
37245.28720164522
37245.28720164522
37245.28720164522
37245.28720164522
37245.28720164522
37245.28720164522
37245.28720164522
37245.28720164522
37245.28720164522
37245.28720164522
37245.28720164522
37175.87607313818
37175.87607313818
37175.87607313818
37175.87607313818
37175.87607313818
37175.87607313818
37175.87607313818
37175.87607313818
37175.87607313818
37175.87607313818
37018.281127519134
37018.281127519134
37018.281127519134
37018.281127519134
37018.281127519134
37018.281127519134
37018.281127519134
37018.281127519134
37018.281127519134
37018.281127519134
37018.281127519134
37018.281127519134
37018.281127519134
37018.281127519134
37018.281127519134
37018.281127519134
37018.281127519134
37018.281127519134
37018.281127519134
37018.281127519134
37018.281127519134
37018.281127519134
37018.281127519134
37018.281127519134
37018.281127519134
37018.281127519134
37018.281127519134
37018.281127519134
37018.281127519134
37018.281127519134
37018.281127519134
37018.281127519134
37018.281127519134
37018.281127519134
37018.281127519134
37018.281127519134
37018.281127519134
37018.281127519134
37018.281127519134
37018.281127519134
37018.281127519134
37018.281127519134
37018.281127519134
37018.281127519134
37018.281127519134
37018.281127519134
37018.281127519134
37018.281127519134
37018.281127519134
37018.281127519134
37018.281127519134
37018.281127519134
37018.281127519134
36563.80216976143
36563.80216976143
36563.80216976143
36563.80216976143
36563.80216976143
36563.80216976143
36563.80216976143
36563.80216976143
36563.80216976143
36563.80216976143
36563.80216976143
36563.80216976143
36563.80216976143
36563.80216976143
36563.80216976143
36563.80216976143
36563.80216976143
36563.80216976143
36563.80216976143
36563.80216976143
36563.80216976143
36563.80216976143
36563.80216976143
36563.80216976143
36563.80216976143
36563.80216976143
36563.80216976143
36563.80216976143
36563.80216976143
36563.80216976143
36563.80216976143
36563.80216976143
36563.80216976143
36563.80216976143
36563.80216976143
36563.80216976143
36563.80216976143
36563.80216976143
36563.80216976143
36563.80216976143
36563.80216976143
36563.80216976143
36563.80216976143
36563.80216976143
36563.80216976143
36563.80216976143
36563.80216976143
36563.80216976143
36563.80216976143
36563.80216976143
36563.80216976143
36563.80216976143
36563.80216976143
36563.80216976143
36563.80216976143
36563.80216976143
36563.80216976143
36563.80216976143
36563.80216976143
36563.80216976143
36563.80216976143
36563.80216976143
36563.80216976143
36563.80216976143
36563.80216976143
36563.80216976143
36563.80216976143
36563.80216976143
36563.80216976143
36563.80216976143
36563.80216976143
36563.80216976143
36563.80216976143
36563.80216976143
36563.80216976143
36563.80216976143
36563.80216976143
36563.80216976143
36563.80216976143
36563.80216976143
36563.80216976143
36563.80216976143
36563.80216976143
36563.80216976143
36563.80216976143
36563.80216976143
36563.80216976143
36563.80216976143
36563.80216976143
36563.80216976143
36563.80216976143
36563.80216976143
36563.80216976143
36563.80216976143
36563.80216976143
36563.80216976143
36563.80216976143
36563.80216976143
36563.80216976143
36563.80216976143
36563.80216976143
36563.80216976143
36563.80216976143
36563.80216976143
36547.92621034598
36547.92621034598
36547.92621034598
36547.92621034598
36547.92621034598
36547.92621034598
36547.92621034598
36547.92621034598
36547.92621034598
36547.92621034598
36547.92621034598
36547.92621034598
36547.92621034598
36547.92621034598
36547.92621034598
36547.92621034598
36547.92621034598
36547.92621034598
36547.92621034598
36547.92621034598
36547.92621034598
36547.92621034598
36547.92621034598
36547.92621034598
36547.92621034598
36547.92621034598
36547.92621034598
36547.92621034598
36547.92621034598
36547.92621034598
36547.92621034598
36547.92621034598
36547.92621034598
36547.92621034598
36547.92621034598
36547.92621034598
36547.92621034598
36547.92621034598
36547.92621034598
36547.92621034598
36547.92621034598
36547.92621034598
36547.92621034598
35997.45133519782
35997.45133519782
35997.45133519782
35997.45133519782
35997.45133519782
35997.45133519782
35997.45133519782
35997.45133519782
35997.45133519782
35997.45133519782
35997.45133519782
35997.45133519782
35997.45133519782
35997.45133519782
35997.45133519782
35997.45133519782
35997.45133519782
35997.45133519782
35997.45133519782
35997.45133519782
35997.45133519782
35997.45133519782
35997.45133519782
35997.45133519782
35997.45133519782
35997.45133519782
35997.45133519782
35997.45133519782
35997.45133519782
35997.45133519782
35997.45133519782
35997.45133519782
35997.45133519782
35997.45133519782
35997.45133519782
35997.45133519782
35997.45133519782
35997.45133519782
35997.45133519782
35997.45133519782
35997.45133519782
35997.45133519782
35997.45133519782
35997.45133519782
35997.45133519782
35997.45133519782
35997.45133519782
35997.45133519782
35997.45133519782
35997.45133519782
35997.45133519782
35997.45133519782
35997.45133519782
35997.45133519782
35997.45133519782
35997.45133519782
35997.45133519782
35997.45133519782
35997.45133519782
35997.45133519782
35997.45133519782
35997.45133519782
35997.45133519782
35997.45133519782
35997.45133519782
35997.45133519782
35997.45133519782
35997.45133519782
35997.45133519782
35997.45133519782
35997.45133519782
35997.45133519782
35997.45133519782
35997.45133519782
35997.45133519782
35997.45133519782
35997.45133519782
35997.45133519782
35997.45133519782
35997.45133519782
35997.45133519782
35997.45133519782
35997.45133519782
35997.45133519782
35997.45133519782
35997.45133519782
35997.45133519782
35997.45133519782
35997.45133519782
35997.45133519782
35997.45133519782
35997.45133519782
35997.45133519782
35997.45133519782
35997.45133519782
35997.45133519782
35997.45133519782
35997.45133519782
35997.45133519782
35997.45133519782
35997.45133519782
35997.45133519782
35997.45133519782
35997.45133519782
35997.45133519782
35997.45133519782
35997.45133519782
35997.45133519782
35997.45133519782
35997.45133519782
35997.45133519782
35997.45133519782
35997.45133519782
35997.45133519782
35997.45133519782
35997.45133519782
35997.45133519782
35953.3622459327
35953.3622459327
35953.3622459327
35953.3622459327
35953.3622459327
35953.3622459327
35953.3622459327
35953.3622459327
35953.3622459327
35953.3622459327
35953.3622459327
35953.3622459327
35953.3622459327
35953.3622459327
35953.3622459327
35953.3622459327
35953.3622459327
35953.3622459327
35953.3622459327
35953.3622459327
35953.3622459327
35953.3622459327
35953.3622459327
35953.3622459327
35953.3622459327
35953.3622459327
35953.3622459327
35953.3622459327
35953.3622459327
35953.3622459327
35953.3622459327
35953.3622459327
35953.3622459327
35953.3622459327
35953.3622459327
35953.3622459327
35953.3622459327
35953.3622459327
35953.3622459327
35953.3622459327
35953.3622459327
35953.3622459327
35953.3622459327
35953.3622459327
35953.3622459327
35953.3622459327
35953.3622459327
35953.3622459327
35953.3622459327
35953.3622459327
35953.3622459327
35953.3622459327
35953.3622459327
35953.3622459327
35953.3622459327
35953.3622459327
35953.3622459327
35953.3622459327
35953.3622459327
35953.3622459327
35953.3622459327
35953.3622459327
35953.3622459327
35953.3622459327
35953.3622459327
35953.3622459327
35953.3622459327
35953.3622459327
35953.3622459327
35953.3622459327
35953.3622459327
35953.3622459327
35953.3622459327
35953.3622459327
35953.3622459327
35953.3622459327
35953.3622459327
35953.3622459327
35953.3622459327
35953.3622459327
35953.3622459327
35953.3622459327
35953.3622459327
35953.3622459327
35953.3622459327
35953.3622459327
35953.3622459327
35953.3622459327
35953.3622459327
35953.3622459327
35953.3622459327
35953.3622459327
35953.3622459327
35953.3622459327
35953.3622459327
35953.3622459327
35953.3622459327
35953.3622459327
35953.3622459327
35953.3622459327
35953.3622459327
35953.3622459327
35953.3622459327
35953.3622459327
35953.3622459327
35953.3622459327
35953.3622459327
35953.3622459327
35953.3622459327
35953.3622459327
35953.3622459327
35953.3622459327
35953.3622459327
35953.3622459327
35953.3622459327
35953.3622459327
35953.3622459327
35953.3622459327
35953.3622459327
35953.3622459327
35953.3622459327
35953.3622459327
35953.3622459327
35953.3622459327
35953.3622459327
35953.3622459327
35953.3622459327
35953.3622459327
35953.3622459327
35953.3622459327
35877.29308847776
35865.90454342963
35865.90454342963
35812.05810630934
35812.05810630934
35812.05810630934
35812.05810630934
35812.05810630934
35812.05810630934
35812.05810630934
35812.05810630934
35812.05810630934
35812.05810630934
35812.05810630934
35812.05810630934
35812.05810630934
35812.05810630934
35812.05810630934
35812.05810630934
35812.05810630934
35812.05810630934
35812.05810630934
35812.05810630934
35812.05810630934
35812.05810630934
35812.05810630934
35812.05810630934
35812.05810630934
35812.05810630934
35812.05810630934
35812.05810630934
35812.05810630934
35812.05810630934
35812.05810630934
35812.05810630934
35812.05810630934
35812.05810630934
35812.05810630934
35812.05810630934
35812.05810630934
35674.900397890466
35674.900397890466
35674.900397890466
35674.900397890466
35674.900397890466
35674.900397890466
35674.900397890466
35674.900397890466
35674.900397890466
35674.900397890466
35674.900397890466
35674.900397890466
35674.900397890466
35674.900397890466
35674.900397890466
35674.900397890466
35674.900397890466
35674.900397890466
35674.900397890466
35674.900397890466
35674.900397890466
35674.900397890466
35674.900397890466
35674.900397890466
35674.900397890466
35674.900397890466
35674.900397890466
35674.900397890466
35674.900397890466
35674.900397890466
35674.900397890466
35674.900397890466
35674.900397890466
35674.900397890466
35674.900397890466
35674.900397890466
35674.900397890466
35674.900397890466
35674.900397890466
35674.900397890466
35674.900397890466
35674.900397890466
35674.900397890466
35674.900397890466
35674.900397890466
35674.900397890466
35674.900397890466
35674.900397890466
35674.900397890466
35674.900397890466
35674.900397890466
35674.900397890466
35674.900397890466
35674.900397890466
35674.900397890466
35674.900397890466
35674.900397890466
35674.900397890466
35674.900397890466
35674.900397890466
35674.900397890466
35674.900397890466
35674.900397890466
35674.900397890466
35674.900397890466
35674.900397890466
35674.900397890466
35674.900397890466
35674.900397890466
35674.900397890466
35674.900397890466
35674.900397890466
35674.900397890466
35674.900397890466
35674.900397890466
35674.900397890466
35674.900397890466
35674.900397890466
35674.900397890466
35674.900397890466
35674.900397890466
35670.10369128205
35670.10369128205
35657.45905747145
35657.45905747145
35657.45905747145
35657.45905747145
35657.45905747145
35657.45905747145
35657.45905747145
35657.45905747145
35657.45905747145
35657.45905747145
35657.45905747145
35657.45905747145
35657.45905747145
35657.45905747145
35657.45905747145
35657.45905747145
35657.45905747145
35657.45905747145
35657.45905747145
35657.45905747145
35657.45905747145
35657.45905747145
35657.45905747145
35657.45905747145
35657.45905747145
35657.45905747145
35657.45905747145
35657.45905747145
35657.45905747145
35657.45905747145
35657.45905747145
35657.45905747145
35657.45905747145
35657.45905747145
35657.45905747145
35657.45905747145
35657.45905747145
35657.45905747145
35657.45905747145
35657.45905747145
35657.45905747145
35657.45905747145
35657.45905747145
35657.45905747145
35657.45905747145
35657.45905747145
35657.45905747145
35657.45905747145
35657.45905747145
35657.45905747145
35657.45905747145
35657.45905747145
35657.45905747145
35657.45905747145
35629.556915101726
35629.556915101726
35629.556915101726
35629.556915101726
35629.556915101726
35629.556915101726
35629.556915101726
35629.556915101726
35629.556915101726
35629.556915101726
35629.556915101726
35629.556915101726
35629.556915101726
35629.556915101726
35629.556915101726
35603.61262035117
35560.64236574965
35560.64236574965
35560.64236574965
35560.64236574965
35560.64236574965
35560.64236574965
35560.64236574965
35560.64236574965
35560.64236574965
35560.64236574965
35560.64236574965
35560.64236574965
35560.64236574965
35560.64236574965
35560.64236574965
35560.64236574965
35560.64236574965
35429.217523856954
35429.217523856954
35429.217523856954
35429.217523856954
35429.217523856954
35429.217523856954
35429.217523856954
35429.217523856954
35429.217523856954
35429.217523856954
35429.217523856954
35429.217523856954
35429.217523856954
35429.217523856954
35429.217523856954
35429.217523856954
35429.217523856954
35429.217523856954
35429.217523856954
35429.217523856954
35429.217523856954
35429.217523856954
35429.217523856954
35429.217523856954
35429.217523856954
35429.217523856954
35429.217523856954
35429.217523856954
35429.217523856954
35429.217523856954
35429.217523856954
35429.217523856954
35429.217523856954
35429.217523856954
35429.217523856954
35429.217523856954
35429.217523856954
35429.217523856954
35308.51757922281
35308.51757922281
35308.51757922281
35308.51757922281
35308.51757922281
35308.51757922281
35308.51757922281
35308.51757922281
35308.51757922281
35308.51757922281
35308.51757922281
35308.51757922281
35308.51757922281
35276.38983053919
35276.38983053919
35276.38983053919
35276.38983053919
35276.38983053919
35276.38983053919
35276.38983053919
35276.38983053919
35276.38983053919
35276.38983053919
35276.38983053919
35276.38983053919
35276.38983053919
35276.38983053919
35276.38983053919
35276.38983053919
35276.38983053919
35276.38983053919
35276.38983053919
35276.38983053919
35276.38983053919
35276.38983053919
35276.38983053919
35276.38983053919
35276.38983053919
35276.38983053919
35276.38983053919
35276.38983053919
35276.38983053919
35276.38983053919
35276.38983053919
35276.38983053919
35276.38983053919
35276.38983053919
35276.38983053919
35276.38983053919
35276.38983053919
35276.38983053919
35276.38983053919
35276.38983053919
35276.38983053919
35276.38983053919
35276.38983053919
35276.38983053919
35276.38983053919
35276.38983053919
35276.38983053919
35276.38983053919
35276.38983053919
35276.38983053919
35276.38983053919
35254.67114210253
35254.67114210253
35254.67114210253
35254.67114210253
35254.67114210253
35254.67114210253
35197.976939983906
35197.976939983906
35197.976939983906
35197.976939983906
35197.976939983906
35197.976939983906
35197.976939983906
35197.976939983906
35197.976939983906
35197.976939983906
35197.976939983906
35197.976939983906
35197.976939983906
35197.976939983906
35197.976939983906
35197.976939983906
35197.976939983906
35197.976939983906
35197.976939983906
35197.976939983906
35197.976939983906
35197.976939983906
35197.976939983906
35197.976939983906
35197.976939983906
35197.976939983906
35197.976939983906
35197.976939983906
35197.976939983906
35197.976939983906
35197.976939983906
35197.976939983906
35197.976939983906
35197.976939983906
35197.976939983906
35197.976939983906
35197.976939983906
35197.976939983906
35197.976939983906
35197.976939983906
35197.976939983906
35197.976939983906
35197.976939983906
35197.976939983906
35197.976939983906
35197.976939983906
35197.976939983906
35197.976939983906
35197.976939983906
35197.976939983906
35197.976939983906
35197.976939983906
35197.976939983906
35197.976939983906
35197.976939983906
35197.976939983906
35197.976939983906
35197.976939983906
35197.976939983906
35197.976939983906
35197.976939983906
35197.976939983906
35197.976939983906
35197.976939983906
35112.05060117554
35112.05060117554
35112.05060117554
35112.05060117554
35112.05060117554
35112.05060117554
35058.20416405527
35058.20416405527
35058.20416405527
35058.20416405527
35058.20416405527
35058.20416405527
35058.20416405527
35058.20416405527
35058.20416405527
35058.20416405527
35058.20416405527
35058.20416405527
35058.20416405527
35058.20416405527
35058.20416405527
35058.20416405527
35058.20416405527
35058.20416405527
35058.20416405527
35058.20416405527
35058.20416405527
35058.20416405527
35058.20416405527
35058.20416405527
35058.20416405527
35058.20416405527
35058.20416405527
35058.20416405527
35058.20416405527
35058.20416405527
35058.20416405527
35058.20416405527
35058.20416405527
35058.20416405527
35058.20416405527
35058.20416405527
35058.20416405527
35058.20416405527
35058.20416405527
35058.20416405527
35058.20416405527
35058.20416405527
35058.20416405527
35058.20416405527
35058.20416405527
35058.20416405527
35058.20416405527
35058.20416405527
35058.20416405527
35058.20416405527
35058.20416405527
35058.20416405527
35058.20416405527
34746.30686127456
34746.30686127456
34746.30686127456
34746.30686127456
34746.30686127456
34746.30686127456
34746.30686127456
34746.30686127456
34746.30686127456
34746.30686127456
34746.30686127456
34746.30686127456
34746.30686127456
34746.30686127456
34746.30686127456
34746.30686127456
34746.30686127456
34746.30686127456
34746.30686127456
34746.30686127456
34746.30686127456
34746.30686127456
34746.30686127456
34746.30686127456
34746.30686127456
34746.30686127456
34746.30686127456
34746.30686127456
34746.30686127456
34746.30686127456
34746.30686127456
34746.30686127456
34746.30686127456
34746.30686127456
34746.30686127456
34746.30686127456
34746.30686127456
34746.30686127456
34746.30686127456
34746.30686127456
34746.30686127456
34746.30686127456
34746.30686127456
34746.30686127456
34746.30686127456
34746.30686127456
34746.30686127456
34746.30686127456
34746.30686127456
34746.30686127456
34746.30686127456
34746.30686127456
34746.30686127456
34746.30686127456
34746.30686127456
34746.30686127456
34746.30686127456
34746.30686127456
34746.30686127456
34746.30686127456
34746.30686127456
34746.30686127456
34746.30686127456
34746.30686127456
34746.30686127456
34746.30686127456
34746.30686127456
34746.30686127456
34746.30686127456
34746.30686127456
34746.30686127456
34746.30686127456
34746.30686127456
34746.30686127456
34746.30686127456
34746.30686127456
34746.30686127456
34746.30686127456
34746.30686127456
34746.30686127456
34746.30686127456
34746.30686127456
34746.30686127456
34746.30686127456
34746.30686127456
34746.30686127456
34746.30686127456
34746.30686127456
34746.30686127456
34746.30686127456
34746.30686127456
34746.30686127456
34746.30686127456
34746.30686127456
34746.30686127456
34746.30686127456
34746.30686127456
34746.30686127456
34746.30686127456
34746.30686127456
34746.30686127456
34746.30686127456
34746.30686127456
34746.30686127456
34746.30686127456
34746.30686127456
34746.30686127456
34746.30686127456
34746.30686127456
34746.30686127456
34746.30686127456
34746.30686127456
34746.30686127456
34746.30686127456
34746.30686127456
34746.30686127456
34746.30686127456
34746.30686127456
34746.30686127456
34746.30686127456
34746.30686127456
34746.30686127456
34746.30686127456
34746.30686127456
34746.30686127456
34746.30686127456
34746.30686127456
34746.30686127456
34746.30686127456
34746.30686127456
34746.30686127456
34746.30686127456
34746.30686127456
34746.30686127456
34746.30686127456
34746.30686127456
34746.30686127456
34746.30686127456
34746.30686127456
34746.30686127456
34746.30686127456
34746.30686127456
34746.30686127456
34746.30686127456
34717.762391159835
34717.762391159835
34717.762391159835
34717.762391159835
34717.762391159835
34717.762391159835
34717.762391159835
34717.762391159835
34717.762391159835
34717.762391159835
34717.762391159835
34717.762391159835
34717.762391159835
34634.17946602005
34634.17946602005
34634.17946602005
34634.17946602005
34634.17946602005
34634.17946602005
34634.17946602005
34634.17946602005
34634.17946602005
34634.17946602005
34634.17946602005
34634.17946602005
34634.17946602005
34634.17946602005
34634.17946602005
34634.17946602005
34634.17946602005
34634.17946602005
34634.17946602005
34634.17946602005
34634.17946602005
34634.17946602005
34634.17946602005
34634.17946602005
34634.17946602005
34634.17946602005
34634.17946602005
34634.17946602005
34634.17946602005
34634.17946602005
34634.17946602005
34634.17946602005
34634.17946602005
34634.17946602005
34634.17946602005
34634.17946602005
34634.17946602005
34634.17946602005
34634.17946602005
34634.17946602005
34634.17946602005
34634.17946602005
34634.17946602005
34634.17946602005
34634.17946602005
34634.17946602005
34634.17946602005
34634.17946602005
34634.17946602005
34634.17946602005
34634.17946602005
34634.17946602005
34634.17946602005
34634.17946602005
34634.17946602005
34634.17946602005
34634.17946602005
34634.17946602005
34634.17946602005
34634.17946602005
34634.17946602005
34634.17946602005
34634.17946602005
34634.17946602005
34634.17946602005
34634.17946602005
34634.17946602005
34634.17946602005
34634.17946602005
34634.17946602005
34634.17946602005
34634.17946602005
34634.17946602005
34563.07770190633
34509.231264786045
34509.231264786045
34509.231264786045
34509.231264786045
34509.231264786045
34509.231264786045
34509.231264786045
34509.231264786045
34509.231264786045
34509.231264786045
34509.231264786045
34509.231264786045
34509.231264786045
34509.231264786045
34509.231264786045
34509.231264786045
34509.231264786045
34509.231264786045
34509.231264786045
34509.231264786045
34509.231264786045
34509.231264786045
34509.231264786045
34509.231264786045
34509.231264786045
34509.231264786045
34509.231264786045
34509.231264786045
34509.231264786045
34509.231264786045
34509.231264786045
34509.231264786045
34509.231264786045
34509.231264786045
34509.231264786045
34509.231264786045
34509.231264786045
34509.231264786045
34509.231264786045
34509.231264786045
34509.231264786045
34509.231264786045
34509.231264786045
34509.231264786045
34509.231264786045
34509.231264786045
34509.231264786045
34509.231264786045
34421.59965298391
34421.59965298391
33918.088189680755
33918.088189680755
33918.088189680755
33918.088189680755
33918.088189680755
33918.088189680755
33918.088189680755
33918.088189680755
33918.088189680755
33918.088189680755
33918.088189680755
33918.088189680755
33918.088189680755
33918.088189680755
33918.088189680755
33918.088189680755
33918.088189680755
33918.088189680755
33918.088189680755
33918.088189680755
33918.088189680755
33918.088189680755
33918.088189680755
33918.088189680755
33918.088189680755
33918.088189680755
33918.088189680755
33918.088189680755
33918.088189680755
33918.088189680755
33918.088189680755
33918.088189680755
33918.088189680755
33918.088189680755
33918.088189680755
33918.088189680755
33918.088189680755
33918.088189680755
33918.088189680755
33918.088189680755
33918.088189680755
33918.088189680755
33918.088189680755
33918.088189680755
33918.088189680755
33918.088189680755
33918.088189680755
33918.088189680755
33918.088189680755
33918.088189680755
33918.088189680755
33918.088189680755
33918.088189680755
33918.088189680755
33918.088189680755
33918.088189680755
33918.088189680755
33918.088189680755
33918.088189680755
33918.088189680755
33918.088189680755
33918.088189680755
33918.088189680755
33918.088189680755
33918.088189680755
33918.088189680755
33918.088189680755
33918.088189680755
33918.088189680755
33918.088189680755
33918.088189680755
33918.088189680755
33918.088189680755
33918.088189680755
33918.088189680755
33918.088189680755
33918.088189680755
33918.088189680755
33918.088189680755
33918.088189680755
33918.088189680755
33918.088189680755
33918.088189680755
33918.088189680755
33918.088189680755
33918.088189680755
33918.088189680755
33918.088189680755
33918.088189680755
33918.088189680755
33918.088189680755
33918.088189680755
33918.088189680755
33918.088189680755
33918.088189680755
33918.088189680755
33918.088189680755
33918.088189680755
33918.088189680755
33918.088189680755
33918.088189680755
33918.088189680755
33918.088189680755
33918.088189680755
33918.088189680755
33918.088189680755
33918.088189680755
33918.088189680755
33918.088189680755
33918.088189680755
33918.088189680755
33918.088189680755
33918.088189680755
33918.088189680755
33918.088189680755
33918.088189680755
33918.088189680755
33918.088189680755
33918.088189680755
33918.088189680755
33918.088189680755
33918.088189680755
33918.088189680755
33918.088189680755
33918.088189680755
33918.088189680755
33918.088189680755
33918.088189680755
33918.088189680755
33918.088189680755
33918.088189680755
33918.088189680755
33918.088189680755
33918.088189680755
33918.088189680755
33918.088189680755
33918.088189680755
33918.088189680755
33918.088189680755
33918.088189680755
33918.088189680755
33918.088189680755
33918.088189680755
33918.088189680755
33918.088189680755
33918.088189680755
33918.088189680755
33918.088189680755
33918.088189680755
33918.088189680755
33918.088189680755
33918.088189680755
33918.088189680755
33918.088189680755
33918.088189680755
33918.088189680755
33918.088189680755
33918.088189680755
33918.088189680755
33918.088189680755
33918.088189680755
33918.088189680755
33918.088189680755
33918.088189680755
33918.088189680755
33918.088189680755
33918.088189680755
33918.088189680755
33918.088189680755
33918.088189680755
33918.088189680755
33918.088189680755
33918.088189680755
33918.088189680755
33918.088189680755
33918.088189680755
33918.088189680755
33918.088189680755
33918.088189680755
33918.088189680755
33918.088189680755
33918.088189680755
33918.088189680755
33918.088189680755
33918.088189680755
33918.088189680755
33918.088189680755
33918.088189680755
33918.088189680755
33918.088189680755
33918.088189680755
33918.088189680755
33918.088189680755
33918.088189680755
33918.088189680755
33918.088189680755
33918.088189680755
33918.088189680755
Time: 24.006954431533813 seconds 
Best solution: 33918.088189680755 [92, 93, 84, 86, 79, 77, 51, 40, 65, 80, 102, 16, 32, 90, 19, 33, 97, 24, 23, 57, 9, 95, 78, 4, 35, 53, 72, 15, 64, 88, 31, 82, 28, 52, 68, 54, 104, 100, 18, 74, 22, 26, 29, 63, 62, 50, 96, 71, 98, 94, 14, 8, 89, 1, 17, 58, 10, 46, 12, 70, 42, 37, 36, 83, 67, 69, 30, 75, 6, 103, 13, 47, 25, 101, 99, 7, 27, 45, 20, 2, 3, 5, 21, 87, 85, 49, 38, 59, 81, 34, 11, 56, 55, 48, 41, 43, 60, 61, 66, 39, 44, 105, 76, 73, 91]
Avg solution: 45806.50126694151