Alg:2, Run: 4, file: C:\Users\gabri\Documents\AN 3 SEM 2\AI\Lab\Lab3\\lin105.tsp, population number: 100, generations: 5000 
109030.19320623795
109030.19320623795
109030.19320623795
109030.19320623795
106343.4203453586
106343.4203453586
106343.4203453586
106343.4203453586
105391.2551422634
105391.2551422634
102193.96440299459
102193.96440299459
99992.99166184214
99992.99166184214
99992.99166184214
99992.99166184214
99713.27949809434
99713.27949809434
99713.27949809434
99713.27949809434
99713.27949809434
99713.27949809434
99144.63612237353
99144.63612237353
99144.63612237353
99144.63612237353
99144.63612237353
95334.10760059832
95334.10760059832
95334.10760059832
93555.53320084582
93555.53320084582
93555.53320084582
93555.53320084582
93555.53320084582
93555.53320084582
93555.53320084582
93555.53320084582
93555.53320084582
93555.53320084582
93555.53320084582
93555.53320084582
93555.53320084582
93555.53320084582
93136.59797112388
93136.59797112388
93136.59797112388
93136.59797112388
93136.59797112388
93136.59797112388
93136.59797112388
93136.59797112388
93136.59797112388
93136.59797112388
93136.59797112388
93136.59797112388
93136.59797112388
93136.59797112388
93136.59797112388
93136.59797112388
93136.59797112388
90922.52978134049
90922.52978134049
90922.52978134049
90922.52978134049
90922.52978134049
90922.52978134049
90922.52978134049
90922.52978134049
90922.52978134049
90922.52978134049
90922.52978134049
90922.52978134049
90922.52978134049
90922.52978134049
90630.72124321725
90630.72124321725
90630.72124321725
90630.72124321725
90630.72124321725
90630.72124321725
90630.72124321725
90630.72124321725
90630.72124321725
89836.35439699257
89836.35439699257
89836.35439699257
89836.35439699257
89836.35439699257
89518.2698552286
89518.2698552286
89518.2698552286
89395.38454037241
89395.38454037241
86844.58334741241
86844.58334741241
86844.58334741241
86844.58334741241
86844.58334741241
86844.58334741241
86844.58334741241
86349.66184589338
86349.66184589338
86349.66184589338
86349.66184589338
86349.66184589338
86349.66184589338
86349.66184589338
86349.66184589338
86349.66184589338
86349.66184589338
86349.66184589338
86349.66184589338
86349.66184589338
86349.66184589338
86349.66184589338
86349.66184589338
86349.66184589338
86349.66184589338
86349.66184589338
86349.66184589338
86349.66184589338
86349.66184589338
86216.46141878149
86216.46141878149
86216.46141878149
86216.46141878149
86216.46141878149
86216.46141878149
86216.46141878149
86216.46141878149
86216.46141878149
86216.46141878149
86216.46141878149
86216.46141878149
86216.46141878149
85497.60508631106
85497.60508631106
85001.02073226374
85001.02073226374
85001.02073226374
85001.02073226374
85001.02073226374
85001.02073226374
85001.02073226374
85001.02073226374
85001.02073226374
85001.02073226374
85001.02073226374
85001.02073226374
85001.02073226374
85001.02073226374
85001.02073226374
85001.02073226374
85001.02073226374
85001.02073226374
85001.02073226374
85001.02073226374
85001.02073226374
85001.02073226374
82184.36851852086
82184.36851852086
82184.36851852086
82184.36851852086
82184.36851852086
82184.36851852086
82184.36851852086
82184.36851852086
82184.36851852086
82184.36851852086
82184.36851852086
82141.69772973577
82141.69772973577
82141.69772973577
82141.69772973577
77908.67538552484
77908.67538552484
77908.67538552484
77908.67538552484
77908.67538552484
77203.19752254692
77203.19752254692
77203.19752254692
77203.19752254692
77203.19752254692
77203.19752254692
77203.19752254692
77203.19752254692
77203.19752254692
77203.19752254692
77203.19752254692
77203.19752254692
77203.19752254692
77203.19752254692
77203.19752254692
77203.19752254692
77203.19752254692
77203.19752254692
77203.19752254692
77203.19752254692
77203.19752254692
77203.19752254692
77203.19752254692
77203.19752254692
77203.19752254692
77203.19752254692
77203.19752254692
77203.19752254692
77203.19752254692
77203.19752254692
76727.65970453336
76727.65970453336
76727.65970453336
76727.65970453336
76727.65970453336
76727.65970453336
76727.65970453336
76727.65970453336
76727.65970453336
76727.65970453336
76727.65970453336
76727.65970453336
76727.65970453336
76086.35043217798
76086.35043217798
76086.35043217798
76086.35043217798
76086.35043217798
76086.35043217798
76086.35043217798
76086.35043217798
76086.35043217798
76086.35043217798
76086.35043217798
76086.35043217798
76086.35043217798
76086.35043217798
76086.35043217798
76086.35043217798
76086.35043217798
76086.35043217798
76086.35043217798
76086.35043217798
76086.35043217798
76086.35043217798
76086.35043217798
76086.35043217798
75475.58127282502
75475.58127282502
75475.58127282502
75475.58127282502
75475.58127282502
75475.58127282502
75475.58127282502
75475.58127282502
75475.58127282502
75475.58127282502
75304.12048926532
75304.12048926532
75304.12048926532
75304.12048926532
75304.12048926532
75304.12048926532
75304.12048926532
75304.12048926532
75304.12048926532
75304.12048926532
75304.12048926532
74802.99031277545
74802.99031277545
74802.99031277545
74802.99031277545
74802.99031277545
74802.99031277545
74802.99031277545
74802.99031277545
74802.99031277545
74802.99031277545
74542.71851319078
74542.71851319078
74542.71851319078
74542.71851319078
74337.70723926781
74337.70723926781
74337.70723926781
74337.70723926781
74337.70723926781
74337.70723926781
74337.70723926781
74337.70723926781
74337.70723926781
74337.70723926781
73074.23515504943
73074.23515504943
73074.23515504943
73074.23515504943
73074.23515504943
73074.23515504943
73074.23515504943
73074.23515504943
73074.23515504943
73074.23515504943
73074.23515504943
73074.23515504943
73074.23515504943
73074.23515504943
73074.23515504943
73074.23515504943
73074.23515504943
73074.23515504943
73074.23515504943
72772.95671008679
72772.95671008679
72772.95671008679
72772.95671008679
72772.95671008679
72772.95671008679
72720.72945419839
72720.72945419839
72720.72945419839
71916.93998050842
71916.93998050842
71916.93998050842
71916.93998050842
71916.93998050842
71916.93998050842
71916.93998050842
71916.93998050842
71916.93998050842
71916.93998050842
71916.93998050842
71916.93998050842
71916.93998050842
71916.93998050842
71916.93998050842
71916.93998050842
71916.93998050842
71916.93998050842
71916.93998050842
71916.93998050842
71916.93998050842
71916.93998050842
71916.93998050842
71916.93998050842
71916.93998050842
71916.93998050842
71916.93998050842
71916.93998050842
71916.93998050842
71916.93998050842
71916.93998050842
71916.93998050842
71916.93998050842
71916.93998050842
71916.93998050842
71916.93998050842
71916.93998050842
71916.93998050842
69598.38899222127
69598.38899222127
69598.38899222127
69598.38899222127
69598.38899222127
69598.38899222127
69598.38899222127
69598.38899222127
69598.38899222127
69598.38899222127
69598.38899222127
69598.38899222127
69598.38899222127
69598.38899222127
69598.38899222127
69397.90846858897
69397.90846858897
69397.90846858897
69397.90846858897
69397.90846858897
69397.90846858897
69397.90846858897
69397.90846858897
69397.90846858897
69397.90846858897
69397.90846858897
69397.90846858897
69397.90846858897
69397.90846858897
69397.90846858897
69397.90846858897
69397.90846858897
69397.90846858897
69397.90846858897
69195.75724122833
69195.75724122833
69195.75724122833
69195.75724122833
68629.91367460007
68629.91367460007
68629.91367460007
68629.91367460007
68629.91367460007
68629.91367460007
68629.91367460007
68629.91367460007
68629.91367460007
68629.91367460007
68629.91367460007
68629.91367460007
68578.77866903265
68578.77866903265
68578.77866903265
68578.77866903265
66576.11565039861
66576.11565039861
66576.11565039861
66576.11565039861
66576.11565039861
66576.11565039861
66576.11565039861
66576.11565039861
66576.11565039861
66576.11565039861
66576.11565039861
66576.11565039861
66576.11565039861
66576.11565039861
66576.11565039861
66576.11565039861
66576.11565039861
66576.11565039861
66576.11565039861
66576.11565039861
66576.11565039861
66576.11565039861
66576.11565039861
66576.11565039861
66576.11565039861
66576.11565039861
66514.18426989454
66514.18426989454
66514.18426989454
66514.18426989454
66514.18426989454
66514.18426989454
66514.18426989454
66514.18426989454
66514.18426989454
66514.18426989454
66514.18426989454
66514.18426989454
66514.18426989454
66514.18426989454
66514.18426989454
66514.18426989454
66514.18426989454
66514.18426989454
66514.18426989454
66514.18426989454
66514.18426989454
66514.18426989454
66514.18426989454
66489.09503051404
66489.09503051404
66489.09503051404
66489.09503051404
66489.09503051404
66489.09503051404
66086.66484326728
66086.66484326728
66086.66484326728
66086.66484326728
66086.66484326728
66086.66484326728
66086.66484326728
66086.66484326728
66086.66484326728
66086.66484326728
66086.66484326728
66086.66484326728
66086.66484326728
66086.66484326728
66086.66484326728
66086.66484326728
65993.5970099975
65993.5970099975
65993.5970099975
65844.33042762337
65844.33042762337
65844.33042762337
65825.71950992473
65825.71950992473
65825.71950992473
65825.71950992473
65825.71950992473
65825.71950992473
65344.72807893488
65344.72807893488
65344.72807893488
65344.72807893488
65344.72807893488
65344.72807893488
65344.72807893488
65344.72807893488
64866.548279991104
64866.548279991104
64866.548279991104
64866.548279991104
64866.548279991104
63693.251063987795
63693.251063987795
63693.251063987795
63693.251063987795
63693.251063987795
63693.251063987795
63693.251063987795
63693.251063987795
63693.251063987795
63693.251063987795
63693.251063987795
63693.251063987795
63693.251063987795
63693.251063987795
63693.251063987795
63693.251063987795
63693.251063987795
63693.251063987795
63693.251063987795
63693.251063987795
63693.251063987795
63693.251063987795
63693.251063987795
63693.251063987795
63693.251063987795
63693.251063987795
63693.251063987795
63693.251063987795
63693.251063987795
63693.251063987795
63693.251063987795
63693.251063987795
63693.251063987795
63693.251063987795
63693.251063987795
63693.251063987795
63693.251063987795
63369.64322889873
63369.64322889873
63129.7027516388
63129.7027516388
63129.7027516388
63129.7027516388
63129.7027516388
63129.7027516388
63129.7027516388
63129.7027516388
63129.7027516388
63129.7027516388
63129.7027516388
63129.7027516388
63129.7027516388
62234.12512789124
62234.12512789124
62234.12512789124
62234.12512789124
62234.12512789124
62234.12512789124
62234.12512789124
62234.12512789124
62234.12512789124
62234.12512789124
62234.12512789124
62234.12512789124
62234.12512789124
62234.12512789124
62234.12512789124
62234.12512789124
62234.12512789124
62234.12512789124
62234.12512789124
62234.12512789124
62234.12512789124
62191.89886424025
62191.89886424025
62191.89886424025
62191.89886424025
62191.89886424025
62191.89886424025
62191.89886424025
62191.89886424025
62191.89886424025
62191.89886424025
62191.89886424025
62191.89886424025
62191.89886424025
62191.89886424025
62191.89886424025
62191.89886424025
62191.89886424025
61667.556338676375
61667.556338676375
61667.556338676375
61667.556338676375
61667.556338676375
61667.556338676375
61667.556338676375
61667.556338676375
61667.556338676375
61667.556338676375
61667.556338676375
61667.556338676375
61667.556338676375
61667.556338676375
61667.556338676375
61667.556338676375
61667.556338676375
61667.556338676375
61667.556338676375
61667.556338676375
61667.556338676375
61667.556338676375
61667.556338676375
61667.556338676375
61667.556338676375
61667.556338676375
61667.556338676375
61667.556338676375
61667.556338676375
61667.556338676375
61667.556338676375
61667.556338676375
61664.340160914784
61664.340160914784
61664.340160914784
61664.340160914784
61664.340160914784
61223.73039368273
61223.73039368273
61223.73039368273
61223.73039368273
61223.73039368273
61223.73039368273
61223.73039368273
61223.73039368273
61223.73039368273
61223.73039368273
61223.73039368273
61223.73039368273
61223.73039368273
61223.73039368273
61223.73039368273
61223.73039368273
61223.73039368273
61223.73039368273
61223.73039368273
61223.73039368273
61223.73039368273
58491.08046692801
58491.08046692801
58491.08046692801
58491.08046692801
58491.08046692801
58491.08046692801
58491.08046692801
58491.08046692801
58491.08046692801
58491.08046692801
58491.08046692801
58491.08046692801
58491.08046692801
58491.08046692801
58491.08046692801
58491.08046692801
58491.08046692801
58491.08046692801
58491.08046692801
58491.08046692801
58491.08046692801
58491.08046692801
58491.08046692801
58491.08046692801
58491.08046692801
58491.08046692801
58491.08046692801
58491.08046692801
58491.08046692801
58491.08046692801
58491.08046692801
58491.08046692801
58491.08046692801
58491.08046692801
58491.08046692801
58491.08046692801
58491.08046692801
58491.08046692801
58491.08046692801
58491.08046692801
58491.08046692801
58491.08046692801
58491.08046692801
58491.08046692801
58491.08046692801
58491.08046692801
58491.08046692801
58491.08046692801
58491.08046692801
58491.08046692801
58491.08046692801
58491.08046692801
58491.08046692801
58491.08046692801
58491.08046692801
58491.08046692801
58491.08046692801
58491.08046692801
58491.08046692801
58491.08046692801
58491.08046692801
58491.08046692801
58491.08046692801
58491.08046692801
58491.08046692801
58491.08046692801
58491.08046692801
58491.08046692801
58491.08046692801
58491.08046692801
58491.08046692801
58491.08046692801
58491.08046692801
57407.31900031487
57407.31900031487
57407.31900031487
57407.31900031487
57407.31900031487
57407.31900031487
57407.31900031487
57407.31900031487
57407.31900031487
57407.31900031487
57407.31900031487
57407.31900031487
57407.31900031487
57407.31900031487
57407.31900031487
57407.31900031487
57407.31900031487
57407.31900031487
57407.31900031487
57407.31900031487
57407.31900031487
57407.31900031487
57407.31900031487
57095.174237277395
57095.174237277395
57095.174237277395
57095.174237277395
57095.174237277395
57095.174237277395
57095.174237277395
57095.174237277395
57095.174237277395
57095.174237277395
57095.174237277395
57095.174237277395
57095.174237277395
57095.174237277395
57095.174237277395
57095.174237277395
57095.174237277395
57095.174237277395
57095.174237277395
57095.174237277395
56966.99931974225
56966.99931974225
56966.99931974225
56966.99931974225
56966.99931974225
56966.99931974225
56966.99931974225
56966.99931974225
56966.99931974225
56966.99931974225
56966.99931974225
56966.99931974225
56966.99931974225
56966.99931974225
56966.99931974225
56966.99931974225
56966.99931974225
56966.99931974225
56966.99931974225
56966.99931974225
56966.99931974225
56966.99931974225
56966.99931974225
56966.99931974225
56966.99931974225
56966.99931974225
56966.99931974225
56964.95101046626
56964.95101046626
56447.74658040493
56447.74658040493
56447.74658040493
56447.74658040493
56447.74658040493
56447.74658040493
56447.74658040493
56447.74658040493
56447.74658040493
56447.74658040493
56447.74658040493
56447.74658040493
56447.74658040493
56447.74658040493
56447.74658040493
56447.74658040493
56447.74658040493
56447.74658040493
56447.74658040493
56447.74658040493
56447.74658040493
56447.74658040493
56447.74658040493
56447.74658040493
56447.74658040493
56447.74658040493
56447.74658040493
56447.74658040493
56447.74658040493
56447.74658040493
55808.43164465863
55808.43164465863
55808.43164465863
55808.43164465863
55808.43164465863
55808.43164465863
55808.43164465863
55580.79170029614
55580.79170029614
55580.79170029614
55580.79170029614
55580.79170029614
55580.79170029614
55580.79170029614
55580.79170029614
55580.79170029614
55580.79170029614
55580.79170029614
55580.79170029614
55580.79170029614
55580.79170029614
55580.79170029614
55580.79170029614
55580.79170029614
55580.79170029614
55580.79170029614
55580.79170029614
55580.79170029614
55580.79170029614
55580.79170029614
55580.79170029614
55580.79170029614
55580.79170029614
55580.79170029614
55580.79170029614
55580.79170029614
55580.79170029614
55580.79170029614
55580.79170029614
55580.79170029614
55580.79170029614
55580.79170029614
55580.79170029614
55580.79170029614
55580.79170029614
55580.79170029614
55580.79170029614
55580.79170029614
55580.79170029614
55580.79170029614
55580.79170029614
55580.79170029614
55580.79170029614
55580.79170029614
55580.79170029614
55580.79170029614
55580.79170029614
55580.79170029614
55580.79170029614
55580.79170029614
55580.79170029614
55580.79170029614
55580.79170029614
55580.79170029614
55580.79170029614
55580.79170029614
55580.79170029614
55580.79170029614
55580.79170029614
54962.85022820156
54962.85022820156
54962.85022820156
54962.85022820156
54962.85022820156
54962.85022820156
54962.85022820156
54962.85022820156
54962.85022820156
54962.85022820156
54962.85022820156
54962.85022820156
54962.85022820156
54962.85022820156
54962.85022820156
54962.85022820156
54962.85022820156
54962.85022820156
54962.85022820156
54962.85022820156
54962.85022820156
54962.85022820156
54962.85022820156
54962.85022820156
54962.85022820156
54962.85022820156
54962.85022820156
54962.85022820156
54962.85022820156
54962.85022820156
54962.85022820156
54962.85022820156
54962.85022820156
54962.85022820156
54962.85022820156
54962.85022820156
54962.85022820156
54962.85022820156
54962.85022820156
54962.85022820156
54962.85022820156
54962.85022820156
54962.85022820156
54962.85022820156
54962.85022820156
54962.85022820156
54962.85022820156
54962.85022820156
54962.85022820156
54962.85022820156
54962.85022820156
54962.85022820156
54962.85022820156
54962.85022820156
54271.942146428606
54271.942146428606
54271.942146428606
54271.942146428606
54271.942146428606
54271.942146428606
54271.942146428606
54271.942146428606
54271.942146428606
54271.942146428606
54271.942146428606
54271.942146428606
54271.942146428606
54271.942146428606
54271.942146428606
54271.942146428606
54271.942146428606
54271.942146428606
54271.942146428606
54271.942146428606
54271.942146428606
54271.942146428606
54271.942146428606
54271.942146428606
54271.942146428606
54271.942146428606
54271.942146428606
54271.942146428606
54271.942146428606
54271.942146428606
54271.942146428606
54271.942146428606
54271.942146428606
54271.942146428606
54271.942146428606
54271.942146428606
54271.942146428606
54271.942146428606
54271.942146428606
54271.942146428606
54271.942146428606
54271.942146428606
54271.942146428606
54271.942146428606
54271.942146428606
54271.942146428606
54271.942146428606
54271.942146428606
54271.942146428606
54271.942146428606
54271.942146428606
54271.942146428606
54271.942146428606
54271.942146428606
54271.942146428606
54271.942146428606
54271.942146428606
54271.942146428606
54271.942146428606
54271.942146428606
54271.942146428606
54271.942146428606
54271.942146428606
54271.942146428606
53622.48059369997
53622.48059369997
53622.48059369997
53622.48059369997
53622.48059369997
53622.48059369997
53622.48059369997
53622.48059369997
53622.48059369997
53622.48059369997
53622.48059369997
53622.48059369997
53622.48059369997
53622.48059369997
53622.48059369997
53622.48059369997
53622.48059369997
53622.48059369997
53622.48059369997
53622.48059369997
53622.48059369997
53622.48059369997
53622.48059369997
53622.48059369997
53622.48059369997
53622.48059369997
53622.48059369997
53622.48059369997
53622.48059369997
53622.48059369997
53622.48059369997
53622.48059369997
53622.48059369997
53622.48059369997
53350.81168673194
53350.81168673194
53350.81168673194
53350.81168673194
53350.81168673194
53350.81168673194
53350.81168673194
53350.81168673194
53350.81168673194
53350.81168673194
53350.81168673194
53350.81168673194
53350.81168673194
53350.81168673194
52094.86669092811
52094.86669092811
52094.86669092811
52094.86669092811
52094.86669092811
52094.86669092811
52094.86669092811
52094.86669092811
52094.86669092811
52094.86669092811
52094.86669092811
52094.86669092811
52094.86669092811
52094.86669092811
52094.86669092811
52094.86669092811
52094.86669092811
52094.86669092811
52094.86669092811
52094.86669092811
52094.86669092811
52094.86669092811
52094.86669092811
52094.86669092811
52094.86669092811
52094.86669092811
52094.86669092811
52094.86669092811
52094.86669092811
52094.86669092811
52094.86669092811
52094.86669092811
52094.86669092811
52094.86669092811
52094.86669092811
52094.86669092811
52094.86669092811
52094.86669092811
52094.86669092811
52094.86669092811
52094.86669092811
52094.86669092811
52094.86669092811
52094.86669092811
52094.86669092811
52094.86669092811
52094.86669092811
52094.86669092811
52094.86669092811
52094.86669092811
52094.86669092811
52094.86669092811
52094.86669092811
52094.86669092811
52094.86669092811
52094.86669092811
52094.86669092811
52094.86669092811
52094.86669092811
52094.86669092811
52094.86669092811
52094.86669092811
52094.86669092811
52094.86669092811
52094.86669092811
52094.86669092811
52094.86669092811
52094.86669092811
52094.86669092811
52094.86669092811
52094.86669092811
52094.86669092811
52094.86669092811
52094.86669092811
52094.86669092811
52094.86669092811
52094.86669092811
52094.86669092811
52094.86669092811
52094.86669092811
52094.86669092811
52094.86669092811
52094.86669092811
52094.86669092811
52094.86669092811
52094.86669092811
52094.86669092811
52094.86669092811
52094.86669092811
52094.86669092811
52094.86669092811
52094.86669092811
52094.86669092811
52094.86669092811
52094.86669092811
52094.86669092811
52094.86669092811
52094.86669092811
52094.86669092811
52094.86669092811
52094.86669092811
52094.86669092811
52094.86669092811
52094.86669092811
52094.86669092811
52094.86669092811
52094.86669092811
52094.86669092811
52094.86669092811
52094.86669092811
52094.86669092811
52094.86669092811
52094.86669092811
52094.86669092811
52094.86669092811
52094.86669092811
52094.86669092811
52094.86669092811
52094.86669092811
52094.86669092811
52094.86669092811
52094.86669092811
52094.86669092811
52094.86669092811
52094.86669092811
52094.86669092811
52094.86669092811
52094.86669092811
52094.86669092811
52094.86669092811
52094.86669092811
52094.86669092811
52094.86669092811
52094.86669092811
51523.73104869658
51523.73104869658
51523.73104869658
51523.73104869658
51523.73104869658
51523.73104869658
51523.73104869658
51523.73104869658
51523.73104869658
51523.73104869658
51523.73104869658
51523.73104869658
51523.73104869658
51523.73104869658
51523.73104869658
51523.73104869658
51523.73104869658
51523.73104869658
51523.73104869658
51523.73104869658
51523.73104869658
51523.73104869658
51523.73104869658
51523.73104869658
51523.73104869658
51523.73104869658
51523.73104869658
51523.73104869658
51382.52069689159
51382.52069689159
51382.52069689159
51382.52069689159
51382.52069689159
51382.52069689159
51382.52069689159
51382.52069689159
51382.52069689159
51382.52069689159
51367.06563386342
51367.06563386342
51367.06563386342
51367.06563386342
51367.06563386342
51367.06563386342
51367.06563386342
51367.06563386342
51367.06563386342
51367.06563386342
51367.06563386342
51367.06563386342
51367.06563386342
51367.06563386342
51367.06563386342
51367.06563386342
51367.06563386342
51367.06563386342
51367.06563386342
51367.06563386342
51367.06563386342
51367.06563386342
51367.06563386342
51367.06563386342
51045.68451664989
51045.68451664989
51045.68451664989
51045.68451664989
51045.68451664989
51045.68451664989
51045.68451664989
51045.68451664989
51045.68451664989
51045.68451664989
51045.68451664989
51045.68451664989
51045.68451664989
51006.38776832081
51006.38776832081
51006.38776832081
51006.38776832081
51006.38776832081
51006.38776832081
51006.38776832081
51006.38776832081
51006.38776832081
51006.38776832081
51006.38776832081
51006.38776832081
51006.38776832081
51006.38776832081
51006.38776832081
51006.38776832081
51006.38776832081
51006.38776832081
51006.38776832081
51006.38776832081
51006.38776832081
51006.38776832081
50751.05741898166
50751.05741898166
50751.05741898166
50751.05741898166
50751.05741898166
50751.05741898166
50751.05741898166
50751.05741898166
50751.05741898166
50751.05741898166
50751.05741898166
50751.05741898166
50751.05741898166
50751.05741898166
50751.05741898166
50751.05741898166
50751.05741898166
50751.05741898166
50751.05741898166
50751.05741898166
50751.05741898166
50751.05741898166
50751.05741898166
50751.05741898166
50751.05741898166
50751.05741898166
50751.05741898166
50751.05741898166
50751.05741898166
50751.05741898166
50751.05741898166
50751.05741898166
50751.05741898166
50751.05741898166
50751.05741898166
50751.05741898166
50751.05741898166
50751.05741898166
50751.05741898166
50751.05741898166
50751.05741898166
50751.05741898166
50751.05741898166
50303.65955630213
50303.65955630213
50303.65955630213
50303.65955630213
50303.65955630213
50303.65955630213
50303.65955630213
50303.65955630213
50303.65955630213
50303.65955630213
50303.65955630213
50303.65955630213
50303.65955630213
50303.65955630213
50303.65955630213
50303.65955630213
50303.65955630213
50303.65955630213
50303.65955630213
50303.65955630213
50303.65955630213
50303.65955630213
50303.65955630213
50303.65955630213
50303.65955630213
50303.65955630213
50303.65955630213
50303.65955630213
50303.65955630213
50303.65955630213
50303.65955630213
50303.65955630213
50303.65955630213
50303.65955630213
50303.65955630213
50303.65955630213
50303.65955630213
50050.86442129295
50050.86442129295
50050.86442129295
50050.86442129295
50050.86442129295
50050.86442129295
50050.86442129295
50050.86442129295
50050.86442129295
50050.86442129295
50050.86442129295
49503.89808440459
49503.89808440459
49503.89808440459
49503.89808440459
49503.89808440459
49503.89808440459
49503.89808440459
49503.89808440459
49503.89808440459
49503.89808440459
49503.89808440459
49503.89808440459
49503.89808440459
49503.89808440459
49503.89808440459
49503.89808440459
49503.89808440459
49503.89808440459
49503.89808440459
49503.89808440459
49503.89808440459
49503.89808440459
49503.89808440459
49503.89808440459
49248.367521472996
49248.367521472996
49248.367521472996
49248.367521472996
48865.934309441865
48865.934309441865
48865.934309441865
48409.76567697057
48409.76567697057
48409.76567697057
48409.76567697057
48409.76567697057
48409.76567697057
48409.76567697057
48409.76567697057
48409.76567697057
48409.76567697057
48409.76567697057
48409.76567697057
48409.76567697057
48409.76567697057
48409.76567697057
48409.76567697057
48409.76567697057
48409.76567697057
48409.76567697057
48409.76567697057
48409.76567697057
48409.76567697057
48409.76567697057
48409.76567697057
48409.76567697057
48409.76567697057
48409.76567697057
48409.76567697057
48409.76567697057
48409.76567697057
48409.76567697057
48409.76567697057
48409.76567697057
48409.76567697057
48409.76567697057
48409.76567697057
48409.76567697057
48409.76567697057
48409.76567697057
48409.76567697057
48409.76567697057
48409.76567697057
48409.76567697057
48409.76567697057
48409.76567697057
48409.76567697057
47975.31176076404
47975.31176076404
47975.31176076404
47975.31176076404
47975.31176076404
47975.31176076404
47975.31176076404
47975.31176076404
47975.31176076404
47975.31176076404
47975.31176076404
47975.31176076404
47975.31176076404
47975.31176076404
47975.31176076404
47975.31176076404
47975.31176076404
47975.31176076404
47975.31176076404
47975.31176076404
47975.31176076404
47975.31176076404
47975.31176076404
47975.31176076404
47975.31176076404
47975.31176076404
47975.31176076404
47621.81454026502
47621.81454026502
47621.81454026502
47621.81454026502
47621.81454026502
47621.81454026502
47621.81454026502
47621.81454026502
47621.81454026502
47621.81454026502
47621.81454026502
47621.81454026502
47621.81454026502
47621.81454026502
47621.81454026502
47621.81454026502
47621.81454026502
47621.81454026502
47621.81454026502
47621.81454026502
47621.81454026502
47621.81454026502
47621.81454026502
47621.81454026502
47621.81454026502
47621.81454026502
47621.81454026502
47621.81454026502
47621.81454026502
47621.81454026502
47621.81454026502
47621.81454026502
47621.81454026502
47621.81454026502
47621.81454026502
47621.81454026502
47621.81454026502
47621.81454026502
47621.81454026502
47621.81454026502
47621.81454026502
47621.81454026502
47621.81454026502
47621.81454026502
47621.81454026502
47621.81454026502
47561.40245520525
47561.40245520525
47561.40245520525
47561.40245520525
47561.40245520525
47561.40245520525
47561.40245520525
47561.40245520525
47561.40245520525
47561.40245520525
47561.40245520525
47561.40245520525
47561.40245520525
47283.5439755863
47283.5439755863
47283.5439755863
47283.5439755863
47283.5439755863
47283.5439755863
47283.5439755863
47283.5439755863
47283.5439755863
47283.5439755863
47283.5439755863
47283.5439755863
47283.5439755863
47283.5439755863
47283.5439755863
47283.5439755863
47283.5439755863
47283.5439755863
47283.5439755863
47283.5439755863
47283.5439755863
47283.5439755863
47283.5439755863
47283.5439755863
47283.5439755863
47283.5439755863
47283.5439755863
47283.5439755863
47283.5439755863
47283.5439755863
47283.5439755863
47283.5439755863
47283.5439755863
47283.5439755863
47283.5439755863
47283.5439755863
47283.5439755863
47283.5439755863
47283.5439755863
47283.5439755863
47283.5439755863
47283.5439755863
47283.5439755863
47283.5439755863
47283.5439755863
47283.5439755863
47283.5439755863
47283.5439755863
47283.5439755863
47283.5439755863
47283.5439755863
47283.5439755863
47283.5439755863
47283.5439755863
47283.5439755863
46771.84966375998
46771.84966375998
46771.84966375998
46771.84966375998
46771.84966375998
46771.84966375998
46771.84966375998
46771.84966375998
46771.84966375998
46771.84966375998
46771.84966375998
46771.84966375998
46771.84966375998
46771.84966375998
46771.84966375998
46771.84966375998
46771.84966375998
46771.84966375998
46771.84966375998
46771.84966375998
46771.84966375998
46336.382521165695
46336.382521165695
46336.382521165695
46336.382521165695
46336.382521165695
46336.382521165695
46336.382521165695
46336.382521165695
46336.382521165695
46336.382521165695
46336.382521165695
46336.382521165695
46336.382521165695
46336.382521165695
46336.382521165695
46336.382521165695
46336.382521165695
46336.382521165695
46336.382521165695
46336.382521165695
46336.382521165695
46336.382521165695
46336.382521165695
46336.382521165695
46336.382521165695
46336.382521165695
46336.382521165695
46336.382521165695
46302.5123625966
46302.5123625966
46302.5123625966
46302.5123625966
46302.5123625966
46302.5123625966
46302.5123625966
46302.5123625966
46302.5123625966
46302.5123625966
46302.5123625966
46302.5123625966
46302.5123625966
46302.5123625966
46302.5123625966
46302.5123625966
46302.5123625966
46302.5123625966
46302.5123625966
46302.5123625966
46302.5123625966
46302.5123625966
46302.5123625966
46302.5123625966
46302.5123625966
46302.5123625966
46302.5123625966
46302.5123625966
46302.5123625966
46302.5123625966
46302.5123625966
46302.5123625966
46302.5123625966
46302.5123625966
46302.5123625966
46302.5123625966
46302.5123625966
46062.56133031329
46062.56133031329
46062.56133031329
46062.56133031329
46062.56133031329
46062.56133031329
46062.56133031329
46038.52225786414
46038.52225786414
46038.52225786414
46038.52225786414
46038.52225786414
46038.52225786414
46038.52225786414
46038.52225786414
46038.52225786414
46038.52225786414
46038.52225786414
46038.52225786414
46038.52225786414
46038.52225786414
46038.52225786414
46038.52225786414
46038.52225786414
46038.52225786414
46038.52225786414
46038.52225786414
46038.52225786414
46038.52225786414
46038.52225786414
46038.52225786414
46038.52225786414
46038.52225786414
46038.52225786414
46038.52225786414
46038.52225786414
46038.52225786414
46038.52225786414
46038.52225786414
46038.52225786414
46038.52225786414
46038.52225786414
45933.91921880125
45933.91921880125
45933.91921880125
45933.91921880125
45933.91921880125
45933.91921880125
45933.91921880125
45933.91921880125
45933.91921880125
45933.91921880125
45933.91921880125
45933.91921880125
45933.91921880125
45933.91921880125
45933.91921880125
45933.91921880125
45933.91921880125
45933.91921880125
45933.91921880125
45745.79148568565
45745.79148568565
45745.79148568565
45745.79148568565
45745.79148568565
45745.79148568565
45745.79148568565
45745.79148568565
45745.79148568565
45745.79148568565
45745.79148568565
45745.79148568565
45745.79148568565
45745.79148568565
45745.79148568565
45745.79148568565
45745.79148568565
45745.79148568565
45745.79148568565
45745.79148568565
45745.79148568565
45745.79148568565
45745.79148568565
45745.79148568565
45745.79148568565
45745.79148568565
45745.79148568565
45745.79148568565
45745.79148568565
45745.79148568565
45745.79148568565
45745.79148568565
45745.79148568565
45745.79148568565
45745.79148568565
45449.17008474746
45449.17008474746
45167.34921088771
45167.34921088771
45167.34921088771
45167.34921088771
45167.34921088771
45167.34921088771
45167.34921088771
45104.51253730684
45104.51253730684
44821.40004406809
44821.40004406809
44821.40004406809
44821.40004406809
44821.40004406809
44821.40004406809
44821.40004406809
44821.40004406809
44821.40004406809
44821.40004406809
44821.40004406809
44821.40004406809
44821.40004406809
44821.40004406809
44821.40004406809
44821.40004406809
44821.40004406809
44821.40004406809
44821.40004406809
44821.40004406809
44821.40004406809
44821.40004406809
44821.40004406809
44821.40004406809
44821.40004406809
44821.40004406809
44821.40004406809
44821.40004406809
44821.40004406809
44821.40004406809
44821.40004406809
44821.40004406809
44821.40004406809
44821.40004406809
44821.40004406809
44821.40004406809
44821.40004406809
44821.40004406809
44821.40004406809
44821.40004406809
44821.40004406809
44821.40004406809
44821.40004406809
44821.40004406809
44821.40004406809
44821.40004406809
44821.40004406809
44821.40004406809
44821.40004406809
44821.40004406809
44821.40004406809
44821.40004406809
44821.40004406809
44821.40004406809
44821.40004406809
44821.40004406809
44821.40004406809
44821.40004406809
44821.40004406809
44821.40004406809
44821.40004406809
44821.40004406809
44821.40004406809
44821.40004406809
44821.40004406809
44821.40004406809
44821.40004406809
44821.40004406809
44821.40004406809
44821.40004406809
44821.40004406809
44821.40004406809
44821.40004406809
44821.40004406809
44821.40004406809
44821.40004406809
44821.40004406809
44821.40004406809
44821.40004406809
44821.40004406809
44821.40004406809
44821.40004406809
44821.40004406809
44821.40004406809
44821.40004406809
44821.40004406809
44821.40004406809
44821.40004406809
44821.40004406809
44821.40004406809
44821.40004406809
44821.40004406809
44821.40004406809
44821.40004406809
44821.40004406809
44821.40004406809
44821.40004406809
44821.40004406809
44821.40004406809
44821.40004406809
44821.40004406809
44821.40004406809
44821.40004406809
44821.40004406809
44821.40004406809
44821.40004406809
44821.40004406809
44821.40004406809
44821.40004406809
44821.40004406809
44821.40004406809
44821.40004406809
44821.40004406809
44821.40004406809
44821.40004406809
44821.40004406809
44821.40004406809
44821.40004406809
44821.40004406809
44821.40004406809
44821.40004406809
44821.40004406809
44821.40004406809
44821.40004406809
44821.40004406809
44821.40004406809
44821.40004406809
44821.40004406809
44821.40004406809
44821.40004406809
44821.40004406809
44821.40004406809
44821.40004406809
44821.40004406809
44821.40004406809
44821.40004406809
44821.40004406809
44821.40004406809
44821.40004406809
44821.40004406809
44821.40004406809
44821.40004406809
44821.40004406809
44821.40004406809
44821.40004406809
44821.40004406809
44821.40004406809
44821.40004406809
44821.40004406809
44821.40004406809
44821.40004406809
44821.40004406809
44821.40004406809
44821.40004406809
44821.40004406809
44821.40004406809
44821.40004406809
44821.40004406809
44821.40004406809
44821.40004406809
44821.40004406809
44821.40004406809
44057.38258606287
44057.38258606287
44057.38258606287
44057.38258606287
44057.38258606287
44057.38258606287
44057.38258606287
44057.38258606287
44057.38258606287
44057.38258606287
44057.38258606287
44057.38258606287
44057.38258606287
44057.38258606287
44057.38258606287
44057.38258606287
44057.38258606287
44057.38258606287
44057.38258606287
44057.38258606287
44057.38258606287
44057.38258606287
44057.38258606287
44057.38258606287
44057.38258606287
44057.38258606287
44057.38258606287
44057.38258606287
44057.38258606287
44057.38258606287
44057.38258606287
44057.38258606287
44057.38258606287
44057.38258606287
44057.38258606287
44057.38258606287
44057.38258606287
44057.38258606287
44057.38258606287
44057.38258606287
44057.38258606287
44057.38258606287
44057.38258606287
44057.38258606287
44057.38258606287
44057.38258606287
44057.38258606287
44057.38258606287
44057.38258606287
44057.38258606287
44057.38258606287
44057.38258606287
44057.38258606287
44057.38258606287
44057.38258606287
44057.38258606287
44057.38258606287
44057.38258606287
44057.38258606287
43751.515958481046
43751.515958481046
43751.515958481046
43751.515958481046
43751.515958481046
43675.62964589604
43675.62964589604
43675.62964589604
43675.62964589604
43545.32775224715
43545.32775224715
43545.32775224715
43545.32775224715
43545.32775224715
43545.32775224715
43545.32775224715
43545.32775224715
43545.32775224715
43545.32775224715
43545.32775224715
43545.32775224715
43545.32775224715
43545.32775224715
43545.32775224715
43545.32775224715
43545.32775224715
43545.32775224715
43545.32775224715
43545.32775224715
43545.32775224715
43545.32775224715
43545.32775224715
43545.32775224715
43545.32775224715
43545.32775224715
43545.32775224715
43545.32775224715
43545.32775224715
43545.32775224715
43545.32775224715
43545.32775224715
43545.32775224715
43545.32775224715
43545.32775224715
43545.32775224715
43545.32775224715
43545.32775224715
43545.32775224715
43545.32775224715
43545.32775224715
43545.32775224715
43545.32775224715
43545.32775224715
43545.32775224715
43545.32775224715
43545.32775224715
43545.32775224715
43545.32775224715
43545.32775224715
43545.32775224715
43545.32775224715
43545.32775224715
43545.32775224715
43545.32775224715
43545.32775224715
43545.32775224715
43545.32775224715
43545.32775224715
43545.32775224715
43545.32775224715
43545.32775224715
43545.32775224715
43545.32775224715
43545.32775224715
43545.32775224715
43545.32775224715
43545.32775224715
43303.19216098623
43303.19216098623
43303.19216098623
43303.19216098623
43303.19216098623
43303.19216098623
43303.19216098623
43303.19216098623
43303.19216098623
43303.19216098623
43303.19216098623
43303.19216098623
43303.19216098623
43303.19216098623
43303.19216098623
43303.19216098623
43303.19216098623
43303.19216098623
43303.19216098623
43303.19216098623
43296.69481195322
43296.69481195322
43296.69481195322
43296.69481195322
43296.69481195322
43296.69481195322
43296.69481195322
43296.69481195322
43296.69481195322
43296.69481195322
43296.69481195322
43296.69481195322
43296.69481195322
43296.69481195322
43296.69481195322
43296.69481195322
43296.69481195322
43296.69481195322
43296.69481195322
43296.69481195322
43296.69481195322
43296.69481195322
43296.69481195322
43296.69481195322
43296.69481195322
43296.69481195322
43296.69481195322
43296.69481195322
43296.69481195322
43296.69481195322
43296.69481195322
43296.69481195322
43296.69481195322
43296.69481195322
43296.69481195322
43296.69481195322
43296.69481195322
43121.62975841378
43121.62975841378
43121.62975841378
43121.62975841378
43121.62975841378
43121.62975841378
43121.62975841378
43121.62975841378
43121.62975841378
43121.62975841378
43121.62975841378
43121.62975841378
43121.62975841378
43121.62975841378
43121.62975841378
43121.62975841378
43121.62975841378
43121.62975841378
43121.62975841378
43121.62975841378
43121.62975841378
43121.62975841378
43121.62975841378
43121.62975841378
43121.62975841378
43121.62975841378
43121.62975841378
43121.62975841378
43121.62975841378
43121.62975841378
43121.62975841378
43121.62975841378
43121.62975841378
43121.62975841378
43121.62975841378
43121.62975841378
43121.62975841378
43121.62975841378
43121.62975841378
43121.62975841378
43121.62975841378
43121.62975841378
43121.62975841378
43121.62975841378
43104.332787765605
43104.332787765605
43104.332787765605
43104.332787765605
43104.332787765605
43104.332787765605
43104.332787765605
43104.332787765605
43104.332787765605
43104.332787765605
43104.332787765605
43089.94264547647
43089.94264547647
43089.94264547647
42704.189518896106
42704.189518896106
42704.189518896106
42704.189518896106
42704.189518896106
42704.189518896106
42704.189518896106
42704.189518896106
42704.189518896106
42704.189518896106
42704.189518896106
42704.189518896106
42704.189518896106
42704.189518896106
42704.189518896106
42704.189518896106
42704.189518896106
42704.189518896106
42704.189518896106
42704.189518896106
42704.189518896106
42704.189518896106
42704.189518896106
42704.189518896106
42704.189518896106
42704.189518896106
42704.189518896106
42704.189518896106
42704.189518896106
42704.189518896106
42704.189518896106
42704.189518896106
42704.189518896106
42704.189518896106
42704.189518896106
42704.189518896106
42704.189518896106
42704.189518896106
42704.189518896106
42704.189518896106
42704.189518896106
42704.189518896106
42704.189518896106
42704.189518896106
42704.189518896106
42704.189518896106
42704.189518896106
42704.189518896106
42704.189518896106
42704.189518896106
42704.189518896106
42704.189518896106
42704.189518896106
42704.189518896106
42704.189518896106
42704.189518896106
42704.189518896106
42704.189518896106
42704.189518896106
42704.189518896106
42704.189518896106
42704.189518896106
42704.189518896106
42704.189518896106
42704.189518896106
42704.189518896106
42704.189518896106
42704.189518896106
42704.189518896106
42704.189518896106
42704.189518896106
42704.189518896106
42704.189518896106
42704.189518896106
42704.189518896106
42704.189518896106
42704.189518896106
42704.189518896106
42704.189518896106
42704.189518896106
42704.189518896106
42704.189518896106
42704.189518896106
42704.189518896106
42704.189518896106
42704.189518896106
42704.189518896106
42704.189518896106
42704.189518896106
42704.189518896106
42704.189518896106
42704.189518896106
42704.189518896106
42704.189518896106
42704.189518896106
42704.189518896106
42704.189518896106
42704.189518896106
42704.189518896106
42704.189518896106
42704.189518896106
42704.189518896106
42704.189518896106
42704.189518896106
42704.189518896106
42704.189518896106
42704.189518896106
42704.189518896106
42704.189518896106
42704.189518896106
42704.189518896106
42704.189518896106
42704.189518896106
42704.189518896106
42704.189518896106
42551.28793964066
42551.28793964066
42551.28793964066
42551.28793964066
42551.28793964066
42551.28793964066
42551.28793964066
42551.28793964066
42551.28793964066
42551.28793964066
42551.28793964066
42551.28793964066
42551.28793964066
42551.28793964066
42551.28793964066
41995.59620793877
41995.59620793877
41995.59620793877
41995.59620793877
41995.59620793877
41995.59620793877
41995.59620793877
41995.59620793877
41995.59620793877
40974.02042713081
40974.02042713081
40974.02042713081
40974.02042713081
40974.02042713081
40974.02042713081
40974.02042713081
40974.02042713081
40974.02042713081
40974.02042713081
40974.02042713081
40974.02042713081
40974.02042713081
40974.02042713081
40974.02042713081
40974.02042713081
40974.02042713081
40974.02042713081
40974.02042713081
40974.02042713081
40974.02042713081
40974.02042713081
40974.02042713081
40974.02042713081
40974.02042713081
40974.02042713081
40974.02042713081
40974.02042713081
40974.02042713081
40974.02042713081
40974.02042713081
40974.02042713081
40974.02042713081
40974.02042713081
40974.02042713081
40974.02042713081
40974.02042713081
40974.02042713081
40974.02042713081
40974.02042713081
40974.02042713081
40974.02042713081
40974.02042713081
40974.02042713081
40974.02042713081
40974.02042713081
40974.02042713081
40974.02042713081
40974.02042713081
40974.02042713081
40974.02042713081
40974.02042713081
40974.02042713081
40974.02042713081
40974.02042713081
40974.02042713081
40974.02042713081
40974.02042713081
40974.02042713081
40974.02042713081
40974.02042713081
40974.02042713081
40974.02042713081
40974.02042713081
40974.02042713081
40974.02042713081
40974.02042713081
40974.02042713081
40974.02042713081
40974.02042713081
40974.02042713081
40974.02042713081
40974.02042713081
40974.02042713081
40974.02042713081
40974.02042713081
40974.02042713081
40974.02042713081
40974.02042713081
40363.16850256366
40363.16850256366
40363.16850256366
40363.16850256366
40363.16850256366
40363.16850256366
40363.16850256366
40363.16850256366
40363.16850256366
40363.16850256366
40363.16850256366
40363.16850256366
40363.16850256366
40363.16850256366
40363.16850256366
40363.16850256366
40363.16850256366
40363.16850256366
40363.16850256366
40363.16850256366
40363.16850256366
40363.16850256366
40363.16850256366
40363.16850256366
40363.16850256366
40363.16850256366
40363.16850256366
40363.16850256366
40363.16850256366
40363.16850256366
40363.16850256366
40363.16850256366
40363.16850256366
40363.16850256366
40363.16850256366
40363.16850256366
40363.16850256366
40363.16850256366
40363.16850256366
40363.16850256366
40363.16850256366
40363.16850256366
40363.16850256366
40363.16850256366
40363.16850256366
40363.16850256366
40363.16850256366
40363.16850256366
40363.16850256366
40363.16850256366
40363.16850256366
40363.16850256366
40363.16850256366
40363.16850256366
40363.16850256366
40363.16850256366
40363.16850256366
40363.16850256366
40363.16850256366
40363.16850256366
40363.16850256366
40363.16850256366
40363.16850256366
40363.16850256366
40363.16850256366
40363.16850256366
40363.16850256366
40363.16850256366
40363.16850256366
40363.16850256366
40363.16850256366
40363.16850256366
40363.16850256366
40363.16850256366
40363.16850256366
40363.16850256366
40363.16850256366
40363.16850256366
40363.16850256366
40363.16850256366
40363.16850256366
40363.16850256366
40363.16850256366
40363.16850256366
40363.16850256366
40363.16850256366
40363.16850256366
40363.16850256366
40363.16850256366
40363.16850256366
40363.16850256366
40363.16850256366
40363.16850256366
40269.906684233014
40269.906684233014
40269.906684233014
40269.906684233014
40269.906684233014
40269.906684233014
40269.906684233014
40269.906684233014
40269.906684233014
40269.906684233014
39629.07152994229
39629.07152994229
39629.07152994229
39629.07152994229
39629.07152994229
39629.07152994229
39629.07152994229
39629.07152994229
39629.07152994229
39629.07152994229
39629.07152994229
39629.07152994229
39629.07152994229
39629.07152994229
39466.843256369946
39466.843256369946
39466.843256369946
39466.843256369946
39466.843256369946
39466.843256369946
39466.843256369946
39466.843256369946
39466.843256369946
39466.843256369946
39466.843256369946
39466.843256369946
39466.843256369946
39466.843256369946
39466.843256369946
39466.843256369946
39466.843256369946
39466.843256369946
39466.843256369946
39466.843256369946
39466.843256369946
39466.843256369946
39466.843256369946
39466.843256369946
39466.843256369946
39466.843256369946
39466.843256369946
39466.843256369946
39466.843256369946
39466.843256369946
39466.843256369946
39411.08197704203
39411.08197704203
39411.08197704203
39411.08197704203
39411.08197704203
39411.08197704203
39189.43374546457
39189.43374546457
39189.43374546457
39189.43374546457
39189.43374546457
39163.9605387306
39163.9605387306
39163.9605387306
39163.9605387306
39163.9605387306
39163.9605387306
39163.9605387306
39163.9605387306
39163.9605387306
39163.9605387306
39163.9605387306
39163.9605387306
39163.9605387306
39163.9605387306
39163.9605387306
39163.9605387306
39163.9605387306
39163.9605387306
39163.9605387306
38873.54003056132
38873.54003056132
38873.54003056132
38873.54003056132
38873.54003056132
38873.54003056132
38873.54003056132
38873.54003056132
38873.54003056132
38873.54003056132
38873.54003056132
38801.35166545876
38801.35166545876
38801.35166545876
38801.35166545876
38801.35166545876
38801.35166545876
38801.35166545876
38801.35166545876
38801.35166545876
38801.35166545876
38801.35166545876
38801.35166545876
38801.35166545876
38801.35166545876
38801.35166545876
38801.35166545876
38801.35166545876
38801.35166545876
38801.35166545876
38801.35166545876
38801.35166545876
38801.35166545876
38801.35166545876
38801.35166545876
38801.35166545876
38801.35166545876
38801.35166545876
38801.35166545876
38801.35166545876
38801.35166545876
38801.35166545876
38801.35166545876
38801.35166545876
38801.35166545876
38801.35166545876
38801.35166545876
38594.49092042081
38594.49092042081
38594.49092042081
38594.49092042081
38594.49092042081
38594.49092042081
38594.49092042081
38594.49092042081
38594.49092042081
38594.49092042081
38594.49092042081
38594.49092042081
38594.49092042081
38594.49092042081
38594.49092042081
38594.49092042081
38594.49092042081
38594.49092042081
38594.49092042081
38594.49092042081
38389.0883975189
38389.0883975189
38389.0883975189
38389.0883975189
38389.0883975189
38389.0883975189
38389.0883975189
38389.0883975189
38389.0883975189
38389.0883975189
38389.0883975189
38389.0883975189
38389.0883975189
38389.0883975189
38389.0883975189
38389.0883975189
38389.0883975189
38389.0883975189
38389.0883975189
38389.0883975189
38389.0883975189
38389.0883975189
38389.0883975189
38389.0883975189
38389.0883975189
38389.0883975189
38389.0883975189
38389.0883975189
38389.0883975189
38389.0883975189
38389.0883975189
38389.0883975189
38389.0883975189
38389.0883975189
38376.498163285876
38376.498163285876
38376.498163285876
38376.498163285876
38376.498163285876
38376.498163285876
38376.498163285876
38376.498163285876
38376.498163285876
38376.498163285876
38376.498163285876
37985.871211523205
37985.871211523205
37985.871211523205
37985.871211523205
37985.871211523205
37985.871211523205
37985.871211523205
37985.871211523205
37985.871211523205
37985.871211523205
37985.871211523205
37985.871211523205
37985.871211523205
37985.871211523205
37985.871211523205
37985.871211523205
37985.871211523205
37985.871211523205
37985.871211523205
37985.871211523205
37985.871211523205
37985.871211523205
37985.871211523205
37985.871211523205
37985.871211523205
37985.871211523205
37985.871211523205
37985.871211523205
37985.871211523205
37985.871211523205
37985.871211523205
37985.871211523205
37985.871211523205
37985.871211523205
37985.871211523205
37985.871211523205
37839.40231449977
37839.40231449977
37839.40231449977
37839.40231449977
37839.40231449977
37839.40231449977
37839.40231449977
37839.40231449977
37839.40231449977
37839.40231449977
37839.40231449977
37839.40231449977
37839.40231449977
37839.40231449977
37839.40231449977
37839.40231449977
37839.40231449977
37839.40231449977
37839.40231449977
37839.40231449977
37800.73166110529
37800.73166110529
37800.73166110529
37296.91067400615
37296.91067400615
37296.91067400615
37296.91067400615
37296.91067400615
37296.91067400615
37296.91067400615
37296.91067400615
37296.91067400615
37296.91067400615
37296.91067400615
37296.91067400615
37296.91067400615
37296.91067400615
37296.91067400615
37296.91067400615
37296.91067400615
37296.91067400615
37296.91067400615
37296.91067400615
37296.91067400615
37296.91067400615
37296.91067400615
37296.91067400615
37296.91067400615
37296.91067400615
36975.38655722906
36975.38655722906
36975.38655722906
36975.38655722906
36975.38655722906
36975.38655722906
36975.38655722906
36975.38655722906
36975.38655722906
36975.38655722906
36975.38655722906
36975.38655722906
36975.38655722906
36975.38655722906
36975.38655722906
36975.38655722906
36975.38655722906
36975.38655722906
36975.38655722906
36975.38655722906
36975.38655722906
36975.38655722906
36975.38655722906
36975.38655722906
36975.38655722906
36975.38655722906
36975.38655722906
36975.38655722906
36975.38655722906
36975.38655722906
36975.38655722906
36975.38655722906
36975.38655722906
36975.38655722906
36975.38655722906
36975.38655722906
36975.38655722906
36975.38655722906
36975.38655722906
36975.38655722906
36975.38655722906
36975.38655722906
36975.38655722906
36975.38655722906
36975.38655722906
36975.38655722906
36975.38655722906
36975.38655722906
36975.38655722906
36975.38655722906
36975.38655722906
36975.38655722906
36975.38655722906
36975.38655722906
36975.38655722906
36975.38655722906
36975.38655722906
36975.38655722906
36975.38655722906
36975.38655722906
36975.38655722906
36975.38655722906
36975.38655722906
36975.38655722906
36975.38655722906
36975.38655722906
36975.38655722906
36975.38655722906
36975.38655722906
36975.38655722906
36975.38655722906
36975.38655722906
36975.38655722906
36975.38655722906
36975.38655722906
36975.38655722906
36975.38655722906
36975.38655722906
36975.38655722906
36975.38655722906
36975.38655722906
36975.38655722906
36975.38655722906
36975.38655722906
36975.38655722906
36975.38655722906
36975.38655722906
36975.38655722906
36975.38655722906
36975.38655722906
36975.38655722906
36975.38655722906
36975.38655722906
36975.38655722906
36975.38655722906
36975.38655722906
36975.38655722906
36975.38655722906
36975.38655722906
36975.38655722906
36975.38655722906
36975.38655722906
36975.38655722906
36975.38655722906
36975.38655722906
36975.38655722906
36975.38655722906
36975.38655722906
36975.38655722906
36975.38655722906
36556.918802607026
36556.918802607026
36556.918802607026
36556.918802607026
36556.918802607026
36556.918802607026
36556.918802607026
36556.918802607026
36556.918802607026
36556.918802607026
36556.918802607026
36556.918802607026
36556.918802607026
36556.918802607026
36556.918802607026
36556.918802607026
36556.918802607026
36556.918802607026
36556.918802607026
36556.918802607026
36556.918802607026
36556.918802607026
36556.918802607026
36556.918802607026
36556.918802607026
36556.918802607026
36556.918802607026
36556.918802607026
36556.918802607026
36556.918802607026
36556.918802607026
36556.918802607026
36556.918802607026
36556.918802607026
36556.918802607026
36556.918802607026
36556.918802607026
36556.918802607026
36556.918802607026
36556.918802607026
36556.918802607026
36556.918802607026
36556.918802607026
36556.918802607026
36556.918802607026
36556.918802607026
36556.918802607026
36556.918802607026
36556.918802607026
36556.918802607026
36556.918802607026
36556.918802607026
36556.918802607026
36556.918802607026
36556.918802607026
36556.918802607026
36556.918802607026
36556.918802607026
36556.918802607026
36556.918802607026
36556.918802607026
36556.918802607026
36556.918802607026
36556.918802607026
36556.918802607026
36556.918802607026
36556.918802607026
36556.918802607026
36556.918802607026
36556.918802607026
36556.918802607026
36556.918802607026
36556.918802607026
36556.918802607026
36556.918802607026
36556.918802607026
36556.918802607026
36556.918802607026
36556.918802607026
36556.918802607026
36556.918802607026
36556.918802607026
36556.918802607026
36556.918802607026
36556.918802607026
36556.918802607026
36556.918802607026
36556.918802607026
36556.918802607026
36556.918802607026
36556.918802607026
36556.918802607026
36556.918802607026
36556.918802607026
36556.918802607026
36556.918802607026
36556.918802607026
36556.918802607026
36556.918802607026
36556.918802607026
36556.918802607026
36556.918802607026
36556.918802607026
36556.918802607026
36556.918802607026
36556.918802607026
36556.918802607026
36556.918802607026
36556.918802607026
36556.918802607026
36556.918802607026
36556.918802607026
36556.918802607026
36556.918802607026
36556.918802607026
36556.918802607026
36556.918802607026
36556.918802607026
36556.918802607026
36556.918802607026
36556.918802607026
36556.918802607026
36556.918802607026
36556.918802607026
36556.918802607026
36556.918802607026
36556.918802607026
36556.918802607026
36556.918802607026
36556.918802607026
36556.918802607026
36556.918802607026
36556.918802607026
36556.918802607026
36556.918802607026
36556.918802607026
36556.918802607026
36556.918802607026
36556.918802607026
36556.918802607026
36556.918802607026
36556.918802607026
36556.918802607026
36556.918802607026
36556.918802607026
36556.918802607026
36556.918802607026
36556.918802607026
36556.918802607026
36556.918802607026
36556.918802607026
36556.918802607026
36556.918802607026
36556.918802607026
36556.918802607026
36556.918802607026
36556.918802607026
36556.918802607026
36556.918802607026
36556.918802607026
36556.918802607026
36556.918802607026
36556.918802607026
36556.918802607026
36556.918802607026
36556.918802607026
36556.918802607026
36556.918802607026
36556.918802607026
36556.918802607026
36556.918802607026
36556.918802607026
36556.918802607026
36556.918802607026
36556.918802607026
36556.918802607026
36556.918802607026
36556.918802607026
36556.918802607026
36556.918802607026
36556.918802607026
36556.918802607026
36556.918802607026
36556.918802607026
36556.918802607026
36556.918802607026
36556.918802607026
36556.918802607026
36556.918802607026
36556.918802607026
36556.918802607026
36556.918802607026
36556.918802607026
36556.918802607026
36556.918802607026
36556.918802607026
36556.918802607026
36556.918802607026
36556.918802607026
36556.918802607026
36556.918802607026
36556.918802607026
36556.918802607026
36556.918802607026
36556.918802607026
36556.918802607026
36556.918802607026
36556.918802607026
36556.918802607026
36556.918802607026
36556.918802607026
36556.918802607026
36556.918802607026
36556.918802607026
36556.918802607026
36556.918802607026
36556.918802607026
36556.918802607026
36556.918802607026
36556.918802607026
36536.13001736005
36536.13001736005
36536.13001736005
36536.13001736005
36536.13001736005
36536.13001736005
36536.13001736005
36536.13001736005
36536.13001736005
36536.13001736005
36536.13001736005
36536.13001736005
36536.13001736005
36536.13001736005
36536.13001736005
36536.13001736005
36536.13001736005
36536.13001736005
36536.13001736005
36536.13001736005
36536.13001736005
36536.13001736005
36536.13001736005
36536.13001736005
36536.13001736005
36536.13001736005
36536.13001736005
36536.13001736005
36536.13001736005
36536.13001736005
36536.13001736005
36536.13001736005
36536.13001736005
36536.13001736005
36395.04669635305
36395.04669635305
36395.04669635305
36395.04669635305
36395.04669635305
36395.04669635305
36395.04669635305
36395.04669635305
36301.79019956128
36301.79019956128
36301.79019956128
36301.79019956128
36301.79019956128
36301.79019956128
36301.79019956128
36301.79019956128
36301.79019956128
36301.79019956128
36301.79019956128
36301.79019956128
36301.79019956128
36301.79019956128
36301.79019956128
36227.96914859301
36227.96914859301
36227.96914859301
36227.96914859301
36227.96914859301
36227.96914859301
36227.96914859301
36227.96914859301
36227.96914859301
36227.96914859301
36227.96914859301
36227.96914859301
36227.96914859301
36227.96914859301
36227.96914859301
36227.96914859301
36227.96914859301
36227.96914859301
36227.96914859301
36227.96914859301
36227.96914859301
36227.96914859301
36227.96914859301
36151.16205418109
36151.16205418109
36151.16205418109
36151.16205418109
36151.16205418109
36151.16205418109
36151.16205418109
36151.16205418109
36151.16205418109
35805.02667721348
35805.02667721348
35805.02667721348
35805.02667721348
35805.02667721348
35805.02667721348
35805.02667721348
35805.02667721348
35805.02667721348
35805.02667721348
35805.02667721348
35805.02667721348
35805.02667721348
35805.02667721348
35805.02667721348
35805.02667721348
35805.02667721348
35805.02667721348
35805.02667721348
35805.02667721348
35805.02667721348
35805.02667721348
35805.02667721348
35805.02667721348
35805.02667721348
35805.02667721348
35805.02667721348
35805.02667721348
35805.02667721348
35805.02667721348
35805.02667721348
35805.02667721348
35805.02667721348
35805.02667721348
35805.02667721348
35805.02667721348
35805.02667721348
35805.02667721348
35805.02667721348
35805.02667721348
35805.02667721348
35805.02667721348
35805.02667721348
35805.02667721348
35805.02667721348
35805.02667721348
35805.02667721348
35805.02667721348
35805.02667721348
35805.02667721348
35805.02667721348
35805.02667721348
35805.02667721348
35805.02667721348
35805.02667721348
35805.02667721348
35805.02667721348
35805.02667721348
35805.02667721348
35805.02667721348
35805.02667721348
35805.02667721348
35805.02667721348
35805.02667721348
35805.02667721348
35805.02667721348
35805.02667721348
35805.02667721348
35805.02667721348
35805.02667721348
35805.02667721348
35805.02667721348
35805.02667721348
35805.02667721348
35805.02667721348
35805.02667721348
35805.02667721348
35805.02667721348
35805.02667721348
35805.02667721348
35805.02667721348
35805.02667721348
35805.02667721348
35687.02900179881
35687.02900179881
35687.02900179881
35687.02900179881
35687.02900179881
35687.02900179881
35687.02900179881
35687.02900179881
35687.02900179881
35687.02900179881
35687.02900179881
35687.02900179881
35687.02900179881
35687.02900179881
35687.02900179881
35687.02900179881
35687.02900179881
35687.02900179881
35687.02900179881
35687.02900179881
35687.02900179881
35687.02900179881
35687.02900179881
35687.02900179881
35687.02900179881
35687.02900179881
35687.02900179881
35687.02900179881
35687.02900179881
35687.02900179881
35687.02900179881
35687.02900179881
35687.02900179881
35687.02900179881
35687.02900179881
35687.02900179881
35687.02900179881
35687.02900179881
35687.02900179881
35687.02900179881
35687.02900179881
35687.02900179881
35687.02900179881
35687.02900179881
35687.02900179881
35687.02900179881
35687.02900179881
35687.02900179881
35687.02900179881
35687.02900179881
35687.02900179881
35687.02900179881
35687.02900179881
35687.02900179881
35687.02900179881
35687.02900179881
35687.02900179881
35687.02900179881
35687.02900179881
35687.02900179881
35687.02900179881
35687.02900179881
35687.02900179881
35687.02900179881
35687.02900179881
35687.02900179881
35687.02900179881
35687.02900179881
35687.02900179881
35687.02900179881
35687.02900179881
35687.02900179881
35687.02900179881
35687.02900179881
35687.02900179881
35687.02900179881
35687.02900179881
35687.02900179881
35687.02900179881
35687.02900179881
35687.02900179881
35687.02900179881
35687.02900179881
35687.02900179881
35687.02900179881
35687.02900179881
35687.02900179881
35687.02900179881
35687.02900179881
35687.02900179881
35687.02900179881
35687.02900179881
35687.02900179881
35687.02900179881
35687.02900179881
35687.02900179881
35687.02900179881
35687.02900179881
35687.02900179881
35687.02900179881
35687.02900179881
35687.02900179881
35687.02900179881
35687.02900179881
35687.02900179881
35687.02900179881
35687.02900179881
35627.46353993204
35627.46353993204
35197.211797751515
35197.211797751515
35197.211797751515
35197.211797751515
35197.211797751515
35197.211797751515
35197.211797751515
35197.211797751515
35197.211797751515
35197.211797751515
35197.211797751515
35197.211797751515
35197.211797751515
35197.211797751515
35197.211797751515
35197.211797751515
35197.211797751515
35197.211797751515
35197.211797751515
35197.211797751515
35197.211797751515
35197.211797751515
35197.211797751515
35197.211797751515
35197.211797751515
35197.211797751515
35197.211797751515
35197.211797751515
35197.211797751515
35197.211797751515
35197.211797751515
35197.211797751515
35197.211797751515
35197.211797751515
35197.211797751515
35197.211797751515
35197.211797751515
35197.211797751515
35197.211797751515
35197.211797751515
35197.211797751515
35197.211797751515
35197.211797751515
35197.211797751515
35197.211797751515
35197.211797751515
35197.211797751515
35197.211797751515
35197.211797751515
35197.211797751515
35197.211797751515
35197.211797751515
35197.211797751515
35197.211797751515
35197.211797751515
35197.211797751515
35044.10790952633
35044.10790952633
35044.10790952633
35044.10790952633
35044.10790952633
35044.10790952633
35044.10790952633
35044.10790952633
35044.10790952633
35044.10790952633
35044.10790952633
34696.53188151879
34696.53188151879
34696.53188151879
34696.53188151879
34696.53188151879
34696.53188151879
34696.53188151879
34696.53188151879
34696.53188151879
34696.53188151879
34696.53188151879
34696.53188151879
34696.53188151879
34696.53188151879
34696.53188151879
34696.53188151879
34696.53188151879
34696.53188151879
34696.53188151879
34696.53188151879
34696.53188151879
34696.53188151879
34696.53188151879
34696.53188151879
34696.53188151879
34696.53188151879
34696.53188151879
34696.53188151879
34696.53188151879
34696.53188151879
34696.53188151879
34696.53188151879
34696.53188151879
34696.53188151879
34696.53188151879
34696.53188151879
34696.53188151879
34696.53188151879
34696.53188151879
34696.53188151879
34696.53188151879
34696.53188151879
34696.53188151879
34696.53188151879
34696.53188151879
34696.53188151879
34696.53188151879
34696.53188151879
34696.53188151879
34696.53188151879
34696.53188151879
34696.53188151879
34696.53188151879
34696.53188151879
34696.53188151879
34696.53188151879
34696.53188151879
34696.53188151879
34696.53188151879
34696.53188151879
34696.53188151879
34696.53188151879
34696.53188151879
34696.53188151879
34696.53188151879
34696.53188151879
34696.53188151879
34696.53188151879
34696.53188151879
34696.53188151879
34696.53188151879
34696.53188151879
34696.53188151879
34696.53188151879
34696.53188151879
34696.53188151879
34696.53188151879
34696.53188151879
34696.53188151879
34696.53188151879
34696.53188151879
34696.53188151879
34696.53188151879
34696.53188151879
34696.53188151879
34696.53188151879
34696.53188151879
34696.53188151879
34696.53188151879
34696.53188151879
34696.53188151879
34696.53188151879
34696.53188151879
34696.53188151879
34696.53188151879
34696.53188151879
34696.53188151879
34696.53188151879
34696.53188151879
34696.53188151879
34696.53188151879
34696.53188151879
34696.53188151879
34696.53188151879
34696.53188151879
34696.53188151879
34696.53188151879
34696.53188151879
34696.53188151879
34696.53188151879
34696.53188151879
34696.53188151879
34696.53188151879
34696.53188151879
34696.53188151879
34696.53188151879
34696.53188151879
34696.53188151879
34696.53188151879
34696.53188151879
34696.53188151879
34696.53188151879
34696.53188151879
34696.53188151879
34696.53188151879
34696.53188151879
34696.53188151879
34696.53188151879
34696.53188151879
34696.53188151879
34696.53188151879
34696.53188151879
34696.53188151879
34696.53188151879
34696.53188151879
34696.53188151879
34696.53188151879
34696.53188151879
34696.53188151879
34696.53188151879
34696.53188151879
34696.53188151879
34696.53188151879
34696.53188151879
34696.53188151879
34696.53188151879
34696.53188151879
34696.53188151879
34696.53188151879
34696.53188151879
34696.53188151879
34696.53188151879
34696.53188151879
34696.53188151879
34696.53188151879
34696.53188151879
34696.53188151879
34696.53188151879
34696.53188151879
34696.53188151879
34696.53188151879
34696.53188151879
34696.53188151879
34696.53188151879
34696.53188151879
34696.53188151879
34696.53188151879
34696.53188151879
34696.53188151879
34696.53188151879
34696.53188151879
34696.53188151879
34696.53188151879
34696.53188151879
34696.53188151879
34696.53188151879
34696.53188151879
34696.53188151879
34696.53188151879
34696.53188151879
34696.53188151879
34696.53188151879
34696.53188151879
34696.53188151879
34696.53188151879
34696.53188151879
34696.53188151879
34696.53188151879
34696.53188151879
34696.53188151879
34696.53188151879
34696.53188151879
34696.53188151879
34696.53188151879
34696.53188151879
34696.53188151879
34696.53188151879
34696.53188151879
34696.53188151879
34696.53188151879
34696.53188151879
34696.53188151879
34696.53188151879
34696.53188151879
34696.53188151879
34696.53188151879
34696.53188151879
34696.53188151879
34670.792214059664
34670.792214059664
34670.792214059664
34670.792214059664
34670.792214059664
34670.792214059664
34670.792214059664
34460.53188151879
34460.53188151879
34460.53188151879
34460.53188151879
34460.53188151879
34460.53188151879
34460.53188151879
34460.53188151879
34460.53188151879
34460.53188151879
34460.53188151879
34460.53188151879
34460.53188151879
34460.53188151879
34460.53188151879
34460.53188151879
34460.53188151879
34460.53188151879
34460.53188151879
34460.53188151879
34460.53188151879
34460.53188151879
34460.53188151879
34460.53188151879
34460.53188151879
34460.53188151879
34460.53188151879
34460.53188151879
34460.53188151879
34460.53188151879
34460.53188151879
34460.53188151879
34460.53188151879
34460.53188151879
34460.53188151879
34460.53188151879
34460.53188151879
34460.53188151879
34460.53188151879
34460.53188151879
34460.53188151879
34460.53188151879
34460.53188151879
34460.53188151879
34460.53188151879
34460.53188151879
34460.53188151879
34460.53188151879
34460.53188151879
34460.53188151879
34460.53188151879
34460.53188151879
34460.53188151879
34460.53188151879
34460.53188151879
34460.53188151879
34460.53188151879
34460.53188151879
34460.53188151879
34460.53188151879
34460.53188151879
34460.53188151879
34460.53188151879
34460.53188151879
34460.53188151879
34460.53188151879
34460.53188151879
34460.53188151879
34460.53188151879
34460.53188151879
34460.53188151879
34460.53188151879
34460.53188151879
34460.53188151879
34460.53188151879
34460.53188151879
34460.53188151879
34460.53188151879
34460.53188151879
34460.53188151879
34460.53188151879
34460.53188151879
34460.53188151879
34460.53188151879
34387.2162938461
34387.2162938461
34387.2162938461
34387.2162938461
34387.2162938461
34387.2162938461
34387.2162938461
34387.2162938461
34387.2162938461
34387.2162938461
34387.2162938461
34387.2162938461
34387.2162938461
34387.2162938461
34387.2162938461
34387.2162938461
34387.2162938461
34387.2162938461
34387.2162938461
34387.2162938461
34387.2162938461
34387.2162938461
34387.2162938461
34387.2162938461
34387.2162938461
34387.2162938461
34387.2162938461
34387.2162938461
34387.2162938461
34387.2162938461
34387.2162938461
34387.2162938461
34387.2162938461
34387.2162938461
34387.2162938461
34387.2162938461
34387.2162938461
34387.2162938461
34329.41032998286
34329.41032998286
34329.41032998286
34329.41032998286
34329.41032998286
34329.41032998286
34329.41032998286
34329.41032998286
34329.41032998286
34329.41032998286
34329.41032998286
34329.41032998286
34329.41032998286
34329.41032998286
34329.41032998286
34329.41032998286
34329.41032998286
34329.41032998286
34329.41032998286
34329.41032998286
34329.41032998286
34329.41032998286
34329.41032998286
34329.41032998286
34329.41032998286
34329.41032998286
34329.41032998286
34329.41032998286
34329.41032998286
34329.41032998286
34329.41032998286
34329.41032998286
34311.202204372785
34311.202204372785
34311.202204372785
34311.202204372785
34311.202204372785
34311.202204372785
34311.202204372785
34311.202204372785
34311.202204372785
34311.202204372785
34311.202204372785
34311.202204372785
34311.202204372785
34311.202204372785
34311.202204372785
34311.202204372785
34311.202204372785
34311.202204372785
34311.202204372785
34311.202204372785
34311.202204372785
34311.202204372785
34311.202204372785
34311.202204372785
34311.202204372785
34311.202204372785
34311.202204372785
34311.202204372785
34311.202204372785
34311.202204372785
34311.202204372785
34311.202204372785
34311.202204372785
34311.202204372785
34311.202204372785
34311.202204372785
34311.202204372785
34311.202204372785
34311.202204372785
34311.202204372785
34311.202204372785
34311.202204372785
34311.202204372785
34311.202204372785
34311.202204372785
34311.202204372785
34311.202204372785
34286.21291472326
33859.311056813545
33859.311056813545
33859.311056813545
33859.311056813545
33859.311056813545
33859.311056813545
33859.311056813545
33859.311056813545
33859.311056813545
33859.311056813545
33859.311056813545
33859.311056813545
33808.63444495268
33808.63444495268
33808.63444495268
33808.63444495268
33808.63444495268
33808.63444495268
33808.63444495268
33808.63444495268
33808.63444495268
33808.63444495268
33808.63444495268
33808.63444495268
33808.63444495268
33808.63444495268
33808.63444495268
33808.63444495268
33808.63444495268
33808.63444495268
33808.63444495268
33808.63444495268
33808.63444495268
33808.63444495268
33808.63444495268
33808.63444495268
33808.63444495268
33808.63444495268
33808.63444495268
33808.63444495268
33808.63444495268
33808.63444495268
33808.63444495268
33808.63444495268
33808.63444495268
33808.63444495268
33808.63444495268
33808.63444495268
33808.63444495268
33808.63444495268
33808.63444495268
33808.63444495268
33808.63444495268
33808.63444495268
33808.63444495268
33808.63444495268
33808.63444495268
33808.63444495268
33808.63444495268
33808.63444495268
33808.63444495268
33808.63444495268
33808.63444495268
33808.63444495268
33808.63444495268
33808.63444495268
33808.63444495268
33808.63444495268
33808.63444495268
33808.63444495268
33808.63444495268
33808.63444495268
33808.63444495268
33808.63444495268
33808.63444495268
33808.63444495268
33808.63444495268
33808.63444495268
33808.63444495268
33808.63444495268
33808.63444495268
33808.63444495268
33506.57147590843
33506.57147590843
33506.57147590843
33506.57147590843
33506.57147590843
33506.57147590843
33506.57147590843
33506.57147590843
33506.57147590843
33506.57147590843
33506.57147590843
33506.57147590843
33506.57147590843
33506.57147590843
33506.57147590843
33506.57147590843
33506.57147590843
33506.57147590843
33506.57147590843
33506.57147590843
33506.57147590843
33506.57147590843
33506.57147590843
33506.57147590843
33506.57147590843
33506.57147590843
33506.57147590843
33506.57147590843
33506.57147590843
33506.57147590843
33506.57147590843
33506.57147590843
33506.57147590843
33506.57147590843
33506.57147590843
33506.57147590843
33506.57147590843
33506.57147590843
33506.57147590843
33506.57147590843
33506.57147590843
33506.57147590843
33506.57147590843
33506.57147590843
33506.57147590843
33506.57147590843
33506.57147590843
33506.57147590843
33506.57147590843
33506.57147590843
33506.57147590843
33506.57147590843
33506.57147590843
33506.57147590843
33506.57147590843
33506.57147590843
33506.57147590843
33506.57147590843
33506.57147590843
33506.57147590843
33506.57147590843
33506.57147590843
33506.57147590843
33506.57147590843
33506.57147590843
33506.57147590843
33506.57147590843
33506.57147590843
33506.57147590843
33506.57147590843
33506.57147590843
33506.57147590843
33506.57147590843
33506.57147590843
33506.57147590843
33506.57147590843
33506.57147590843
33506.57147590843
33506.57147590843
33506.57147590843
33506.57147590843
33506.57147590843
33506.57147590843
33506.57147590843
33506.57147590843
33506.57147590843
33506.57147590843
33506.57147590843
33506.57147590843
33506.57147590843
33506.57147590843
33506.57147590843
33506.57147590843
33506.57147590843
33506.57147590843
33506.57147590843
33506.57147590843
33506.57147590843
33506.57147590843
33506.57147590843
33506.57147590843
33506.57147590843
33506.57147590843
33506.57147590843
33506.57147590843
33506.57147590843
33506.57147590843
33506.57147590843
33506.57147590843
33506.57147590843
33506.57147590843
33506.57147590843
33506.57147590843
33506.57147590843
33506.57147590843
33506.57147590843
33506.57147590843
33506.57147590843
33506.57147590843
33506.57147590843
33506.57147590843
33506.57147590843
33506.57147590843
33506.57147590843
33506.57147590843
33506.57147590843
33506.57147590843
33506.57147590843
33506.57147590843
33506.57147590843
33506.57147590843
33506.57147590843
33506.57147590843
33506.57147590843
33506.57147590843
33506.57147590843
33506.57147590843
33506.57147590843
33506.57147590843
33506.57147590843
33506.57147590843
33506.57147590843
33506.57147590843
33506.57147590843
33506.57147590843
33506.57147590843
33506.57147590843
33506.57147590843
33506.57147590843
33506.57147590843
33506.57147590843
33506.57147590843
33506.57147590843
33506.57147590843
33506.57147590843
33506.57147590843
33506.57147590843
33506.57147590843
33506.57147590843
33506.57147590843
33506.57147590843
33506.57147590843
33506.57147590843
33506.57147590843
33506.57147590843
33506.57147590843
33506.57147590843
33506.57147590843
33506.57147590843
33506.57147590843
33506.57147590843
33249.716954985386
33249.716954985386
33249.716954985386
33249.716954985386
33249.716954985386
33249.716954985386
33249.716954985386
33249.716954985386
33249.716954985386
33249.716954985386
33249.716954985386
33249.716954985386
33249.716954985386
33249.716954985386
33249.716954985386
33249.716954985386
33249.716954985386
33249.716954985386
33249.716954985386
33249.716954985386
33249.716954985386
33249.716954985386
33249.716954985386
33249.716954985386
33249.716954985386
33249.716954985386
33249.716954985386
33249.716954985386
33249.716954985386
33249.716954985386
33249.716954985386
33249.716954985386
33249.716954985386
33249.716954985386
33249.716954985386
33249.716954985386
33249.716954985386
33249.716954985386
33249.716954985386
33249.716954985386
33249.716954985386
33249.716954985386
33249.716954985386
33249.716954985386
33249.716954985386
33249.716954985386
33249.716954985386
33249.716954985386
33249.716954985386
33249.716954985386
33249.716954985386
33249.716954985386
33249.716954985386
33249.716954985386
33249.716954985386
33249.716954985386
33249.716954985386
33249.716954985386
33249.716954985386
33249.716954985386
33249.716954985386
33249.716954985386
33249.716954985386
33096.373672242524
33096.373672242524
33096.373672242524
33096.373672242524
33096.373672242524
33096.373672242524
33085.35177361122
33085.35177361122
33085.35177361122
33085.35177361122
33085.35177361122
33085.35177361122
33085.35177361122
33085.35177361122
33085.35177361122
33085.35177361122
33085.35177361122
33085.35177361122
33085.35177361122
33085.35177361122
33085.35177361122
33085.35177361122
33085.35177361122
33085.35177361122
33085.35177361122
33085.35177361122
33085.35177361122
33085.35177361122
33085.35177361122
33085.35177361122
33085.35177361122
33085.35177361122
33085.35177361122
33085.35177361122
33085.35177361122
33085.35177361122
33085.35177361122
33085.35177361122
33085.35177361122
33085.35177361122
33085.35177361122
33085.35177361122
33085.35177361122
33085.35177361122
33085.35177361122
33085.35177361122
33085.35177361122
33085.35177361122
33085.35177361122
33085.35177361122
33085.35177361122
33085.35177361122
33085.35177361122
33085.35177361122
33085.35177361122
33085.35177361122
33085.35177361122
33085.35177361122
33085.35177361122
33085.35177361122
33085.35177361122
33085.35177361122
32929.62319273657
32929.62319273657
32929.62319273657
32919.31635085323
32919.31635085323
32919.31635085323
32919.31635085323
32919.31635085323
32919.31635085323
32919.31635085323
32919.31635085323
32919.31635085323
32919.31635085323
32919.31635085323
32919.31635085323
32919.31635085323
32919.31635085323
32919.31635085323
32919.31635085323
32919.31635085323
32919.31635085323
32919.31635085323
32919.31635085323
32919.31635085323
32919.31635085323
32919.31635085323
32904.81322509525
32904.81322509525
32904.81322509525
32904.81322509525
32904.81322509525
32904.81322509525
32904.81322509525
32904.81322509525
32904.81322509525
32904.81322509525
32904.81322509525
32904.81322509525
32904.81322509525
32904.81322509525
32904.81322509525
32904.81322509525
32904.81322509525
32904.81322509525
32904.81322509525
32904.81322509525
32904.81322509525
32904.81322509525
32904.81322509525
32904.81322509525
32904.81322509525
32904.81322509525
32904.81322509525
32904.81322509525
32904.81322509525
32904.81322509525
32904.81322509525
32904.81322509525
32904.81322509525
32904.81322509525
32904.81322509525
32904.81322509525
32904.81322509525
32904.81322509525
32904.81322509525
32904.81322509525
32904.81322509525
32904.81322509525
32904.81322509525
32904.81322509525
32904.81322509525
32904.81322509525
32904.81322509525
32904.81322509525
32904.81322509525
32904.81322509525
32904.81322509525
32904.81322509525
32904.81322509525
32904.81322509525
32904.81322509525
32904.81322509525
32904.81322509525
32904.81322509525
32904.81322509525
32904.81322509525
32904.81322509525
32904.81322509525
32904.81322509525
32904.81322509525
32904.81322509525
32904.81322509525
32904.81322509525
32904.81322509525
32884.517860408356
32884.517860408356
32884.517860408356
32884.517860408356
32884.517860408356
32884.517860408356
32884.517860408356
32884.517860408356
32884.517860408356
32884.517860408356
32884.517860408356
32884.517860408356
32884.517860408356
32884.517860408356
32884.517860408356
32884.517860408356
32884.517860408356
32884.517860408356
32884.517860408356
32884.517860408356
32765.973068110365
32765.973068110365
32722.7678113129
32722.7678113129
32722.7678113129
32722.7678113129
32722.7678113129
32722.7678113129
32722.7678113129
32722.7678113129
32722.7678113129
32722.7678113129
32722.7678113129
32722.7678113129
32722.7678113129
32722.7678113129
32722.7678113129
32722.7678113129
32722.7678113129
32722.7678113129
32722.7678113129
32684.9923745895
32684.9923745895
32684.9923745895
32684.9923745895
32684.9923745895
32684.9923745895
32684.9923745895
32684.9923745895
32684.9923745895
32456.95746008863
32456.95746008863
32456.95746008863
32456.95746008863
32456.95746008863
32456.95746008863
32456.95746008863
32456.95746008863
32456.95746008863
32456.95746008863
32456.95746008863
32456.95746008863
32456.95746008863
32456.95746008863
32456.95746008863
32456.95746008863
32456.95746008863
32456.95746008863
32456.95746008863
32456.95746008863
32456.95746008863
32456.95746008863
32456.95746008863
32456.95746008863
32456.95746008863
32456.95746008863
32456.95746008863
32456.95746008863
32456.95746008863
32456.95746008863
32456.95746008863
32456.95746008863
32456.95746008863
32456.95746008863
32456.95746008863
32456.95746008863
32456.95746008863
32456.95746008863
32456.95746008863
32456.95746008863
32456.95746008863
32456.95746008863
32456.95746008863
32456.95746008863
32456.95746008863
32456.95746008863
32456.95746008863
32456.95746008863
32456.95746008863
32456.95746008863
32456.95746008863
32456.95746008863
32456.95746008863
32456.95746008863
32456.95746008863
32456.95746008863
32456.95746008863
32456.95746008863
32456.95746008863
32456.95746008863
32456.95746008863
32456.95746008863
32456.95746008863
32456.95746008863
32456.95746008863
32456.95746008863
32456.95746008863
32456.95746008863
32456.95746008863
32456.95746008863
32456.95746008863
32456.95746008863
32456.95746008863
32456.95746008863
32456.95746008863
32407.0011846286
32407.0011846286
32407.0011846286
32407.0011846286
32407.0011846286
32407.0011846286
32407.0011846286
32407.0011846286
32407.0011846286
32407.0011846286
32407.0011846286
32407.0011846286
32407.0011846286
32407.0011846286
32374.421905961113
32374.421905961113
32374.421905961113
32374.421905961113
32374.421905961113
32374.421905961113
32374.421905961113
32374.421905961113
32374.421905961113
32374.421905961113
32374.421905961113
32374.421905961113
32374.421905961113
32374.421905961113
32374.421905961113
32374.421905961113
32374.421905961113
32374.421905961113
32374.421905961113
32374.421905961113
32374.421905961113
32374.421905961113
32374.421905961113
32374.421905961113
32374.421905961113
32374.421905961113
32374.421905961113
32374.421905961113
32374.421905961113
32374.421905961113
32374.421905961113
32374.421905961113
32374.421905961113
32374.421905961113
32374.421905961113
32374.421905961113
32374.421905961113
32374.421905961113
32374.421905961113
32374.421905961113
32374.421905961113
32374.421905961113
32374.421905961113
32374.421905961113
32374.421905961113
32374.421905961113
32374.421905961113
32374.421905961113
32374.421905961113
32374.421905961113
32374.421905961113
32374.421905961113
32374.421905961113
32374.421905961113
32374.421905961113
32374.421905961113
32374.421905961113
32374.421905961113
32374.421905961113
32374.421905961113
32366.906623319173
32366.906623319173
32366.906623319173
32309.83165305323
32309.83165305323
32309.83165305323
32309.83165305323
32309.83165305323
32309.83165305323
32309.83165305323
32309.83165305323
32309.83165305323
32309.83165305323
32309.83165305323
32309.83165305323
32309.83165305323
32309.83165305323
31672.830371524295
31672.830371524295
31672.830371524295
31672.830371524295
31672.830371524295
31672.830371524295
31672.830371524295
31672.830371524295
31672.830371524295
31672.830371524295
31672.830371524295
31672.830371524295
31672.830371524295
31672.830371524295
31672.830371524295
31672.830371524295
31672.830371524295
31672.830371524295
31672.830371524295
31672.830371524295
31672.830371524295
31672.830371524295
31672.830371524295
31672.830371524295
31672.830371524295
31672.830371524295
31672.830371524295
31672.830371524295
31672.830371524295
31672.830371524295
31672.830371524295
31672.830371524295
31672.830371524295
31672.830371524295
31672.830371524295
31672.830371524295
31672.830371524295
31672.830371524295
31672.830371524295
31672.830371524295
31672.830371524295
31672.830371524295
31672.830371524295
31672.830371524295
31672.830371524295
31672.830371524295
31672.830371524295
31672.830371524295
31672.830371524295
31672.830371524295
31672.830371524295
31672.830371524295
31672.830371524295
31672.830371524295
31672.830371524295
31672.830371524295
31672.830371524295
31672.830371524295
31672.830371524295
31672.830371524295
31672.830371524295
31672.830371524295
31672.830371524295
31672.830371524295
31672.830371524295
31672.830371524295
31672.830371524295
31672.830371524295
31672.830371524295
31672.830371524295
31672.830371524295
31672.830371524295
31672.830371524295
31672.830371524295
31672.830371524295
31672.830371524295
31672.830371524295
31672.830371524295
31672.830371524295
31672.830371524295
31672.830371524295
31672.830371524295
31672.830371524295
31672.830371524295
31672.830371524295
31672.830371524295
31672.830371524295
31672.830371524295
31672.830371524295
31672.830371524295
31672.830371524295
31672.830371524295
31672.830371524295
31672.830371524295
31672.830371524295
31672.830371524295
31672.830371524295
31672.830371524295
31672.830371524295
31672.830371524295
31672.830371524295
31672.830371524295
31672.830371524295
31672.830371524295
31672.830371524295
31672.830371524295
31672.830371524295
31672.830371524295
31672.830371524295
31672.830371524295
31672.830371524295
31672.830371524295
31672.830371524295
31672.830371524295
31672.830371524295
31672.830371524295
31672.830371524295
31672.830371524295
31672.830371524295
31672.830371524295
31672.830371524295
31672.830371524295
31672.830371524295
31672.830371524295
31672.830371524295
31672.830371524295
31672.830371524295
31672.830371524295
31672.830371524295
31672.830371524295
31672.830371524295
31672.830371524295
31672.830371524295
31672.830371524295
31672.830371524295
31672.830371524295
31672.830371524295
31672.830371524295
31672.830371524295
31672.830371524295
31672.830371524295
31672.830371524295
31672.830371524295
31672.830371524295
31672.830371524295
31672.830371524295
31672.830371524295
31672.830371524295
31672.830371524295
31672.830371524295
31672.830371524295
31672.830371524295
31672.830371524295
31672.830371524295
31672.830371524295
31672.830371524295
31672.830371524295
31672.830371524295
31672.830371524295
31672.830371524295
31672.830371524295
31672.830371524295
31672.830371524295
31672.830371524295
31672.830371524295
31672.830371524295
31672.830371524295
31672.830371524295
31672.830371524295
31672.830371524295
31672.830371524295
31672.830371524295
31672.830371524295
31672.830371524295
31672.830371524295
31672.830371524295
31672.830371524295
31672.830371524295
31672.830371524295
31672.830371524295
31672.830371524295
31672.830371524295
31672.830371524295
31672.830371524295
31672.830371524295
31672.830371524295
31672.830371524295
31672.830371524295
31672.830371524295
31672.830371524295
31672.830371524295
31672.830371524295
31672.830371524295
31672.830371524295
31672.830371524295
31672.830371524295
31672.830371524295
31672.830371524295
31672.830371524295
31672.830371524295
31672.830371524295
31672.830371524295
31672.830371524295
31672.830371524295
31672.830371524295
31672.830371524295
31672.830371524295
31672.830371524295
31672.830371524295
31672.830371524295
31672.830371524295
31672.830371524295
31672.830371524295
31672.830371524295
31672.830371524295
31672.830371524295
31672.830371524295
31672.830371524295
31672.830371524295
31672.830371524295
31672.830371524295
31672.830371524295
31672.830371524295
31672.830371524295
31672.830371524295
31672.830371524295
31672.830371524295
31672.830371524295
31672.830371524295
31672.830371524295
31672.830371524295
31672.830371524295
31672.830371524295
31672.830371524295
31672.830371524295
31672.830371524295
31672.830371524295
31672.830371524295
31672.830371524295
31672.830371524295
31672.830371524295
31672.830371524295
31672.830371524295
31672.830371524295
31672.830371524295
31672.830371524295
31672.830371524295
31672.830371524295
31672.830371524295
31672.830371524295
31672.830371524295
31672.830371524295
31672.830371524295
31672.830371524295
31672.830371524295
31672.830371524295
31672.830371524295
31672.830371524295
31672.830371524295
31672.830371524295
31672.830371524295
31672.830371524295
31672.830371524295
31672.830371524295
31672.830371524295
31672.830371524295
31672.830371524295
31672.830371524295
31672.830371524295
31672.830371524295
31672.830371524295
31672.830371524295
31672.830371524295
31672.830371524295
31672.830371524295
31672.830371524295
31672.830371524295
31672.830371524295
31672.830371524295
31672.830371524295
31672.830371524295
31672.830371524295
31672.830371524295
31672.830371524295
31672.830371524295
31672.830371524295
31672.830371524295
31672.830371524295
31672.830371524295
31672.830371524295
31672.830371524295
31672.830371524295
31672.830371524295
31672.830371524295
31672.830371524295
31672.830371524295
31672.830371524295
31672.830371524295
31672.830371524295
31672.830371524295
31672.830371524295
31672.830371524295
31672.830371524295
31672.830371524295
31672.830371524295
31672.830371524295
31672.830371524295
31672.830371524295
31672.830371524295
31672.830371524295
31672.830371524295
31672.830371524295
31672.830371524295
31672.830371524295
31672.830371524295
31672.830371524295
31672.830371524295
31672.830371524295
31672.830371524295
31672.830371524295
31672.830371524295
31672.830371524295
31672.830371524295
31672.830371524295
31672.830371524295
31672.830371524295
31672.830371524295
31672.830371524295
31672.830371524295
31672.830371524295
31672.830371524295
31672.830371524295
31672.830371524295
31672.830371524295
31672.830371524295
31672.830371524295
31672.830371524295
31672.830371524295
31672.830371524295
31672.830371524295
31672.830371524295
31672.830371524295
31672.830371524295
31672.830371524295
31672.830371524295
31672.830371524295
31672.830371524295
31672.830371524295
31672.830371524295
31672.830371524295
31672.830371524295
31672.830371524295
31672.830371524295
31672.830371524295
31672.830371524295
31672.830371524295
31672.830371524295
31672.830371524295
31672.830371524295
31672.830371524295
31672.830371524295
31672.830371524295
31672.830371524295
31672.830371524295
31672.830371524295
31672.830371524295
31672.830371524295
31672.830371524295
31672.830371524295
31672.830371524295
31672.830371524295
31672.830371524295
31672.830371524295
31672.830371524295
31672.830371524295
31672.830371524295
31672.830371524295
31672.830371524295
31672.830371524295
31672.830371524295
31672.830371524295
31672.830371524295
31672.830371524295
31672.830371524295
31672.830371524295
31672.830371524295
31672.830371524295
31672.830371524295
31672.830371524295
31672.830371524295
31672.830371524295
31672.830371524295
31665.03124239728
31665.03124239728
31665.03124239728
31665.03124239728
31665.03124239728
31665.03124239728
31665.03124239728
31665.03124239728
31619.925910069058
31619.925910069058
31619.925910069058
31619.925910069058
31619.925910069058
31619.925910069058
31619.925910069058
31619.925910069058
31619.925910069058
31619.925910069058
31619.925910069058
31619.925910069058
Time: 24.567676782608032 seconds 
Best solution: 31619.925910069058 [104, 21, 15, 19, 25, 18, 17, 16, 24, 23, 29, 32, 33, 27, 26, 38, 42, 43, 51, 57, 63, 61, 60, 65, 66, 87, 90, 96, 97, 91, 74, 88, 94, 95, 100, 99, 98, 86, 73, 76, 77, 53, 84, 13, 79, 105, 59, 35, 101, 71, 67, 83, 85, 78, 46, 92, 82, 4, 1, 2, 7, 6, 10, 11, 30, 31, 40, 52, 58, 39, 34, 14, 5, 9, 8, 3, 12, 28, 20, 103, 22, 41, 37, 36, 48, 50, 44, 47, 54, 45, 55, 75, 80, 89, 93, 102, 68, 72, 81, 70, 69, 62, 49, 56, 64]
Avg solution: 44889.962140551994