Alg:2, Run: 9, file: C:\Users\gabri\Documents\AN 3 SEM 2\AI\Lab\Lab3\\lin105.tsp, population number: 100, generations: 5000 
107610.20895744851
105526.20725555159
105526.20725555159
105526.20725555159
100322.60004883035
100322.60004883035
100322.60004883035
93102.95685111328
93102.95685111328
93102.95685111328
93102.95685111328
93102.95685111328
93102.95685111328
93102.95685111328
93102.95685111328
93102.95685111328
93102.95685111328
93102.95685111328
93102.95685111328
93102.95685111328
93102.95685111328
93102.95685111328
93102.95685111328
93102.95685111328
93102.95685111328
93102.95685111328
93102.95685111328
93102.95685111328
93102.95685111328
93102.95685111328
93102.95685111328
93102.95685111328
93102.95685111328
93102.95685111328
93102.95685111328
93102.95685111328
93102.95685111328
93102.95685111328
93102.95685111328
93102.95685111328
93102.95685111328
93102.95685111328
93102.95685111328
93102.95685111328
93102.95685111328
93102.95685111328
93102.95685111328
92584.84123701212
92584.84123701212
92584.84123701212
92584.84123701212
92584.84123701212
92584.84123701212
92584.84123701212
92584.84123701212
92584.84123701212
92584.84123701212
92584.84123701212
92584.84123701212
92584.84123701212
89746.24549732626
89746.24549732626
89746.24549732626
89746.24549732626
89746.24549732626
89746.24549732626
89746.24549732626
89746.24549732626
89746.24549732626
89746.24549732626
89746.24549732626
89746.24549732626
89746.24549732626
88957.67693674694
88957.67693674694
88957.67693674694
86543.65134091313
86543.65134091313
86543.65134091313
86543.65134091313
85189.06754187171
85189.06754187171
85189.06754187171
85189.06754187171
85189.06754187171
85189.06754187171
85189.06754187171
85189.06754187171
85189.06754187171
85189.06754187171
85189.06754187171
85189.06754187171
84257.94529135717
84257.94529135717
84257.94529135717
84257.94529135717
84257.94529135717
84257.94529135717
84257.94529135717
84257.94529135717
84257.94529135717
84257.94529135717
84257.94529135717
84257.94529135717
84257.94529135717
84257.94529135717
84257.94529135717
80434.18569281661
80434.18569281661
80434.18569281661
80434.18569281661
80434.18569281661
80434.18569281661
80434.18569281661
80434.18569281661
80434.18569281661
80434.18569281661
80434.18569281661
80434.18569281661
80434.18569281661
80434.18569281661
80434.18569281661
80434.18569281661
80434.18569281661
80434.18569281661
80434.18569281661
80434.18569281661
80434.18569281661
80434.18569281661
80434.18569281661
80434.18569281661
80434.18569281661
80434.18569281661
80434.18569281661
80434.18569281661
79985.39804088797
79985.39804088797
79985.39804088797
79985.39804088797
79985.39804088797
77908.77389781577
77908.77389781577
77908.77389781577
77908.77389781577
77908.77389781577
77908.77389781577
77908.77389781577
77908.77389781577
77908.77389781577
77908.77389781577
77908.77389781577
77908.77389781577
77908.77389781577
77908.77389781577
77908.77389781577
77908.77389781577
77908.77389781577
77908.77389781577
77908.77389781577
77908.77389781577
77908.77389781577
77908.77389781577
77908.77389781577
77908.77389781577
77908.77389781577
77908.77389781577
77908.77389781577
77442.13867581182
77442.13867581182
77442.13867581182
77442.13867581182
77442.13867581182
77442.13867581182
77442.13867581182
77442.13867581182
77442.13867581182
77442.13867581182
77442.13867581182
77442.13867581182
77442.13867581182
77442.13867581182
77442.13867581182
77442.13867581182
77442.13867581182
77442.13867581182
77442.13867581182
77442.13867581182
77383.13472266823
75374.17192723276
75374.17192723276
75374.17192723276
75374.17192723276
75374.17192723276
75374.17192723276
73176.2378965325
73176.2378965325
73176.2378965325
73176.2378965325
73176.2378965325
73176.2378965325
73176.2378965325
73176.2378965325
73176.2378965325
73176.2378965325
73176.2378965325
73176.2378965325
73176.2378965325
73176.2378965325
73176.2378965325
73176.2378965325
73176.2378965325
73176.2378965325
73176.2378965325
73176.2378965325
73176.2378965325
73176.2378965325
73176.2378965325
73176.2378965325
73176.2378965325
73176.2378965325
73176.2378965325
73176.2378965325
73176.2378965325
73176.2378965325
73176.2378965325
73176.2378965325
73176.2378965325
73176.2378965325
73176.2378965325
73176.2378965325
73176.2378965325
73176.2378965325
73176.2378965325
73176.2378965325
73176.2378965325
73176.2378965325
73176.2378965325
73176.2378965325
73176.2378965325
73176.2378965325
73176.2378965325
73176.2378965325
73176.2378965325
73176.2378965325
73176.2378965325
73176.2378965325
73176.2378965325
73176.2378965325
71095.95303597146
71095.95303597146
71095.95303597146
71095.95303597146
71095.95303597146
71095.95303597146
71095.95303597146
71095.95303597146
71095.95303597146
71095.95303597146
71095.95303597146
71095.95303597146
71095.95303597146
71095.95303597146
71095.95303597146
71095.95303597146
71095.95303597146
71095.95303597146
71095.95303597146
71095.95303597146
71095.95303597146
71095.95303597146
71095.95303597146
71095.95303597146
71095.95303597146
71095.95303597146
71095.95303597146
71095.95303597146
71095.95303597146
71095.95303597146
71095.95303597146
71095.95303597146
71095.95303597146
71095.95303597146
71095.95303597146
71095.95303597146
71095.95303597146
71095.95303597146
71095.95303597146
71095.95303597146
71095.95303597146
71095.95303597146
71095.95303597146
71095.95303597146
71095.95303597146
71095.95303597146
71095.95303597146
71095.95303597146
71095.95303597146
71095.95303597146
71095.95303597146
70955.27819748
70955.27819748
70955.27819748
70955.27819748
70955.27819748
70955.27819748
70955.27819748
70955.27819748
70955.27819748
70955.27819748
70955.27819748
70955.27819748
70955.27819748
70955.27819748
70955.27819748
70955.27819748
70955.27819748
70955.27819748
70955.27819748
70062.57168020407
70062.57168020407
70062.57168020407
70062.57168020407
70062.57168020407
70062.57168020407
70062.57168020407
70062.57168020407
70062.57168020407
70062.57168020407
70062.57168020407
70062.57168020407
70062.57168020407
70062.57168020407
70062.57168020407
70062.57168020407
70062.57168020407
70062.57168020407
70062.57168020407
70062.57168020407
70062.57168020407
70062.57168020407
70062.57168020407
70062.57168020407
70062.57168020407
70062.57168020407
70062.57168020407
70062.57168020407
70062.57168020407
70062.57168020407
67940.73265318552
67940.73265318552
67940.73265318552
67940.73265318552
67940.73265318552
67940.73265318552
67940.73265318552
67940.73265318552
67940.73265318552
67940.73265318552
67940.73265318552
67940.73265318552
67940.73265318552
67940.73265318552
67940.73265318552
67940.73265318552
67940.73265318552
67940.73265318552
67940.73265318552
67940.73265318552
67940.73265318552
67940.73265318552
67940.73265318552
67940.73265318552
67940.73265318552
67940.73265318552
67940.73265318552
67940.73265318552
67940.73265318552
67940.73265318552
67940.73265318552
67940.73265318552
67940.73265318552
67940.73265318552
67940.73265318552
67940.73265318552
67940.73265318552
67940.73265318552
67826.21999625367
67826.21999625367
67826.21999625367
67826.21999625367
67826.21999625367
67826.21999625367
67826.21999625367
67826.21999625367
67826.21999625367
67826.21999625367
67826.21999625367
67826.21999625367
67826.21999625367
67826.21999625367
67826.21999625367
67826.21999625367
67826.21999625367
67826.21999625367
67826.21999625367
67826.21999625367
67826.21999625367
67826.21999625367
67826.21999625367
67826.21999625367
67826.21999625367
67826.21999625367
67826.21999625367
67826.21999625367
67826.21999625367
67826.21999625367
67826.21999625367
67826.21999625367
67826.21999625367
67826.21999625367
67826.21999625367
67826.21999625367
67826.21999625367
67826.21999625367
67826.21999625367
67826.21999625367
67826.21999625367
67826.21999625367
67826.21999625367
67826.21999625367
67826.21999625367
67826.21999625367
67826.21999625367
67826.21999625367
67826.21999625367
67826.21999625367
67826.21999625367
67826.21999625367
67826.21999625367
67826.21999625367
67826.21999625367
67826.21999625367
67826.21999625367
67826.21999625367
67826.21999625367
67826.21999625367
67826.21999625367
67826.21999625367
67826.21999625367
67826.21999625367
67826.21999625367
66949.1017176968
66949.1017176968
66949.1017176968
66949.1017176968
66949.1017176968
66949.1017176968
66949.1017176968
66949.1017176968
66949.1017176968
66949.1017176968
66949.1017176968
66949.1017176968
66949.1017176968
66949.1017176968
65973.5566937799
65973.5566937799
65973.5566937799
65973.5566937799
65973.5566937799
65973.5566937799
65973.5566937799
65973.5566937799
65973.5566937799
65973.5566937799
65973.5566937799
65973.5566937799
65973.5566937799
65973.5566937799
65973.5566937799
65973.5566937799
65973.5566937799
65973.5566937799
65973.5566937799
65973.5566937799
65973.5566937799
65675.75708627545
65675.75708627545
65675.75708627545
65675.75708627545
64386.38822815192
64386.38822815192
64386.38822815192
64386.38822815192
64386.38822815192
64386.38822815192
64386.38822815192
64386.38822815192
64386.38822815192
64386.38822815192
64386.38822815192
64386.38822815192
64386.38822815192
64386.38822815192
64386.38822815192
64386.38822815192
64386.38822815192
64386.38822815192
64386.38822815192
64386.38822815192
64386.38822815192
64386.38822815192
64386.38822815192
64386.38822815192
64386.38822815192
64386.38822815192
64386.38822815192
64386.38822815192
64386.38822815192
64386.38822815192
64386.38822815192
64386.38822815192
64386.38822815192
64386.38822815192
64386.38822815192
64386.38822815192
64386.38822815192
64386.38822815192
64386.38822815192
64386.38822815192
63885.22913683232
63885.22913683232
63885.22913683232
63885.22913683232
63885.22913683232
63378.74514255013
62688.075629035746
62688.075629035746
62688.075629035746
62688.075629035746
62688.075629035746
62688.075629035746
62688.075629035746
62688.075629035746
62688.075629035746
62688.075629035746
62688.075629035746
62688.075629035746
62688.075629035746
62688.075629035746
62688.075629035746
62688.075629035746
62688.075629035746
62688.075629035746
62688.075629035746
62688.075629035746
62688.075629035746
62688.075629035746
62688.075629035746
62688.075629035746
62688.075629035746
62688.075629035746
62688.075629035746
62688.075629035746
62688.075629035746
62688.075629035746
62688.075629035746
62688.075629035746
62688.075629035746
62688.075629035746
62688.075629035746
62688.075629035746
62688.075629035746
62688.075629035746
62688.075629035746
62688.075629035746
62688.075629035746
62688.075629035746
62688.075629035746
62688.075629035746
62688.075629035746
62426.665366380745
62426.665366380745
62199.70014936771
62199.70014936771
62199.70014936771
62199.70014936771
62199.70014936771
62199.70014936771
62199.70014936771
62199.70014936771
62199.70014936771
62199.70014936771
62199.70014936771
62199.70014936771
62199.70014936771
62199.70014936771
62199.70014936771
62199.70014936771
62199.70014936771
62199.70014936771
62199.70014936771
62199.70014936771
62199.70014936771
62199.70014936771
62199.70014936771
62199.70014936771
62054.36403254059
62054.36403254059
62054.36403254059
62054.36403254059
62054.36403254059
61705.88267749197
61705.88267749197
61705.88267749197
61705.88267749197
61705.88267749197
61705.88267749197
61705.88267749197
61705.88267749197
61626.13568995617
61626.13568995617
61626.13568995617
61626.13568995617
61626.13568995617
61626.13568995617
61626.13568995617
61626.13568995617
61626.13568995617
61626.13568995617
60906.48619182771
60906.48619182771
60906.48619182771
60906.48619182771
60906.48619182771
60906.48619182771
60906.48619182771
60906.48619182771
60906.48619182771
59411.5163380523
59411.5163380523
59411.5163380523
59411.5163380523
59411.5163380523
59411.5163380523
59411.5163380523
59411.5163380523
59411.5163380523
59411.5163380523
59411.5163380523
59411.5163380523
59411.5163380523
59411.5163380523
59411.5163380523
59411.5163380523
59411.5163380523
59411.5163380523
59411.5163380523
59411.5163380523
59411.5163380523
59411.5163380523
59411.5163380523
59411.5163380523
59411.5163380523
59411.5163380523
59411.5163380523
59411.5163380523
59411.5163380523
59411.5163380523
59411.5163380523
59411.5163380523
59411.5163380523
59411.5163380523
59411.5163380523
59411.5163380523
59411.5163380523
59411.5163380523
59411.5163380523
59411.5163380523
59411.5163380523
59411.5163380523
59411.5163380523
59411.5163380523
59411.5163380523
59411.5163380523
59411.5163380523
59411.5163380523
59411.5163380523
59411.5163380523
59411.5163380523
59411.5163380523
59411.5163380523
59411.5163380523
59411.5163380523
59411.5163380523
59411.5163380523
59411.5163380523
59411.5163380523
59411.5163380523
59411.5163380523
59411.5163380523
59411.5163380523
59411.5163380523
59411.5163380523
59411.5163380523
59411.5163380523
59411.5163380523
59411.5163380523
59411.5163380523
59411.5163380523
59411.5163380523
59411.5163380523
59411.5163380523
59411.5163380523
59411.5163380523
59411.5163380523
59411.5163380523
59411.5163380523
59411.5163380523
59411.5163380523
59411.5163380523
59411.5163380523
59411.5163380523
59411.5163380523
59411.5163380523
59411.5163380523
59411.5163380523
59411.5163380523
59411.5163380523
59411.5163380523
59411.5163380523
59411.5163380523
59411.5163380523
59411.5163380523
59411.5163380523
59411.5163380523
59411.5163380523
59411.5163380523
59411.5163380523
59411.5163380523
59411.5163380523
59411.5163380523
59411.5163380523
58827.72879888126
58827.72879888126
58827.72879888126
58827.72879888126
58827.72879888126
58827.72879888126
58827.72879888126
58827.72879888126
58827.72879888126
58827.72879888126
58827.72879888126
58827.72879888126
58827.72879888126
58827.72879888126
58827.72879888126
58827.72879888126
58827.72879888126
58827.72879888126
58827.72879888126
58827.72879888126
58827.72879888126
58827.72879888126
58827.72879888126
58827.72879888126
58827.72879888126
58827.72879888126
58827.72879888126
58827.72879888126
58827.72879888126
58827.72879888126
58827.72879888126
58827.72879888126
58827.72879888126
58827.72879888126
58827.72879888126
58827.72879888126
58827.72879888126
58827.72879888126
58827.72879888126
58827.72879888126
58827.72879888126
58827.72879888126
58827.72879888126
58827.72879888126
58827.72879888126
58827.72879888126
58827.72879888126
58827.72879888126
58827.72879888126
58827.72879888126
58827.72879888126
58213.89683698817
58213.89683698817
58213.89683698817
58213.89683698817
58213.89683698817
58213.89683698817
58213.89683698817
58213.89683698817
58213.89683698817
58213.89683698817
58213.89683698817
58213.89683698817
58213.89683698817
58213.89683698817
58213.89683698817
58213.89683698817
58213.89683698817
58213.89683698817
58213.89683698817
58213.89683698817
58213.89683698817
58213.89683698817
58213.89683698817
58213.89683698817
58213.89683698817
58213.89683698817
58213.89683698817
58213.89683698817
57389.12008098189
57389.12008098189
57389.12008098189
57389.12008098189
57389.12008098189
57389.12008098189
57389.12008098189
57389.12008098189
57389.12008098189
57389.12008098189
57389.12008098189
57389.12008098189
57389.12008098189
57389.12008098189
57389.12008098189
57389.12008098189
57389.12008098189
57389.12008098189
57389.12008098189
56311.910713162346
56311.910713162346
56311.910713162346
56311.910713162346
56311.910713162346
56311.910713162346
56311.910713162346
56311.910713162346
56311.910713162346
56311.910713162346
56311.910713162346
56311.910713162346
56311.910713162346
56311.910713162346
56311.910713162346
56311.910713162346
56311.910713162346
56311.910713162346
56311.910713162346
56311.910713162346
56311.910713162346
56311.910713162346
56311.910713162346
56311.910713162346
56311.910713162346
56311.910713162346
56311.910713162346
56311.910713162346
56311.910713162346
56311.910713162346
56311.910713162346
56311.910713162346
56311.910713162346
56311.910713162346
56311.910713162346
56311.910713162346
56311.910713162346
56311.910713162346
56311.910713162346
56311.910713162346
56311.910713162346
56311.910713162346
56311.910713162346
56311.910713162346
56311.910713162346
56311.910713162346
56311.910713162346
56311.910713162346
56311.910713162346
56311.910713162346
56311.910713162346
56311.910713162346
56311.910713162346
56311.910713162346
56311.910713162346
56311.910713162346
56311.910713162346
56311.910713162346
56311.910713162346
56311.910713162346
56311.910713162346
56311.910713162346
56311.910713162346
56311.910713162346
56311.910713162346
56311.910713162346
56311.910713162346
56311.910713162346
56311.910713162346
56311.910713162346
56311.910713162346
56311.910713162346
56311.910713162346
56311.910713162346
56311.910713162346
56311.910713162346
56311.910713162346
56311.910713162346
56311.910713162346
56311.910713162346
56311.910713162346
56311.910713162346
56311.910713162346
56311.910713162346
56311.910713162346
56311.910713162346
56311.910713162346
56311.910713162346
56311.910713162346
56311.910713162346
56291.7078685209
56291.7078685209
56291.7078685209
56291.7078685209
56291.7078685209
56291.7078685209
56291.7078685209
56291.7078685209
56291.7078685209
56291.7078685209
56291.7078685209
56291.7078685209
56291.7078685209
56291.7078685209
56291.7078685209
56291.7078685209
56291.7078685209
56291.7078685209
56291.7078685209
56291.7078685209
56291.7078685209
56291.7078685209
56291.7078685209
56291.7078685209
56291.7078685209
56291.7078685209
56291.7078685209
56291.7078685209
56291.7078685209
56291.7078685209
56291.7078685209
56291.7078685209
56291.7078685209
56291.7078685209
55610.567904901356
55610.567904901356
55610.567904901356
55610.567904901356
55610.567904901356
55610.567904901356
55610.567904901356
55610.567904901356
55610.567904901356
55610.567904901356
55610.567904901356
55610.567904901356
54776.59443809915
54776.59443809915
54776.59443809915
54776.59443809915
54776.59443809915
54776.59443809915
54776.59443809915
54776.59443809915
54776.59443809915
54776.59443809915
54776.59443809915
54776.59443809915
54776.59443809915
54235.14585109894
54235.14585109894
54235.14585109894
54235.14585109894
54235.14585109894
54235.14585109894
54235.14585109894
54235.14585109894
54235.14585109894
54235.14585109894
54235.14585109894
54235.14585109894
54235.14585109894
54235.14585109894
54235.14585109894
54235.14585109894
54235.14585109894
54235.14585109894
54235.14585109894
54235.14585109894
54235.14585109894
54235.14585109894
54235.14585109894
54235.14585109894
54235.14585109894
54235.14585109894
54235.14585109894
54235.14585109894
54235.14585109894
54235.14585109894
54235.14585109894
54235.14585109894
54235.14585109894
54235.14585109894
54235.14585109894
54235.14585109894
54235.14585109894
54235.14585109894
54235.14585109894
54235.14585109894
54235.14585109894
54235.14585109894
54235.14585109894
54235.14585109894
54235.14585109894
54235.14585109894
54235.14585109894
54235.14585109894
54235.14585109894
54235.14585109894
53713.298507136344
53713.298507136344
53713.298507136344
53713.298507136344
53713.298507136344
53713.298507136344
53713.298507136344
53713.298507136344
53713.298507136344
53713.298507136344
53713.298507136344
53713.298507136344
53713.298507136344
53713.298507136344
53713.298507136344
53713.298507136344
53713.298507136344
53713.298507136344
53713.298507136344
53713.298507136344
53713.298507136344
53713.298507136344
53713.298507136344
53479.30718788337
53479.30718788337
53479.30718788337
53479.30718788337
53479.30718788337
53479.30718788337
53479.30718788337
53479.30718788337
53479.30718788337
53479.30718788337
53479.30718788337
53479.30718788337
53479.30718788337
53479.30718788337
53479.30718788337
53479.30718788337
53479.30718788337
53479.30718788337
53479.30718788337
53479.30718788337
53479.30718788337
53479.30718788337
53479.30718788337
53479.30718788337
53479.30718788337
53479.30718788337
53479.30718788337
53479.30718788337
53479.30718788337
53479.30718788337
53479.30718788337
53479.30718788337
53479.30718788337
53479.30718788337
53479.30718788337
53479.30718788337
53479.30718788337
53479.30718788337
53479.30718788337
53479.30718788337
53479.30718788337
53479.30718788337
53479.30718788337
53479.30718788337
53479.30718788337
53479.30718788337
53479.30718788337
53479.30718788337
53479.30718788337
53479.30718788337
53479.30718788337
53479.30718788337
53479.30718788337
53479.30718788337
53479.30718788337
53479.30718788337
53479.30718788337
53479.30718788337
53479.30718788337
53479.30718788337
53479.30718788337
53479.30718788337
53479.30718788337
52915.83701904583
52915.83701904583
52915.83701904583
52915.83701904583
52915.83701904583
52617.1673681557
52617.1673681557
52617.1673681557
52617.1673681557
52617.1673681557
52617.1673681557
52617.1673681557
52617.1673681557
52617.1673681557
52617.1673681557
52617.1673681557
52617.1673681557
52617.1673681557
52617.1673681557
52617.1673681557
52617.1673681557
52617.1673681557
51047.2754618859
51047.2754618859
51047.2754618859
51047.2754618859
51047.2754618859
51047.2754618859
51047.2754618859
51047.2754618859
51047.2754618859
51047.2754618859
51047.2754618859
51047.2754618859
51047.2754618859
51047.2754618859
51047.2754618859
51047.2754618859
51047.2754618859
51047.2754618859
51047.2754618859
51047.2754618859
51047.2754618859
51047.2754618859
51047.2754618859
51047.2754618859
51047.2754618859
51047.2754618859
51047.2754618859
51047.2754618859
51047.2754618859
51047.2754618859
51047.2754618859
51047.2754618859
51047.2754618859
51047.2754618859
51047.2754618859
51047.2754618859
51047.2754618859
51047.2754618859
51047.2754618859
51047.2754618859
51047.2754618859
51047.2754618859
51047.2754618859
51047.2754618859
51047.2754618859
51047.2754618859
51047.2754618859
51047.2754618859
51047.2754618859
51047.2754618859
51047.2754618859
51047.2754618859
51047.2754618859
51047.2754618859
51047.2754618859
51047.2754618859
51047.2754618859
51047.2754618859
51047.2754618859
51047.2754618859
51047.2754618859
51047.2754618859
51047.2754618859
51047.2754618859
51047.2754618859
51047.2754618859
51047.2754618859
51047.2754618859
51047.2754618859
51047.2754618859
51047.2754618859
51047.2754618859
51047.2754618859
51047.2754618859
51047.2754618859
51047.2754618859
51047.2754618859
51047.2754618859
51047.2754618859
51047.2754618859
51047.2754618859
51047.2754618859
51047.2754618859
50978.70564247724
50978.70564247724
50978.70564247724
50978.70564247724
50978.70564247724
50978.70564247724
50978.70564247724
50978.70564247724
50978.70564247724
50978.70564247724
50978.70564247724
50978.70564247724
50121.396706216496
50121.396706216496
50121.396706216496
50121.396706216496
50121.396706216496
50121.396706216496
50121.396706216496
50121.396706216496
50121.396706216496
50121.396706216496
50121.396706216496
50121.396706216496
50121.396706216496
50121.396706216496
50121.396706216496
50121.396706216496
50121.396706216496
50121.396706216496
50121.396706216496
50121.396706216496
50121.396706216496
50121.396706216496
50121.396706216496
50121.396706216496
50121.396706216496
50121.396706216496
50121.396706216496
50121.396706216496
50121.396706216496
50121.396706216496
50121.396706216496
50121.396706216496
50121.396706216496
50121.396706216496
50121.396706216496
50121.396706216496
50121.396706216496
50121.396706216496
50121.396706216496
50121.396706216496
50121.396706216496
50121.396706216496
50121.396706216496
50121.396706216496
50121.396706216496
50121.396706216496
50121.396706216496
50121.396706216496
50121.396706216496
50121.396706216496
50121.396706216496
50121.396706216496
50121.396706216496
50121.396706216496
50121.396706216496
50121.396706216496
50121.396706216496
50121.396706216496
50121.396706216496
50121.396706216496
50121.396706216496
50121.396706216496
50121.396706216496
50121.396706216496
50121.396706216496
50121.396706216496
50121.396706216496
50121.396706216496
50121.396706216496
50121.396706216496
50121.396706216496
50121.396706216496
50121.396706216496
50121.396706216496
50121.396706216496
50121.396706216496
50121.396706216496
50121.396706216496
50121.396706216496
50121.396706216496
49993.19265108441
49993.19265108441
49993.19265108441
49993.19265108441
49993.19265108441
49993.19265108441
49993.19265108441
49993.19265108441
49993.19265108441
49993.19265108441
49993.19265108441
49993.19265108441
49993.19265108441
49993.19265108441
49993.19265108441
49993.19265108441
49993.19265108441
49993.19265108441
49993.19265108441
49993.19265108441
49993.19265108441
49993.19265108441
49993.19265108441
49619.140099637756
49619.140099637756
49619.140099637756
49619.140099637756
49619.140099637756
49619.140099637756
49619.140099637756
49619.140099637756
49619.140099637756
49619.140099637756
49619.140099637756
49619.140099637756
49619.140099637756
49619.140099637756
49619.140099637756
49619.140099637756
49619.140099637756
49619.140099637756
49619.140099637756
49619.140099637756
49619.140099637756
49619.140099637756
49619.140099637756
49619.140099637756
49619.140099637756
49619.140099637756
49619.140099637756
49619.140099637756
49619.140099637756
49619.140099637756
49619.140099637756
49619.140099637756
49619.140099637756
49619.140099637756
49619.140099637756
49619.140099637756
49619.140099637756
49564.604035590884
49564.604035590884
49564.604035590884
49564.604035590884
49564.604035590884
49564.604035590884
49564.604035590884
47685.86511604777
47685.86511604777
47685.86511604777
47685.86511604777
47685.86511604777
47685.86511604777
47685.86511604777
47685.86511604777
47685.86511604777
47685.86511604777
47685.86511604777
47685.86511604777
47685.86511604777
47685.86511604777
47685.86511604777
47685.86511604777
47685.86511604777
47685.86511604777
47685.86511604777
47685.86511604777
47685.86511604777
47685.86511604777
47685.86511604777
47685.86511604777
47685.86511604777
47685.86511604777
47685.86511604777
47685.86511604777
47685.86511604777
47685.86511604777
47685.86511604777
47685.86511604777
47685.86511604777
47685.86511604777
47685.86511604777
47685.86511604777
47685.86511604777
47685.86511604777
47685.86511604777
47685.86511604777
47685.86511604777
47685.86511604777
47685.86511604777
47309.88708092455
47309.88708092455
47309.88708092455
47309.88708092455
47309.88708092455
47309.88708092455
47309.88708092455
47309.88708092455
47309.88708092455
47309.88708092455
47309.88708092455
47309.88708092455
47309.88708092455
47309.88708092455
47309.88708092455
47309.88708092455
47309.88708092455
47309.88708092455
47309.88708092455
47309.88708092455
47309.88708092455
47309.88708092455
47309.88708092455
47309.88708092455
47309.88708092455
47309.88708092455
47309.88708092455
47309.88708092455
47309.88708092455
47309.88708092455
47309.88708092455
47309.88708092455
47309.88708092455
47309.88708092455
47309.88708092455
47309.88708092455
47309.88708092455
47309.88708092455
47309.88708092455
47309.88708092455
47309.88708092455
47309.88708092455
47309.88708092455
47309.88708092455
47309.88708092455
47309.88708092455
47309.88708092455
47309.88708092455
47309.88708092455
47309.88708092455
47309.88708092455
47309.88708092455
47309.88708092455
47309.88708092455
47309.88708092455
47309.88708092455
47309.88708092455
47309.88708092455
47309.88708092455
47309.88708092455
47309.88708092455
47309.88708092455
47309.88708092455
47309.88708092455
47309.88708092455
47309.88708092455
47309.88708092455
47309.88708092455
47309.88708092455
47309.88708092455
47309.88708092455
47309.88708092455
47309.88708092455
47309.88708092455
47309.88708092455
47309.88708092455
47309.88708092455
46519.47034288819
46519.47034288819
46519.47034288819
46519.47034288819
46519.47034288819
46519.47034288819
46519.47034288819
46519.47034288819
46519.47034288819
46519.47034288819
46519.47034288819
46519.47034288819
46519.47034288819
46519.47034288819
46519.47034288819
46519.47034288819
46519.47034288819
46519.47034288819
46519.47034288819
46519.47034288819
46519.47034288819
46519.47034288819
46519.47034288819
46519.47034288819
46519.47034288819
46519.47034288819
46519.47034288819
46519.47034288819
46519.47034288819
46519.47034288819
46519.47034288819
46519.47034288819
46519.47034288819
46519.47034288819
46519.47034288819
46519.47034288819
46519.47034288819
46519.47034288819
46519.47034288819
46519.47034288819
46519.47034288819
46519.47034288819
46519.47034288819
46519.47034288819
46519.47034288819
46519.47034288819
46519.47034288819
46519.47034288819
46519.47034288819
46519.47034288819
46519.47034288819
46519.47034288819
46519.47034288819
46519.47034288819
46519.47034288819
46519.47034288819
46519.47034288819
46519.47034288819
46519.47034288819
46379.23513359117
46379.23513359117
46379.23513359117
46379.23513359117
46379.23513359117
46379.23513359117
46379.23513359117
46379.23513359117
46379.23513359117
46379.23513359117
46379.23513359117
46379.23513359117
46379.23513359117
46379.23513359117
46379.23513359117
46379.23513359117
46379.23513359117
46379.23513359117
46379.23513359117
46379.23513359117
46379.23513359117
46379.23513359117
46379.23513359117
46379.23513359117
46379.23513359117
46379.23513359117
46379.23513359117
46379.23513359117
46319.99242931422
46319.99242931422
46319.99242931422
46319.99242931422
46319.99242931422
46319.99242931422
46319.99242931422
46319.99242931422
46319.99242931422
46319.99242931422
46319.99242931422
45678.97729238469
45678.97729238469
45678.97729238469
45678.97729238469
45678.97729238469
45678.97729238469
45678.97729238469
45678.97729238469
45678.97729238469
45678.97729238469
45678.97729238469
45678.97729238469
45678.97729238469
45678.97729238469
45678.97729238469
45678.97729238469
45678.97729238469
45678.97729238469
45678.97729238469
45678.97729238469
45678.97729238469
45678.97729238469
45678.97729238469
45678.97729238469
45678.97729238469
45678.97729238469
45678.97729238469
45678.97729238469
45678.97729238469
45678.97729238469
45678.97729238469
45678.97729238469
45678.97729238469
45678.97729238469
45678.97729238469
45678.97729238469
45678.97729238469
45678.97729238469
45678.97729238469
45678.97729238469
45678.97729238469
45678.97729238469
45678.97729238469
45678.97729238469
45678.97729238469
45678.97729238469
45678.97729238469
45678.97729238469
45678.97729238469
45678.97729238469
45678.97729238469
45678.97729238469
45678.97729238469
45678.97729238469
45678.97729238469
45511.79207751345
45511.79207751345
45511.79207751345
45511.79207751345
45511.79207751345
45511.79207751345
45511.79207751345
45511.79207751345
45511.79207751345
45511.79207751345
45511.79207751345
45511.79207751345
45511.79207751345
45511.79207751345
45511.79207751345
45511.79207751345
45511.79207751345
45511.79207751345
45511.79207751345
45511.79207751345
45511.79207751345
45511.79207751345
45511.79207751345
45511.79207751345
45511.79207751345
45511.79207751345
45511.79207751345
45511.79207751345
45511.79207751345
45511.79207751345
45511.79207751345
45511.79207751345
45511.79207751345
45511.79207751345
45511.79207751345
45511.79207751345
45511.79207751345
45511.79207751345
45511.79207751345
45511.79207751345
45511.79207751345
45511.79207751345
45511.79207751345
45511.79207751345
45511.79207751345
45511.79207751345
45511.79207751345
45511.79207751345
45511.79207751345
45511.79207751345
45511.79207751345
45511.79207751345
45511.79207751345
45511.79207751345
45511.79207751345
45511.79207751345
45511.79207751345
45511.79207751345
45511.79207751345
45511.79207751345
45511.79207751345
45511.79207751345
45511.79207751345
45511.79207751345
45511.79207751345
45511.79207751345
45511.79207751345
45511.79207751345
45511.79207751345
45511.79207751345
45511.79207751345
45511.79207751345
45511.79207751345
45511.79207751345
45511.79207751345
45511.79207751345
45511.79207751345
45511.79207751345
45511.79207751345
45511.79207751345
45511.79207751345
45511.79207751345
45505.52564714137
45505.52564714137
45489.133170374036
45489.133170374036
45489.133170374036
45489.133170374036
45489.133170374036
45489.133170374036
45489.133170374036
45489.133170374036
45489.133170374036
45489.133170374036
45489.133170374036
45489.133170374036
45489.133170374036
45489.133170374036
45489.133170374036
45489.133170374036
45489.133170374036
45489.133170374036
45489.133170374036
45489.133170374036
45398.48460356604
45398.48460356604
45398.48460356604
45398.48460356604
45398.48460356604
45398.48460356604
45398.48460356604
45398.48460356604
45398.48460356604
45398.48460356604
45398.48460356604
45398.48460356604
45398.48460356604
45398.48460356604
45398.48460356604
45398.48460356604
45398.48460356604
45398.48460356604
45398.48460356604
45398.48460356604
45398.48460356604
45398.48460356604
45398.48460356604
45398.48460356604
45398.48460356604
45042.53072798847
45042.53072798847
45042.53072798847
45042.53072798847
45042.53072798847
45042.53072798847
45042.53072798847
45042.53072798847
45042.53072798847
45042.53072798847
45042.53072798847
45042.53072798847
45042.53072798847
45042.53072798847
45042.53072798847
45042.53072798847
45042.53072798847
44945.39521989003
44945.39521989003
44945.39521989003
44945.39521989003
44945.39521989003
44877.992527385
44877.992527385
44877.992527385
44877.992527385
44877.992527385
44877.992527385
44877.992527385
44877.992527385
44877.992527385
44877.992527385
44877.992527385
44877.992527385
44877.992527385
44877.992527385
44877.992527385
44877.992527385
44877.992527385
44877.992527385
44877.992527385
44877.992527385
44877.992527385
44877.992527385
44877.992527385
44877.992527385
44877.992527385
44877.992527385
44877.992527385
44720.630916318834
44720.630916318834
44720.630916318834
44720.630916318834
44720.630916318834
44720.630916318834
44720.630916318834
44720.630916318834
44720.630916318834
44720.630916318834
44720.630916318834
44720.630916318834
44720.630916318834
44720.630916318834
44460.34845457648
44460.34845457648
44460.34845457648
44460.34845457648
44460.34845457648
44460.34845457648
44460.34845457648
44460.34845457648
44460.34845457648
44460.34845457648
44460.34845457648
44460.34845457648
44460.34845457648
44460.34845457648
44460.34845457648
44460.34845457648
44460.34845457648
44460.34845457648
44460.34845457648
44460.34845457648
44460.34845457648
44460.34845457648
44095.814482203416
44095.814482203416
44095.814482203416
44095.814482203416
44095.814482203416
44095.814482203416
44095.814482203416
44095.814482203416
44095.814482203416
44095.814482203416
44095.814482203416
44095.814482203416
44095.814482203416
44095.814482203416
44095.814482203416
44095.814482203416
44095.814482203416
44095.814482203416
44095.814482203416
44095.814482203416
44095.814482203416
44095.814482203416
44095.814482203416
44095.814482203416
44095.814482203416
44095.814482203416
44095.814482203416
44095.814482203416
44095.814482203416
44095.814482203416
44095.814482203416
44095.814482203416
44095.814482203416
44095.814482203416
44095.814482203416
44095.814482203416
44095.814482203416
44095.814482203416
44095.814482203416
44095.814482203416
44095.814482203416
44095.814482203416
44095.814482203416
44095.814482203416
44095.814482203416
44095.814482203416
44095.814482203416
44095.814482203416
44095.814482203416
44095.814482203416
44095.814482203416
44014.02769847028
44014.02769847028
44014.02769847028
43869.89059123535
43869.89059123535
43869.89059123535
43869.89059123535
43869.89059123535
43540.31714409453
43540.31714409453
43540.31714409453
43540.31714409453
43540.31714409453
43540.31714409453
43540.31714409453
43540.31714409453
43540.31714409453
43540.31714409453
43540.31714409453
43540.31714409453
43540.31714409453
43540.31714409453
43540.31714409453
43540.31714409453
43540.31714409453
43540.31714409453
43540.31714409453
43540.31714409453
43540.31714409453
43540.31714409453
43540.31714409453
43540.31714409453
43540.31714409453
43540.31714409453
43540.31714409453
43540.31714409453
43540.31714409453
43540.31714409453
43540.31714409453
43540.31714409453
43540.31714409453
43540.31714409453
43540.31714409453
43540.31714409453
43540.31714409453
43540.31714409453
43540.31714409453
43540.31714409453
43540.31714409453
43540.31714409453
43540.31714409453
43540.31714409453
43540.31714409453
43540.31714409453
43540.31714409453
43540.31714409453
43540.31714409453
43540.31714409453
43394.03108310747
43394.03108310747
43394.03108310747
43394.03108310747
43394.03108310747
43394.03108310747
43394.03108310747
43138.53076110106
43138.53076110106
43138.53076110106
43138.53076110106
43138.53076110106
43138.53076110106
43138.53076110106
43138.53076110106
43073.84475423697
43073.84475423697
43073.84475423697
43073.84475423697
43073.84475423697
43073.84475423697
43073.84475423697
43073.84475423697
43073.84475423697
43073.84475423697
42986.55563744345
42986.55563744345
42986.55563744345
42986.55563744345
42986.55563744345
42986.55563744345
42986.55563744345
42986.55563744345
42986.55563744345
42986.55563744345
42986.55563744345
42986.55563744345
42986.55563744345
42986.55563744345
42986.55563744345
42986.55563744345
42986.55563744345
42986.55563744345
42986.55563744345
42986.55563744345
42986.55563744345
42986.55563744345
42986.55563744345
42986.55563744345
42986.55563744345
42986.55563744345
42986.55563744345
42986.55563744345
42986.55563744345
42986.55563744345
42986.55563744345
42986.55563744345
42986.55563744345
42986.55563744345
42986.55563744345
42986.55563744345
42986.55563744345
42986.55563744345
42986.55563744345
42986.55563744345
42986.55563744345
42986.55563744345
42986.55563744345
42986.55563744345
42986.55563744345
42986.55563744345
42986.55563744345
42986.55563744345
42986.55563744345
42986.55563744345
42986.55563744345
42986.55563744345
42986.55563744345
42986.55563744345
42986.55563744345
42986.55563744345
42986.55563744345
42986.55563744345
42986.55563744345
42986.55563744345
42986.55563744345
42929.27315752148
42929.27315752148
42929.27315752148
42929.27315752148
42929.27315752148
42929.27315752148
42929.27315752148
42929.27315752148
42622.999956238724
42622.999956238724
42622.999956238724
42622.999956238724
42622.999956238724
42622.999956238724
42622.999956238724
42622.999956238724
42622.999956238724
42622.999956238724
42622.999956238724
42622.999956238724
42622.999956238724
42622.999956238724
42622.999956238724
42622.999956238724
42622.999956238724
42622.999956238724
42622.999956238724
42622.999956238724
42622.999956238724
42622.999956238724
42622.999956238724
42622.999956238724
42375.572725477985
41951.53796063282
41951.53796063282
41951.53796063282
41951.53796063282
41951.53796063282
41951.53796063282
41951.53796063282
41951.53796063282
41951.53796063282
41951.53796063282
41951.53796063282
41951.53796063282
41951.53796063282
41951.53796063282
41951.53796063282
41951.53796063282
41951.53796063282
41951.53796063282
41951.53796063282
41951.53796063282
41951.53796063282
41951.53796063282
41951.53796063282
41951.53796063282
41951.53796063282
41951.53796063282
41951.53796063282
41951.53796063282
41951.53796063282
41951.53796063282
41951.53796063282
41951.53796063282
41951.53796063282
41951.53796063282
41951.53796063282
41951.53796063282
41951.53796063282
41951.53796063282
41951.53796063282
41951.53796063282
41951.53796063282
41951.53796063282
41951.53796063282
41951.53796063282
41951.53796063282
41951.53796063282
41951.53796063282
41951.53796063282
41951.53796063282
41951.53796063282
41951.53796063282
41951.53796063282
41951.53796063282
41951.53796063282
41951.53796063282
41951.53796063282
41951.53796063282
40779.29703263158
40779.29703263158
40779.29703263158
40779.29703263158
40779.29703263158
40779.29703263158
40779.29703263158
40779.29703263158
40779.29703263158
40779.29703263158
40779.29703263158
40779.29703263158
40779.29703263158
40779.29703263158
40779.29703263158
40779.29703263158
40779.29703263158
40779.29703263158
40779.29703263158
40779.29703263158
40779.29703263158
40779.29703263158
40779.29703263158
40779.29703263158
40779.29703263158
40779.29703263158
40779.29703263158
40779.29703263158
40779.29703263158
40779.29703263158
40779.29703263158
40779.29703263158
40779.29703263158
40779.29703263158
40779.29703263158
40779.29703263158
40779.29703263158
40779.29703263158
40779.29703263158
40779.29703263158
40779.29703263158
40779.29703263158
40779.29703263158
40779.29703263158
40779.29703263158
40779.29703263158
40779.29703263158
40779.29703263158
40779.29703263158
40779.29703263158
40779.29703263158
40779.29703263158
40779.29703263158
40779.29703263158
40779.29703263158
40779.29703263158
40779.29703263158
40779.29703263158
40779.29703263158
40779.29703263158
40779.29703263158
40779.29703263158
40779.29703263158
40779.29703263158
40779.29703263158
40779.29703263158
40779.29703263158
40779.29703263158
40779.29703263158
40779.29703263158
40779.29703263158
40779.29703263158
40779.29703263158
40779.29703263158
40779.29703263158
40779.29703263158
40779.29703263158
40779.29703263158
40779.29703263158
40779.29703263158
40779.29703263158
40779.29703263158
40779.29703263158
40779.29703263158
40779.29703263158
40779.29703263158
40779.29703263158
40779.29703263158
40779.29703263158
40779.29703263158
40779.29703263158
40779.29703263158
40779.29703263158
40779.29703263158
40779.29703263158
40313.75190412686
40313.75190412686
40313.75190412686
40313.75190412686
40313.75190412686
40313.75190412686
40313.75190412686
40313.75190412686
40313.75190412686
40313.75190412686
40313.75190412686
40313.75190412686
40313.75190412686
40313.75190412686
40313.75190412686
40313.75190412686
40313.75190412686
40313.75190412686
40313.75190412686
40313.75190412686
40313.75190412686
40313.75190412686
40313.75190412686
40313.75190412686
40313.75190412686
40313.75190412686
40313.75190412686
40313.75190412686
40313.75190412686
40313.75190412686
40313.75190412686
40313.75190412686
40313.75190412686
40313.75190412686
40313.75190412686
40313.75190412686
40313.75190412686
40313.75190412686
40313.75190412686
40313.75190412686
40313.75190412686
40313.75190412686
40313.75190412686
40313.75190412686
40313.75190412686
40313.75190412686
40313.75190412686
40313.75190412686
40313.75190412686
40313.75190412686
40313.75190412686
40313.75190412686
40313.75190412686
40313.75190412686
40313.75190412686
40313.75190412686
40313.75190412686
40313.75190412686
40313.75190412686
40313.75190412686
40313.75190412686
40313.75190412686
40313.75190412686
40313.75190412686
40313.75190412686
40313.75190412686
40313.75190412686
40313.75190412686
40313.75190412686
40313.75190412686
40313.75190412686
40313.75190412686
40313.75190412686
40313.75190412686
40313.75190412686
40313.75190412686
40313.75190412686
40313.75190412686
40313.75190412686
40313.75190412686
40313.75190412686
40313.75190412686
40313.75190412686
40313.75190412686
40313.75190412686
40313.75190412686
40313.75190412686
40313.75190412686
40313.75190412686
40313.75190412686
40313.75190412686
40313.75190412686
40313.75190412686
40313.75190412686
40313.75190412686
40313.75190412686
40313.75190412686
40313.75190412686
40313.75190412686
40313.75190412686
40313.75190412686
40313.75190412686
40313.75190412686
40313.75190412686
40313.75190412686
40313.75190412686
40313.75190412686
40313.75190412686
40313.75190412686
40313.75190412686
40313.75190412686
40313.75190412686
40313.75190412686
40313.75190412686
40313.75190412686
40313.75190412686
40313.75190412686
40313.75190412686
40313.75190412686
40313.75190412686
40313.75190412686
40313.75190412686
40313.75190412686
40313.75190412686
40313.75190412686
40313.75190412686
40313.75190412686
40313.75190412686
40313.75190412686
40313.75190412686
40313.75190412686
40313.75190412686
40313.75190412686
40313.75190412686
40313.75190412686
40313.75190412686
40313.75190412686
40313.75190412686
40313.75190412686
40313.75190412686
40313.75190412686
40313.75190412686
40313.75190412686
40313.75190412686
40313.75190412686
40313.75190412686
40313.75190412686
40313.75190412686
40313.75190412686
40313.75190412686
40313.75190412686
40313.75190412686
40313.75190412686
40313.75190412686
40313.75190412686
40313.75190412686
40313.75190412686
40313.75190412686
40313.75190412686
40313.75190412686
40313.75190412686
40313.75190412686
40313.75190412686
40313.75190412686
40313.75190412686
40313.75190412686
40313.75190412686
40313.75190412686
40313.75190412686
40313.75190412686
40313.75190412686
40313.75190412686
40313.75190412686
40313.75190412686
40313.75190412686
40313.75190412686
40313.75190412686
40313.75190412686
40313.75190412686
40313.75190412686
40313.75190412686
40313.75190412686
40313.75190412686
40313.75190412686
40313.75190412686
40313.75190412686
40313.75190412686
40313.75190412686
40313.75190412686
40313.75190412686
40313.75190412686
40313.75190412686
40313.75190412686
40313.75190412686
40313.75190412686
40313.75190412686
40313.75190412686
40313.75190412686
40313.75190412686
40313.75190412686
40313.75190412686
40313.75190412686
40313.75190412686
40313.75190412686
40313.75190412686
40313.75190412686
40313.75190412686
40313.75190412686
40313.75190412686
40313.75190412686
40313.75190412686
40313.75190412686
40313.75190412686
40313.75190412686
40313.75190412686
40313.75190412686
40313.75190412686
40313.75190412686
40313.75190412686
40313.75190412686
40313.75190412686
40313.75190412686
40313.75190412686
40313.75190412686
40313.75190412686
40313.75190412686
40313.75190412686
40313.75190412686
40313.75190412686
40313.75190412686
40313.75190412686
40313.75190412686
40060.36077000482
40060.36077000482
40060.36077000482
40060.36077000482
40060.36077000482
40060.36077000482
40060.36077000482
40060.36077000482
40060.36077000482
39819.10397916675
39819.10397916675
39819.10397916675
39819.10397916675
39819.10397916675
39819.10397916675
39819.10397916675
39819.10397916675
39819.10397916675
39819.10397916675
39819.10397916675
39819.10397916675
39819.10397916675
39819.10397916675
39819.10397916675
39819.10397916675
39819.10397916675
39819.10397916675
39819.10397916675
39819.10397916675
39819.10397916675
39819.10397916675
39819.10397916675
39819.10397916675
39819.10397916675
39819.10397916675
39819.10397916675
39819.10397916675
39758.46839477913
39758.46839477913
39758.46839477913
39758.46839477913
39758.46839477913
39758.46839477913
39758.46839477913
39758.46839477913
39758.46839477913
39758.46839477913
39758.46839477913
39758.46839477913
39758.46839477913
39758.46839477913
39758.46839477913
39758.46839477913
39758.46839477913
39758.46839477913
39758.46839477913
39758.46839477913
39758.46839477913
39758.46839477913
39758.46839477913
39758.46839477913
39678.893633073225
39678.893633073225
39678.893633073225
39678.893633073225
39678.893633073225
39678.893633073225
39678.893633073225
39678.893633073225
39678.893633073225
39678.893633073225
39678.893633073225
39678.893633073225
39678.893633073225
39678.893633073225
39678.893633073225
39678.893633073225
39678.893633073225
39678.893633073225
39678.893633073225
39678.893633073225
39678.893633073225
39678.893633073225
39678.893633073225
39678.893633073225
39678.893633073225
39678.893633073225
39678.893633073225
39678.893633073225
39678.893633073225
39678.893633073225
39342.62523846794
39342.62523846794
39342.62523846794
39342.62523846794
39342.62523846794
39342.62523846794
39342.62523846794
39342.62523846794
39342.62523846794
39342.62523846794
39342.62523846794
39342.62523846794
39342.62523846794
39342.62523846794
39342.62523846794
39342.62523846794
39342.62523846794
39342.62523846794
39342.62523846794
39342.62523846794
39342.62523846794
39342.62523846794
39342.62523846794
39342.62523846794
39340.54181602488
39340.54181602488
39340.54181602488
39340.54181602488
39340.54181602488
39340.54181602488
39340.54181602488
39340.54181602488
39340.54181602488
39340.54181602488
39340.54181602488
39340.54181602488
39340.54181602488
39340.54181602488
39340.54181602488
39340.54181602488
39340.54181602488
39340.54181602488
39340.54181602488
39168.453810229716
39168.453810229716
39168.453810229716
39168.453810229716
39168.453810229716
39168.453810229716
39168.453810229716
39168.453810229716
39168.453810229716
39168.453810229716
39168.453810229716
39168.453810229716
39168.453810229716
39168.453810229716
39168.453810229716
39168.453810229716
39168.453810229716
39168.453810229716
39168.453810229716
39168.453810229716
39168.453810229716
39168.453810229716
39168.453810229716
39168.453810229716
39168.453810229716
39168.453810229716
39168.453810229716
39168.453810229716
39168.453810229716
39168.453810229716
39168.453810229716
39168.453810229716
39168.453810229716
39168.453810229716
39168.453810229716
39168.453810229716
39168.453810229716
39168.453810229716
39168.453810229716
39168.453810229716
39168.453810229716
39168.453810229716
39168.453810229716
39168.453810229716
39168.453810229716
39168.453810229716
39168.453810229716
39168.453810229716
39168.453810229716
39168.453810229716
39168.453810229716
39168.453810229716
39168.453810229716
39168.453810229716
39168.453810229716
39168.453810229716
39168.453810229716
39168.453810229716
39123.602017402074
39123.602017402074
39123.602017402074
39123.602017402074
39123.602017402074
39123.602017402074
39123.602017402074
39123.602017402074
39123.602017402074
39123.602017402074
39123.602017402074
39123.602017402074
39123.602017402074
39123.602017402074
39123.602017402074
39123.602017402074
39112.35750496304
39112.35750496304
39112.35750496304
39112.35750496304
39112.35750496304
39112.35750496304
39112.35750496304
39112.35750496304
39112.35750496304
39112.35750496304
39112.35750496304
39112.35750496304
38985.994189905825
38985.994189905825
38985.994189905825
38985.994189905825
38985.994189905825
38985.994189905825
38985.994189905825
38985.994189905825
38985.994189905825
38985.994189905825
38985.994189905825
38985.994189905825
38985.994189905825
38985.994189905825
38985.994189905825
38985.994189905825
38985.994189905825
38985.994189905825
38985.994189905825
38985.994189905825
38985.994189905825
38985.994189905825
38985.994189905825
38985.994189905825
38985.994189905825
38622.59827836233
38622.59827836233
38622.59827836233
38622.59827836233
38622.59827836233
38622.59827836233
38622.59827836233
38622.59827836233
38622.59827836233
38622.59827836233
38622.59827836233
38622.59827836233
38622.59827836233
38622.59827836233
38622.59827836233
38622.59827836233
38622.59827836233
38622.59827836233
38622.59827836233
38622.59827836233
38622.59827836233
38622.59827836233
38622.59827836233
38622.59827836233
38622.59827836233
38622.59827836233
38622.59827836233
38622.59827836233
38622.59827836233
38622.59827836233
38622.59827836233
38622.59827836233
38622.59827836233
38622.59827836233
38622.59827836233
38622.59827836233
38622.59827836233
38622.59827836233
38622.59827836233
38622.59827836233
38622.59827836233
38622.59827836233
38622.59827836233
38622.59827836233
38622.59827836233
38622.59827836233
38622.59827836233
38622.59827836233
38622.59827836233
38622.59827836233
38622.59827836233
38622.59827836233
38622.59827836233
38622.59827836233
38622.59827836233
38622.59827836233
38622.59827836233
38622.59827836233
38622.59827836233
38622.59827836233
38622.59827836233
38622.59827836233
38622.59827836233
38622.59827836233
38622.59827836233
38622.59827836233
38622.59827836233
38622.59827836233
38622.59827836233
38622.59827836233
38622.59827836233
38622.59827836233
38622.59827836233
38622.59827836233
38622.59827836233
38622.59827836233
38622.59827836233
38622.59827836233
38622.59827836233
38622.59827836233
38622.59827836233
38622.59827836233
38622.59827836233
38622.59827836233
38622.59827836233
38622.59827836233
38622.59827836233
38622.59827836233
38622.59827836233
38622.59827836233
38622.59827836233
38622.59827836233
38622.59827836233
38622.59827836233
38622.59827836233
38622.59827836233
38622.59827836233
38622.59827836233
38622.59827836233
38622.59827836233
38622.59827836233
38622.59827836233
38622.59827836233
38622.59827836233
38622.59827836233
38622.59827836233
38622.59827836233
38622.59827836233
38622.59827836233
38622.59827836233
38622.59827836233
38622.59827836233
38561.016161469364
38561.016161469364
38561.016161469364
38561.016161469364
38561.016161469364
38561.016161469364
38561.016161469364
38561.016161469364
38561.016161469364
38561.016161469364
38561.016161469364
38561.016161469364
38561.016161469364
38561.016161469364
38561.016161469364
38561.016161469364
38561.016161469364
38561.016161469364
38561.016161469364
38561.016161469364
38561.016161469364
38561.016161469364
38561.016161469364
38561.016161469364
38561.016161469364
38561.016161469364
38561.016161469364
38561.016161469364
38561.016161469364
38561.016161469364
38561.016161469364
38561.016161469364
38561.016161469364
38561.016161469364
38561.016161469364
38561.016161469364
38561.016161469364
38538.221050407235
38538.221050407235
38538.221050407235
38538.221050407235
38538.221050407235
38538.221050407235
38538.221050407235
38538.221050407235
38538.221050407235
38538.221050407235
38538.221050407235
38538.221050407235
38538.221050407235
38538.221050407235
38538.221050407235
38538.221050407235
38538.221050407235
38538.221050407235
38538.221050407235
38538.221050407235
38538.221050407235
38538.221050407235
38538.221050407235
38538.221050407235
38538.221050407235
38538.221050407235
38538.221050407235
38538.221050407235
38538.221050407235
38538.221050407235
38538.221050407235
38538.221050407235
38303.415914003126
38303.415914003126
38303.415914003126
38303.415914003126
38303.415914003126
38303.415914003126
38303.415914003126
38303.415914003126
38303.415914003126
38303.415914003126
38303.415914003126
38303.415914003126
38303.415914003126
38303.415914003126
38303.415914003126
38303.415914003126
38303.415914003126
38303.415914003126
38303.415914003126
38303.415914003126
38303.415914003126
38303.415914003126
38303.415914003126
38303.415914003126
38303.415914003126
38303.415914003126
38303.415914003126
38303.415914003126
38303.415914003126
38303.415914003126
38303.415914003126
38303.415914003126
38303.415914003126
38303.415914003126
38303.415914003126
38303.415914003126
38303.415914003126
38303.415914003126
38303.415914003126
38303.415914003126
38303.415914003126
38303.415914003126
38303.415914003126
38303.415914003126
38303.415914003126
38303.415914003126
38303.415914003126
38303.415914003126
38303.415914003126
38303.415914003126
38303.415914003126
38303.415914003126
38303.415914003126
38303.415914003126
38303.415914003126
38303.415914003126
38303.415914003126
38303.415914003126
38303.415914003126
38303.415914003126
38303.415914003126
38303.415914003126
38303.415914003126
38303.415914003126
38303.415914003126
38303.415914003126
38303.415914003126
38303.415914003126
38303.415914003126
38303.415914003126
38303.415914003126
38303.415914003126
38303.415914003126
38303.415914003126
38303.415914003126
38303.415914003126
38303.415914003126
38303.415914003126
38303.415914003126
38303.415914003126
38303.415914003126
38303.415914003126
38303.415914003126
38303.415914003126
38303.415914003126
38303.415914003126
38303.415914003126
38303.415914003126
38303.415914003126
38303.415914003126
38303.415914003126
38303.415914003126
38303.415914003126
38303.415914003126
38303.415914003126
38303.415914003126
38303.415914003126
38303.415914003126
38298.67255216676
38298.67255216676
38298.67255216676
38298.67255216676
38298.67255216676
38298.67255216676
38298.67255216676
38298.67255216676
38298.67255216676
38298.67255216676
38298.67255216676
38298.67255216676
38298.67255216676
38298.67255216676
38298.67255216676
38298.67255216676
38298.67255216676
38298.67255216676
38298.67255216676
38298.67255216676
38298.67255216676
38298.67255216676
38298.67255216676
38298.67255216676
38298.67255216676
38298.67255216676
38298.67255216676
38298.67255216676
38298.67255216676
38298.67255216676
38298.67255216676
38298.67255216676
38298.67255216676
38298.67255216676
38298.67255216676
38298.67255216676
38298.67255216676
38298.67255216676
38298.67255216676
38298.67255216676
38298.67255216676
38298.67255216676
38298.67255216676
38298.67255216676
38298.67255216676
38298.67255216676
38298.67255216676
38298.67255216676
38298.67255216676
38298.67255216676
38298.67255216676
38298.67255216676
38298.67255216676
38298.67255216676
38298.67255216676
38298.67255216676
38298.67255216676
38298.67255216676
38298.67255216676
38298.67255216676
38298.67255216676
38298.67255216676
38298.67255216676
38298.67255216676
38298.67255216676
38298.67255216676
38298.67255216676
38298.67255216676
38298.67255216676
38298.67255216676
38298.67255216676
38298.67255216676
38298.67255216676
38298.67255216676
38298.67255216676
38298.67255216676
38298.67255216676
38298.67255216676
38298.67255216676
38298.67255216676
38298.67255216676
38298.67255216676
38298.67255216676
38298.67255216676
38298.67255216676
38298.67255216676
38298.67255216676
38298.67255216676
38298.67255216676
38298.67255216676
38298.67255216676
38298.67255216676
38298.67255216676
38298.67255216676
38298.67255216676
38298.67255216676
38298.67255216676
38298.67255216676
38298.67255216676
38298.67255216676
38298.67255216676
38298.67255216676
38298.67255216676
38298.67255216676
38298.67255216676
38298.67255216676
38298.67255216676
38298.67255216676
38298.67255216676
38298.67255216676
38298.67255216676
38298.67255216676
38298.67255216676
38298.67255216676
38298.67255216676
38298.67255216676
38298.67255216676
38298.67255216676
38298.67255216676
38298.67255216676
38298.67255216676
38298.67255216676
38298.67255216676
38298.67255216676
38298.67255216676
38298.67255216676
38298.67255216676
38298.67255216676
38298.67255216676
38298.67255216676
38298.67255216676
38298.67255216676
38298.67255216676
38298.67255216676
38298.67255216676
38298.67255216676
38298.67255216676
38298.67255216676
38298.67255216676
38298.67255216676
38298.67255216676
38298.67255216676
38298.67255216676
38298.67255216676
38298.67255216676
38298.67255216676
38298.67255216676
38298.67255216676
38298.67255216676
38298.67255216676
38298.67255216676
38298.67255216676
38298.67255216676
38298.67255216676
38298.67255216676
38298.67255216676
38298.67255216676
38298.67255216676
38298.67255216676
38298.67255216676
38298.67255216676
38298.67255216676
38298.67255216676
38298.67255216676
38224.8222927559
38224.8222927559
38224.8222927559
38224.8222927559
38224.8222927559
38224.8222927559
38224.8222927559
38224.8222927559
38224.8222927559
38224.8222927559
38224.8222927559
38224.8222927559
38224.8222927559
38224.8222927559
38224.8222927559
38224.8222927559
38224.8222927559
38224.8222927559
38224.8222927559
38224.8222927559
38224.8222927559
38224.8222927559
38224.8222927559
38224.8222927559
38224.8222927559
38224.8222927559
38224.8222927559
38224.8222927559
38224.8222927559
38224.8222927559
38149.31336803641
38149.31336803641
38149.31336803641
38149.31336803641
38149.31336803641
38149.31336803641
38149.31336803641
38149.31336803641
38149.31336803641
38149.31336803641
38149.31336803641
38149.31336803641
38149.31336803641
38149.31336803641
38149.31336803641
38149.31336803641
38149.31336803641
38149.31336803641
38149.31336803641
38149.31336803641
38149.31336803641
38149.31336803641
38149.31336803641
38149.31336803641
38149.31336803641
38149.31336803641
38149.31336803641
38149.31336803641
38149.31336803641
38149.31336803641
38111.09824327571
38111.09824327571
38111.09824327571
38111.09824327571
38111.09824327571
38111.09824327571
38111.09824327571
38111.09824327571
38111.09824327571
38111.09824327571
38111.09824327571
38111.09824327571
38111.09824327571
38111.09824327571
38111.09824327571
38111.09824327571
38111.09824327571
38111.09824327571
38111.09824327571
38111.09824327571
38111.09824327571
38111.09824327571
38111.09824327571
38111.09824327571
37988.304024943354
37988.304024943354
37988.304024943354
37988.304024943354
37988.304024943354
37988.304024943354
37988.304024943354
37988.304024943354
37988.304024943354
37988.304024943354
37988.304024943354
37988.304024943354
37988.304024943354
37988.304024943354
37988.304024943354
37988.304024943354
37988.304024943354
37988.304024943354
37988.304024943354
37988.304024943354
37988.304024943354
37988.304024943354
37988.304024943354
37988.304024943354
37988.304024943354
37988.304024943354
37988.304024943354
37988.304024943354
37988.304024943354
37988.304024943354
37988.304024943354
37988.304024943354
37988.304024943354
37988.304024943354
37988.304024943354
37577.110892947654
37577.110892947654
37577.110892947654
37577.110892947654
37577.110892947654
37577.110892947654
37577.110892947654
37577.110892947654
37577.110892947654
37577.110892947654
37577.110892947654
37577.110892947654
37577.110892947654
37577.110892947654
37577.110892947654
37577.110892947654
37577.110892947654
37577.110892947654
37577.110892947654
37577.110892947654
37577.110892947654
37577.110892947654
37577.110892947654
37577.110892947654
37577.110892947654
37577.110892947654
37577.110892947654
37577.110892947654
37577.110892947654
37577.110892947654
37577.110892947654
37577.110892947654
37577.110892947654
37577.110892947654
37577.110892947654
37577.110892947654
37577.110892947654
37577.110892947654
37577.110892947654
37577.110892947654
37577.110892947654
37577.110892947654
37577.110892947654
37577.110892947654
37577.110892947654
37577.110892947654
37577.110892947654
37577.110892947654
37577.110892947654
37577.110892947654
37577.110892947654
37546.8594448151
37546.8594448151
37546.8594448151
37546.8594448151
37546.8594448151
37546.8594448151
37546.8594448151
37546.8594448151
37546.8594448151
37546.8594448151
37546.8594448151
37546.8594448151
37546.8594448151
37546.8594448151
37546.8594448151
37546.8594448151
37546.8594448151
37546.8594448151
37546.8594448151
37546.8594448151
37546.8594448151
37546.8594448151
37546.8594448151
37546.8594448151
37546.8594448151
37546.8594448151
37546.8594448151
37546.8594448151
37546.8594448151
37546.8594448151
37546.8594448151
37546.8594448151
37546.8594448151
37546.8594448151
37546.8594448151
37546.8594448151
37546.8594448151
37546.8594448151
37546.8594448151
37546.8594448151
37537.862148566746
37537.862148566746
37537.862148566746
37319.78112836059
37319.78112836059
37319.78112836059
37319.78112836059
37319.78112836059
37319.78112836059
37319.78112836059
37319.78112836059
37319.78112836059
37319.78112836059
37319.78112836059
37319.78112836059
37319.78112836059
37319.78112836059
37319.78112836059
37319.78112836059
37319.78112836059
37319.78112836059
37319.78112836059
37319.78112836059
37319.78112836059
37319.78112836059
37319.78112836059
37281.10208951423
37281.10208951423
37281.10208951423
37281.10208951423
37281.10208951423
37281.10208951423
37281.10208951423
37281.10208951423
37281.10208951423
37281.10208951423
37281.10208951423
37281.10208951423
37281.10208951423
37281.10208951423
37281.10208951423
37281.10208951423
37281.10208951423
37281.10208951423
37281.10208951423
37281.10208951423
37281.10208951423
37281.10208951423
37281.10208951423
37281.10208951423
37281.10208951423
37281.10208951423
37281.10208951423
37281.10208951423
37281.10208951423
37281.10208951423
37281.10208951423
37281.10208951423
37281.10208951423
37281.10208951423
37281.10208951423
37281.10208951423
37281.10208951423
37281.10208951423
37281.10208951423
37281.10208951423
37281.10208951423
37281.10208951423
37281.10208951423
37281.10208951423
37281.10208951423
37281.10208951423
37281.10208951423
37281.10208951423
37281.10208951423
37281.10208951423
37281.10208951423
37281.10208951423
37281.10208951423
37281.10208951423
37281.10208951423
37281.10208951423
37281.10208951423
37281.10208951423
37281.10208951423
37281.10208951423
37281.10208951423
37281.10208951423
37281.10208951423
37281.10208951423
37281.10208951423
37281.10208951423
37281.10208951423
37281.10208951423
37281.10208951423
37281.10208951423
37281.10208951423
37281.10208951423
37281.10208951423
37281.10208951423
37281.10208951423
37281.10208951423
37281.10208951423
37281.10208951423
36871.052721108244
36871.052721108244
36871.052721108244
36871.052721108244
36871.052721108244
36871.052721108244
36871.052721108244
36871.052721108244
36871.052721108244
36871.052721108244
36871.052721108244
36871.052721108244
36871.052721108244
36871.052721108244
36871.052721108244
36871.052721108244
36871.052721108244
36871.052721108244
36871.052721108244
36871.052721108244
36871.052721108244
36871.052721108244
36871.052721108244
36871.052721108244
36871.052721108244
36871.052721108244
36871.052721108244
36871.052721108244
36871.052721108244
36871.052721108244
36871.052721108244
36871.052721108244
36871.052721108244
36871.052721108244
36871.052721108244
36871.052721108244
36871.052721108244
36871.052721108244
36871.052721108244
36871.052721108244
36871.052721108244
36871.052721108244
36871.052721108244
36871.052721108244
36871.052721108244
36871.052721108244
36871.052721108244
36871.052721108244
36871.052721108244
36871.052721108244
36871.052721108244
36871.052721108244
36871.052721108244
36871.052721108244
36871.052721108244
36871.052721108244
36871.052721108244
36871.052721108244
36871.052721108244
36871.052721108244
36871.052721108244
36871.052721108244
36871.052721108244
36871.052721108244
36871.052721108244
36871.052721108244
36871.052721108244
36871.052721108244
36871.052721108244
36871.052721108244
36871.052721108244
36871.052721108244
36871.052721108244
36871.052721108244
36871.052721108244
36871.052721108244
36871.052721108244
36871.052721108244
36871.052721108244
36871.052721108244
36871.052721108244
36871.052721108244
36871.052721108244
36871.052721108244
36871.052721108244
36871.052721108244
36871.052721108244
36871.052721108244
36871.052721108244
36871.052721108244
36871.052721108244
36871.052721108244
36871.052721108244
36871.052721108244
36871.052721108244
36871.052721108244
36871.052721108244
36871.052721108244
36871.052721108244
36871.052721108244
36871.052721108244
36871.052721108244
36871.052721108244
36871.052721108244
36871.052721108244
36871.052721108244
36871.052721108244
36871.052721108244
36871.052721108244
36871.052721108244
36871.052721108244
36871.052721108244
36871.052721108244
36871.052721108244
36871.052721108244
36871.052721108244
36871.052721108244
36871.052721108244
36871.052721108244
36871.052721108244
36871.052721108244
36871.052721108244
36871.052721108244
36871.052721108244
36871.052721108244
36871.052721108244
36871.052721108244
36871.052721108244
36871.052721108244
36871.052721108244
36871.052721108244
36871.052721108244
36871.052721108244
36871.052721108244
36871.052721108244
36871.052721108244
36871.052721108244
36871.052721108244
36871.052721108244
36871.052721108244
36871.052721108244
36871.052721108244
36871.052721108244
36871.052721108244
36871.052721108244
36871.052721108244
36871.052721108244
36871.052721108244
36871.052721108244
36871.052721108244
36871.052721108244
36871.052721108244
36871.052721108244
36801.16652366086
36801.16652366086
36684.339727742605
36684.339727742605
36684.339727742605
36684.339727742605
36684.339727742605
36684.339727742605
36684.339727742605
36684.339727742605
36684.339727742605
36684.339727742605
36684.339727742605
36684.339727742605
36684.339727742605
36684.339727742605
36684.339727742605
36684.339727742605
36684.339727742605
36684.339727742605
36684.339727742605
36684.339727742605
36684.339727742605
36684.339727742605
36684.339727742605
36684.339727742605
36684.339727742605
35941.339991785295
35941.339991785295
35941.339991785295
35941.339991785295
35941.339991785295
35941.339991785295
35941.339991785295
35941.339991785295
35941.339991785295
35941.339991785295
35941.339991785295
35941.339991785295
35941.339991785295
35941.339991785295
35941.339991785295
35941.339991785295
35941.339991785295
35941.339991785295
35941.339991785295
35941.339991785295
35941.339991785295
35941.339991785295
35941.339991785295
35941.339991785295
35941.339991785295
35941.339991785295
35941.339991785295
35941.339991785295
35941.339991785295
35941.339991785295
35941.339991785295
35941.339991785295
35941.339991785295
35941.339991785295
35941.339991785295
35941.339991785295
35941.339991785295
35941.339991785295
35941.339991785295
35941.339991785295
35941.339991785295
35941.339991785295
35941.339991785295
35941.339991785295
35941.339991785295
35941.339991785295
35941.339991785295
35941.339991785295
35941.339991785295
35941.339991785295
35941.339991785295
35941.339991785295
35941.339991785295
35941.339991785295
35941.339991785295
35941.339991785295
35941.339991785295
35941.339991785295
35941.339991785295
35941.339991785295
35941.339991785295
35941.339991785295
35941.339991785295
35941.339991785295
35941.339991785295
35941.339991785295
35941.339991785295
35941.339991785295
35941.339991785295
35941.339991785295
35941.339991785295
35941.339991785295
35941.339991785295
35941.339991785295
35941.339991785295
35941.339991785295
35941.339991785295
35941.339991785295
35513.931173341654
35513.931173341654
35513.931173341654
35513.931173341654
35513.931173341654
35513.931173341654
35513.931173341654
35513.931173341654
35513.931173341654
35513.931173341654
35513.931173341654
35513.931173341654
35513.931173341654
35513.931173341654
35513.931173341654
35513.931173341654
35513.931173341654
35513.931173341654
35513.931173341654
35513.931173341654
35513.931173341654
35513.931173341654
35513.931173341654
35513.931173341654
35513.931173341654
35513.931173341654
35513.931173341654
35513.931173341654
35513.931173341654
35513.931173341654
35513.931173341654
35513.931173341654
35513.931173341654
35513.931173341654
35513.931173341654
35513.931173341654
35513.931173341654
35513.931173341654
35513.931173341654
35513.931173341654
35513.931173341654
35513.931173341654
35513.931173341654
35513.931173341654
35513.931173341654
35513.931173341654
35513.931173341654
35513.931173341654
35513.931173341654
35513.931173341654
35513.931173341654
35189.82891393389
35189.82891393389
35189.82891393389
35189.82891393389
35189.82891393389
35189.82891393389
35189.82891393389
35189.82891393389
35189.82891393389
35189.82891393389
35189.82891393389
35189.82891393389
35189.82891393389
35189.82891393389
35189.82891393389
35189.82891393389
35189.82891393389
35189.82891393389
35189.82891393389
35189.82891393389
35189.82891393389
35189.82891393389
35189.82891393389
35189.82891393389
35189.82891393389
35189.82891393389
35189.82891393389
35189.82891393389
35189.82891393389
35189.82891393389
35189.82891393389
35189.82891393389
35189.82891393389
35189.82891393389
35189.82891393389
35189.82891393389
35189.82891393389
35189.82891393389
35189.82891393389
35189.82891393389
35189.82891393389
35189.82891393389
35189.82891393389
35189.82891393389
35189.82891393389
35189.82891393389
35189.82891393389
35189.82891393389
35189.82891393389
35189.82891393389
35189.82891393389
35189.82891393389
35189.82891393389
35189.82891393389
35189.82891393389
35189.82891393389
35189.82891393389
35189.82891393389
35189.82891393389
35189.82891393389
35189.82891393389
35189.82891393389
35189.82891393389
35189.82891393389
35189.82891393389
35189.82891393389
35189.82891393389
35189.82891393389
35189.82891393389
35189.82891393389
35189.82891393389
35189.82891393389
35189.82891393389
35189.82891393389
35189.82891393389
35189.82891393389
35189.82891393389
35189.82891393389
35189.82891393389
35189.82891393389
35189.82891393389
35189.82891393389
35189.82891393389
35189.82891393389
35189.82891393389
35189.82891393389
35189.82891393389
35189.82891393389
35189.82891393389
35189.82891393389
35189.82891393389
35189.82891393389
35189.82891393389
35189.82891393389
35189.82891393389
35189.82891393389
35189.82891393389
35189.82891393389
35189.82891393389
35189.82891393389
35189.82891393389
35189.82891393389
35189.82891393389
35189.82891393389
35189.82891393389
35189.82891393389
35189.82891393389
35189.82891393389
35189.82891393389
35189.82891393389
35189.82891393389
35189.82891393389
35189.82891393389
35189.82891393389
35189.82891393389
35189.82891393389
35189.82891393389
35189.82891393389
35189.82891393389
35189.82891393389
35189.82891393389
35189.82891393389
35189.82891393389
35189.82891393389
35189.82891393389
35189.82891393389
35189.82891393389
35189.82891393389
35189.82891393389
35189.82891393389
35189.82891393389
35189.82891393389
35189.82891393389
35189.82891393389
35189.82891393389
35189.82891393389
35189.82891393389
35189.82891393389
35189.82891393389
35189.82891393389
35189.82891393389
35189.82891393389
35189.82891393389
35189.82891393389
35189.82891393389
35189.82891393389
35189.82891393389
35189.82891393389
35189.82891393389
35189.82891393389
35189.82891393389
35189.82891393389
35189.82891393389
35189.82891393389
35189.82891393389
35189.82891393389
35189.82891393389
35189.82891393389
35189.82891393389
35189.82891393389
35189.82891393389
35189.82891393389
35189.82891393389
35189.82891393389
35189.82891393389
35189.82891393389
35189.82891393389
35189.82891393389
35189.82891393389
35189.82891393389
35189.82891393389
35189.82891393389
35189.82891393389
35189.82891393389
35189.82891393389
35189.82891393389
35189.82891393389
35189.82891393389
35189.82891393389
35189.82891393389
35189.82891393389
35189.82891393389
35189.82891393389
35189.82891393389
35189.82891393389
35189.82891393389
35189.82891393389
35189.82891393389
35189.82891393389
35189.82891393389
35189.82891393389
35189.82891393389
35189.82891393389
35189.82891393389
35189.82891393389
35189.82891393389
35189.82891393389
35189.82891393389
35189.82891393389
35189.82891393389
35189.82891393389
35189.82891393389
35189.82891393389
35189.82891393389
35189.82891393389
35189.82891393389
35189.82891393389
35189.82891393389
35189.82891393389
35189.82891393389
35189.82891393389
35189.82891393389
35189.82891393389
35189.82891393389
35189.82891393389
35189.82891393389
35189.82891393389
35189.82891393389
35189.82891393389
35189.82891393389
35189.82891393389
35189.82891393389
35189.82891393389
35189.82891393389
35189.82891393389
35189.82891393389
35189.82891393389
35189.82891393389
35189.82891393389
35189.82891393389
35189.82891393389
35189.82891393389
35189.82891393389
35189.82891393389
35189.82891393389
35189.82891393389
35189.82891393389
35189.82891393389
35189.82891393389
35189.82891393389
35189.82891393389
35189.82891393389
35189.82891393389
35189.82891393389
35189.82891393389
35189.82891393389
35189.82891393389
35189.82891393389
35189.82891393389
35189.82891393389
35189.82891393389
35189.82891393389
35189.82891393389
35189.82891393389
35189.82891393389
35189.82891393389
35189.82891393389
35189.82891393389
35189.82891393389
35189.82891393389
35189.82891393389
35189.82891393389
35128.92801021421
35128.92801021421
35128.92801021421
35128.92801021421
35128.92801021421
35128.92801021421
35128.92801021421
35128.92801021421
35128.92801021421
35128.92801021421
35128.92801021421
35128.92801021421
35128.92801021421
35128.92801021421
35128.92801021421
35128.92801021421
35128.92801021421
35128.92801021421
35128.92801021421
35128.92801021421
35128.92801021421
35128.92801021421
35128.92801021421
35128.92801021421
34880.16049143103
34880.16049143103
34880.16049143103
34880.16049143103
34880.16049143103
34880.16049143103
34880.16049143103
34880.16049143103
34880.16049143103
34880.16049143103
34880.16049143103
34880.16049143103
34880.16049143103
34880.16049143103
34880.16049143103
34880.16049143103
34880.16049143103
34880.16049143103
34880.16049143103
34726.97812944337
34726.97812944337
34726.97812944337
34726.97812944337
34726.97812944337
34726.97812944337
34726.97812944337
34726.97812944337
34726.97812944337
34726.97812944337
34726.97812944337
34726.97812944337
34726.97812944337
34726.97812944337
34726.97812944337
34726.97812944337
34726.97812944337
34726.97812944337
34726.97812944337
34433.94667992361
34433.94667992361
34344.78117250111
34344.78117250111
34344.78117250111
34344.78117250111
34344.78117250111
34344.78117250111
34344.78117250111
34344.78117250111
34344.78117250111
34344.78117250111
34344.78117250111
34344.78117250111
34344.78117250111
34253.32684630002
34253.32684630002
34253.32684630002
34253.32684630002
34253.32684630002
34253.32684630002
34253.32684630002
34253.32684630002
34253.32684630002
34253.32684630002
34253.32684630002
34253.32684630002
34253.32684630002
34253.32684630002
34253.32684630002
34253.32684630002
34253.32684630002
34253.32684630002
34253.32684630002
34253.32684630002
34253.32684630002
34253.32684630002
34253.32684630002
34253.32684630002
34253.32684630002
34253.32684630002
34253.32684630002
34253.32684630002
34253.32684630002
34253.32684630002
34253.32684630002
34253.32684630002
34253.32684630002
34253.32684630002
34253.32684630002
34253.32684630002
34253.32684630002
34253.32684630002
34253.32684630002
34253.32684630002
34253.32684630002
34253.32684630002
34253.32684630002
34253.32684630002
34253.32684630002
34253.32684630002
34253.32684630002
34253.32684630002
34253.32684630002
34253.32684630002
34253.32684630002
34253.32684630002
34253.32684630002
34253.32684630002
34253.32684630002
34253.32684630002
34253.32684630002
34253.32684630002
34253.32684630002
34253.32684630002
34253.32684630002
34253.32684630002
34253.32684630002
34253.32684630002
34253.32684630002
34253.32684630002
34253.32684630002
34253.32684630002
34253.32684630002
34253.32684630002
34253.32684630002
34253.32684630002
34253.32684630002
34253.32684630002
34253.32684630002
34253.32684630002
34009.300906627985
34009.300906627985
34009.300906627985
34009.300906627985
34009.300906627985
34009.300906627985
34009.300906627985
34009.300906627985
34009.300906627985
34009.300906627985
34009.300906627985
34009.300906627985
34009.300906627985
34009.300906627985
34009.300906627985
34009.300906627985
34009.300906627985
34009.300906627985
34009.300906627985
34009.300906627985
34009.300906627985
34009.300906627985
34009.300906627985
34009.300906627985
34009.300906627985
34009.300906627985
34009.300906627985
34009.300906627985
34009.300906627985
34009.300906627985
34009.300906627985
34009.300906627985
34009.300906627985
34009.300906627985
34009.300906627985
34009.300906627985
34009.300906627985
34009.300906627985
34009.300906627985
34009.300906627985
34009.300906627985
34009.300906627985
34009.300906627985
34009.300906627985
34009.300906627985
33795.13429167406
33795.13429167406
33795.13429167406
33795.13429167406
33795.13429167406
33795.13429167406
33795.13429167406
33795.13429167406
33795.13429167406
33795.13429167406
33795.13429167406
33795.13429167406
33795.13429167406
33795.13429167406
33795.13429167406
33795.13429167406
33795.13429167406
33795.13429167406
33795.13429167406
33795.13429167406
33795.13429167406
33795.13429167406
33795.13429167406
33795.13429167406
33795.13429167406
33795.13429167406
33795.13429167406
33795.13429167406
33795.13429167406
33795.13429167406
33795.13429167406
33795.13429167406
33795.13429167406
33795.13429167406
33795.13429167406
33795.13429167406
33795.13429167406
33795.13429167406
33795.13429167406
33640.73343009902
33640.73343009902
33640.73343009902
33640.73343009902
33640.73343009902
33640.73343009902
33640.73343009902
33640.73343009902
33640.73343009902
33640.73343009902
33640.73343009902
33640.73343009902
33640.73343009902
33640.73343009902
33640.73343009902
33640.73343009902
33640.73343009902
33640.73343009902
33640.73343009902
33640.73343009902
33640.73343009902
33640.73343009902
33640.73343009902
33640.73343009902
33640.73343009902
33640.73343009902
33640.73343009902
33640.73343009902
33640.73343009902
33640.73343009902
33640.73343009902
33640.73343009902
33640.73343009902
33640.73343009902
33640.73343009902
33640.73343009902
33640.73343009902
33640.73343009902
33640.73343009902
33640.73343009902
33640.73343009902
33640.73343009902
33640.73343009902
33640.73343009902
33640.73343009902
33640.73343009902
33640.73343009902
33640.73343009902
33640.73343009902
33640.73343009902
33640.73343009902
33640.73343009902
33640.73343009902
33640.73343009902
33640.73343009902
33640.73343009902
33640.73343009902
33640.73343009902
33640.73343009902
33640.73343009902
33640.73343009902
33640.73343009902
33640.73343009902
33640.73343009902
33640.73343009902
33640.73343009902
33640.73343009902
33640.73343009902
33640.73343009902
33640.73343009902
33640.73343009902
33630.67366168408
33630.67366168408
33630.67366168408
33630.67366168408
33630.67366168408
33630.67366168408
33630.67366168408
33630.67366168408
33630.67366168408
33630.67366168408
33630.67366168408
33630.67366168408
33630.67366168408
33630.67366168408
33630.67366168408
33630.67366168408
33630.67366168408
33630.67366168408
33333.22148579183
33333.22148579183
33333.22148579183
33333.22148579183
33333.22148579183
33333.22148579183
33333.22148579183
33333.22148579183
33333.22148579183
33333.22148579183
33333.22148579183
33333.22148579183
33333.22148579183
33333.22148579183
33333.22148579183
33333.22148579183
33333.22148579183
33333.22148579183
33333.22148579183
33333.22148579183
33333.22148579183
33333.22148579183
33333.22148579183
33333.22148579183
33333.22148579183
33333.22148579183
33333.22148579183
33333.22148579183
33333.22148579183
33333.22148579183
33333.22148579183
33302.58426636926
33302.58426636926
33302.58426636926
33302.58426636926
33302.58426636926
33302.58426636926
33302.58426636926
33302.58426636926
33302.58426636926
33302.58426636926
33302.58426636926
33302.58426636926
33302.58426636926
33302.58426636926
33302.58426636926
33302.58426636926
33302.58426636926
33302.58426636926
33302.58426636926
33302.58426636926
33302.58426636926
33302.58426636926
33302.58426636926
33302.58426636926
33302.58426636926
33302.58426636926
33302.58426636926
33302.58426636926
33302.58426636926
33302.58426636926
33302.58426636926
33302.58426636926
33302.58426636926
33302.58426636926
33302.58426636926
33302.58426636926
33302.58426636926
33302.58426636926
33302.58426636926
33302.58426636926
33302.58426636926
33302.58426636926
33302.58426636926
33302.58426636926
33302.58426636926
33302.58426636926
33302.58426636926
33302.58426636926
33302.58426636926
33302.58426636926
33302.58426636926
33302.58426636926
33302.58426636926
33302.58426636926
33302.58426636926
33302.58426636926
33302.58426636926
33302.58426636926
33302.58426636926
33302.58426636926
33302.58426636926
33302.58426636926
33302.58426636926
33302.58426636926
33302.58426636926
33302.58426636926
33302.58426636926
33302.58426636926
33302.58426636926
33302.58426636926
33302.58426636926
33302.58426636926
33302.58426636926
33302.58426636926
33302.58426636926
33302.58426636926
33302.58426636926
33302.58426636926
33302.58426636926
33302.58426636926
33302.58426636926
33302.58426636926
33302.58426636926
33302.58426636926
33302.58426636926
33302.58426636926
33302.58426636926
33302.58426636926
33302.58426636926
33302.58426636926
33302.58426636926
33302.58426636926
33302.58426636926
33302.58426636926
33302.58426636926
33302.58426636926
33302.58426636926
33302.58426636926
33302.58426636926
33302.58426636926
33302.58426636926
33302.58426636926
33302.58426636926
33302.58426636926
33302.58426636926
33302.58426636926
33302.58426636926
33302.58426636926
33302.58426636926
33302.58426636926
33302.58426636926
33302.58426636926
33090.127528199235
33090.127528199235
33090.127528199235
33090.127528199235
33090.127528199235
33090.127528199235
33090.127528199235
33090.127528199235
33090.127528199235
33090.127528199235
33090.127528199235
33090.127528199235
33090.127528199235
33090.127528199235
33090.127528199235
33090.127528199235
33090.127528199235
33090.127528199235
33090.127528199235
33090.127528199235
33090.127528199235
33090.127528199235
33090.127528199235
33090.127528199235
33090.127528199235
33090.127528199235
33077.482929234924
33077.482929234924
33077.482929234924
33077.482929234924
33077.482929234924
33077.482929234924
33077.482929234924
33077.482929234924
33077.482929234924
33077.482929234924
33077.482929234924
33077.482929234924
33077.482929234924
33077.482929234924
33077.482929234924
33077.482929234924
33077.482929234924
33077.482929234924
33077.482929234924
33077.482929234924
33077.482929234924
33077.482929234924
33077.482929234924
33077.482929234924
33077.482929234924
33077.482929234924
33077.482929234924
33077.482929234924
33077.482929234924
33077.482929234924
33077.482929234924
33077.482929234924
33077.482929234924
33077.482929234924
33077.482929234924
33077.482929234924
33077.482929234924
33077.482929234924
33077.482929234924
33077.482929234924
33077.482929234924
33077.482929234924
33077.482929234924
33077.482929234924
33077.482929234924
33077.482929234924
33077.482929234924
33077.482929234924
33077.482929234924
33077.482929234924
33077.482929234924
33077.482929234924
33077.482929234924
32978.036165882004
32978.036165882004
32978.036165882004
32978.036165882004
32978.036165882004
32978.036165882004
32978.036165882004
32978.036165882004
32978.036165882004
32978.036165882004
32978.036165882004
32617.44985481467
32617.44985481467
32617.44985481467
32617.44985481467
32617.44985481467
32617.44985481467
32617.44985481467
32617.44985481467
32617.44985481467
32617.44985481467
32617.44985481467
32617.44985481467
32617.44985481467
32617.44985481467
32617.44985481467
32617.44985481467
32617.44985481467
32617.44985481467
32617.44985481467
32617.44985481467
32617.44985481467
32617.44985481467
32617.44985481467
32617.44985481467
32617.44985481467
32617.44985481467
32617.44985481467
32617.44985481467
32617.44985481467
32617.44985481467
32617.44985481467
32617.44985481467
32617.44985481467
32617.44985481467
32617.44985481467
32617.44985481467
32617.44985481467
32617.44985481467
32617.44985481467
32617.44985481467
32617.44985481467
32617.44985481467
32617.44985481467
32617.44985481467
32617.44985481467
32617.44985481467
32617.44985481467
32617.44985481467
32617.44985481467
32617.44985481467
32617.44985481467
32617.44985481467
32617.44985481467
32617.44985481467
32617.44985481467
32617.44985481467
32617.44985481467
32617.44985481467
32617.44985481467
32617.44985481467
32617.44985481467
32617.44985481467
32617.44985481467
32617.44985481467
32617.44985481467
32617.44985481467
32617.44985481467
32617.44985481467
32617.44985481467
32617.44985481467
32617.44985481467
32617.44985481467
32617.44985481467
32617.44985481467
32617.44985481467
32617.44985481467
32617.44985481467
32617.44985481467
32617.44985481467
32588.609023012566
32588.609023012566
32588.609023012566
32588.609023012566
32588.609023012566
32588.609023012566
32588.609023012566
32588.609023012566
32588.609023012566
32588.609023012566
32588.609023012566
32588.609023012566
32588.609023012566
32588.609023012566
32588.609023012566
32588.609023012566
32588.609023012566
32588.609023012566
32588.609023012566
32557.28543207966
32557.28543207966
32557.28543207966
32557.28543207966
32557.28543207966
32557.28543207966
32557.28543207966
32557.28543207966
32557.28543207966
32557.28543207966
32526.64821265709
32526.64821265709
32526.64821265709
32526.64821265709
32526.64821265709
32526.64821265709
32526.64821265709
32482.729605183573
32482.729605183573
32482.729605183573
32482.729605183573
32482.729605183573
32482.729605183573
32482.729605183573
32482.729605183573
32482.729605183573
32482.729605183573
32482.729605183573
32482.729605183573
32482.729605183573
32482.729605183573
32482.729605183573
32482.729605183573
32482.729605183573
32482.729605183573
32482.729605183573
32482.729605183573
32482.729605183573
32482.729605183573
32482.729605183573
32482.729605183573
32482.729605183573
32482.729605183573
32482.729605183573
32482.729605183573
32482.729605183573
32482.729605183573
32482.729605183573
32482.729605183573
32482.729605183573
32482.729605183573
32482.729605183573
32482.729605183573
32482.729605183573
32482.729605183573
32482.729605183573
32482.729605183573
32482.729605183573
32482.729605183573
32482.729605183573
32482.729605183573
32482.729605183573
32482.729605183573
32482.729605183573
32482.729605183573
32482.729605183573
32482.729605183573
32482.729605183573
32482.729605183573
32482.729605183573
32482.729605183573
32482.729605183573
32482.729605183573
32482.729605183573
32482.729605183573
32482.729605183573
32482.729605183573
32482.729605183573
32467.45388438779
32467.45388438779
32467.45388438779
32467.45388438779
32467.45388438779
32467.45388438779
32467.45388438779
32467.45388438779
32467.45388438779
32467.45388438779
32467.45388438779
32467.45388438779
32467.45388438779
32467.45388438779
32467.45388438779
32467.45388438779
32467.45388438779
32467.45388438779
32467.45388438779
32467.45388438779
32467.45388438779
32467.45388438779
32467.45388438779
32467.45388438779
32467.45388438779
32467.45388438779
32467.45388438779
32467.45388438779
32467.45388438779
32467.45388438779
32467.45388438779
32467.45388438779
32467.45388438779
32467.45388438779
32467.45388438779
32467.45388438779
32467.45388438779
32467.45388438779
32467.45388438779
32467.45388438779
32467.45388438779
32467.45388438779
32467.45388438779
32467.45388438779
32467.45388438779
32467.45388438779
32467.45388438779
32467.45388438779
32467.45388438779
32467.45388438779
32467.45388438779
32467.45388438779
32467.45388438779
32467.45388438779
32467.45388438779
32467.45388438779
32467.45388438779
32467.45388438779
32467.45388438779
32467.45388438779
32467.45388438779
32467.45388438779
32467.45388438779
32467.45388438779
32467.45388438779
32467.45388438779
32467.45388438779
32467.45388438779
32467.45388438779
32467.45388438779
32467.45388438779
32467.45388438779
32467.45388438779
32467.45388438779
32467.45388438779
32467.45388438779
32467.45388438779
32467.45388438779
32467.45388438779
32467.45388438779
32467.45388438779
32467.45388438779
32467.45388438779
32467.45388438779
32467.45388438779
32467.45388438779
32467.45388438779
32467.45388438779
32467.45388438779
32467.45388438779
32467.45388438779
32467.45388438779
32467.45388438779
32467.45388438779
32467.45388438779
32467.45388438779
32453.72203602484
32453.72203602484
32453.72203602484
32453.72203602484
32453.72203602484
32453.72203602484
32453.72203602484
32453.72203602484
32453.72203602484
32453.72203602484
32453.72203602484
32453.72203602484
32453.72203602484
32453.72203602484
32453.72203602484
32453.72203602484
32453.72203602484
32355.951635728456
32355.951635728456
32355.951635728456
32355.951635728456
32355.951635728456
32355.951635728456
32355.951635728456
32355.951635728456
32355.951635728456
32355.951635728456
32355.951635728456
32355.951635728456
32355.951635728456
32355.951635728456
32355.951635728456
32355.951635728456
32355.951635728456
32355.951635728456
32355.951635728456
32355.951635728456
32355.951635728456
32355.951635728456
32355.951635728456
32355.951635728456
32355.951635728456
32355.951635728456
32355.951635728456
32355.951635728456
32355.951635728456
32355.951635728456
32355.951635728456
32355.951635728456
32355.951635728456
32355.951635728456
32355.951635728456
32355.951635728456
32355.951635728456
32355.951635728456
32355.951635728456
32355.951635728456
32355.951635728456
32355.951635728456
32355.951635728456
32355.951635728456
32355.951635728456
32355.951635728456
32355.951635728456
32355.951635728456
32355.951635728456
32355.951635728456
32355.951635728456
32355.951635728456
32355.951635728456
32355.951635728456
32355.951635728456
32355.951635728456
32355.951635728456
32355.951635728456
32355.951635728456
32355.951635728456
32355.951635728456
32355.951635728456
32355.951635728456
32355.951635728456
32355.951635728456
32355.951635728456
32355.951635728456
32355.951635728456
32355.951635728456
32355.951635728456
32355.951635728456
32355.951635728456
32355.951635728456
32355.951635728456
32355.951635728456
32355.951635728456
32355.951635728456
32355.951635728456
32355.951635728456
32355.951635728456
32355.951635728456
32355.951635728456
32355.951635728456
32355.951635728456
32355.951635728456
32355.951635728456
32355.951635728456
32355.951635728456
32355.951635728456
32355.951635728456
Time: 24.266522884368896 seconds 
Best solution: 32355.951635728456 [31, 32, 33, 12, 7, 1, 2, 3, 8, 4, 5, 13, 14, 18, 17, 26, 27, 43, 58, 36, 23, 20, 103, 11, 29, 30, 104, 48, 49, 54, 45, 87, 100, 95, 94, 78, 70, 47, 38, 89, 62, 72, 86, 91, 79, 81, 53, 98, 76, 40, 60, 35, 88, 50, 59, 42, 19, 9, 101, 52, 96, 69, 92, 24, 68, 64, 66, 41, 51, 74, 71, 105, 46, 44, 84, 61, 73, 83, 82, 63, 102, 55, 99, 97, 56, 80, 75, 85, 34, 90, 65, 57, 67, 77, 16, 25, 93, 39, 37, 28, 15, 10, 6, 21, 22]
Avg solution: 45107.474007852325