Alg:2, Run: 5, file: C:\Users\gabri\Documents\AN 3 SEM 2\AI\Lab\Lab3\\lin105.tsp, population number: 100, generations: 5000 
104588.89146359287
104588.89146359287
104588.89146359287
103544.81285495311
103544.81285495311
103544.81285495311
103290.22040794117
101645.92639546623
101645.92639546623
101645.92639546623
101645.92639546623
101485.64922635035
100849.89716039969
100849.89716039969
100849.89716039969
100849.89716039969
99323.9978960457
99323.9978960457
99323.9978960457
99323.9978960457
99323.9978960457
99323.9978960457
99323.9978960457
99323.9978960457
99323.9978960457
99323.9978960457
98664.34223252829
98664.34223252829
97982.30993300176
97982.30993300176
97982.30993300176
97982.30993300176
97982.30993300176
95799.39436185303
95799.39436185303
93785.53360893011
93785.53360893011
93785.53360893011
93785.53360893011
93785.53360893011
93785.53360893011
93785.53360893011
92966.9917175563
92966.9917175563
92966.9917175563
92966.9917175563
92966.9917175563
92966.9917175563
91923.32646439524
91923.32646439524
91923.32646439524
91923.32646439524
91923.32646439524
91923.32646439524
91923.32646439524
91923.32646439524
91923.32646439524
91923.32646439524
91923.32646439524
91873.65704902432
91873.65704902432
88100.6943487371
88100.6943487371
88100.6943487371
88100.6943487371
88072.0932487054
88072.0932487054
88072.0932487054
87316.42888401862
87316.42888401862
87316.42888401862
87316.42888401862
87316.42888401862
87316.42888401862
87316.42888401862
87316.42888401862
87316.42888401862
87316.42888401862
87316.42888401862
87316.42888401862
87316.42888401862
87316.42888401862
87316.42888401862
87316.42888401862
87316.42888401862
87125.36322220169
87125.36322220169
87125.36322220169
87125.36322220169
87125.36322220169
87125.36322220169
87125.36322220169
87125.36322220169
87125.36322220169
87125.36322220169
87125.36322220169
87125.36322220169
87125.36322220169
87125.36322220169
85654.2773282401
85654.2773282401
85654.2773282401
85654.2773282401
85654.2773282401
85654.2773282401
85654.2773282401
85654.2773282401
85654.2773282401
85654.2773282401
85654.2773282401
85654.2773282401
85654.2773282401
85654.2773282401
85654.2773282401
85654.2773282401
85654.2773282401
85654.2773282401
85654.2773282401
85654.2773282401
85654.2773282401
85654.2773282401
85654.2773282401
85654.2773282401
85654.2773282401
85654.2773282401
85654.2773282401
85654.2773282401
85313.04180289106
85313.04180289106
85313.04180289106
85313.04180289106
85313.04180289106
85313.04180289106
85313.04180289106
85313.04180289106
85313.04180289106
85313.04180289106
85313.04180289106
85313.04180289106
85313.04180289106
85313.04180289106
85313.04180289106
85313.04180289106
85313.04180289106
85313.04180289106
85313.04180289106
85313.04180289106
80614.17797689748
80614.17797689748
80614.17797689748
80614.17797689748
80614.17797689748
80614.17797689748
80614.17797689748
80614.17797689748
80614.17797689748
80614.17797689748
80614.17797689748
80614.17797689748
80614.17797689748
80614.17797689748
80614.17797689748
80614.17797689748
80614.17797689748
80614.17797689748
80614.17797689748
80614.17797689748
80614.17797689748
80614.17797689748
80614.17797689748
80614.17797689748
80614.17797689748
80614.17797689748
80614.17797689748
80614.17797689748
80614.17797689748
80614.17797689748
80614.17797689748
80614.17797689748
80614.17797689748
80614.17797689748
80614.17797689748
80614.17797689748
80614.17797689748
80614.17797689748
80614.17797689748
80614.17797689748
80614.17797689748
80614.17797689748
80614.17797689748
80614.17797689748
80614.17797689748
80614.17797689748
80614.17797689748
80614.17797689748
80614.17797689748
80614.17797689748
80614.17797689748
80614.17797689748
80614.17797689748
80614.17797689748
80614.17797689748
80614.17797689748
80614.17797689748
80614.17797689748
80614.17797689748
80614.17797689748
80614.17797689748
80614.17797689748
80614.17797689748
80614.17797689748
80614.17797689748
80614.17797689748
80614.17797689748
80614.17797689748
80614.17797689748
80614.17797689748
80614.17797689748
80614.17797689748
80614.17797689748
80614.17797689748
80614.17797689748
80614.17797689748
80614.17797689748
80614.17797689748
80614.17797689748
80614.17797689748
80614.17797689748
80423.77458331984
80423.77458331984
80423.77458331984
80386.68415506856
80386.68415506856
80386.68415506856
80386.68415506856
80386.68415506856
80386.68415506856
80386.68415506856
80386.68415506856
80386.68415506856
80386.68415506856
80386.68415506856
80386.68415506856
80386.68415506856
80386.68415506856
80386.68415506856
80386.68415506856
80386.68415506856
80386.68415506856
80386.68415506856
80386.68415506856
80386.68415506856
80386.68415506856
80386.68415506856
80386.68415506856
80386.68415506856
80386.68415506856
80386.68415506856
80386.68415506856
79954.53855134947
79954.53855134947
79954.53855134947
79954.53855134947
79954.53855134947
79954.53855134947
78390.82984515712
78390.82984515712
78390.82984515712
78368.88142222672
78368.88142222672
78368.88142222672
78368.88142222672
78368.88142222672
78368.88142222672
78368.88142222672
78368.88142222672
78368.88142222672
78368.88142222672
78368.88142222672
78368.88142222672
78368.88142222672
78368.88142222672
78368.88142222672
78368.88142222672
78368.88142222672
78368.88142222672
78368.88142222672
78368.88142222672
78368.88142222672
78368.88142222672
78368.88142222672
78368.88142222672
78368.88142222672
78368.88142222672
78086.01429088111
78086.01429088111
78086.01429088111
78086.01429088111
78086.01429088111
78086.01429088111
78086.01429088111
75456.43898849003
75456.43898849003
75456.43898849003
75456.43898849003
75456.43898849003
75456.43898849003
75456.43898849003
75456.43898849003
75456.43898849003
75456.43898849003
75456.43898849003
75456.43898849003
75456.43898849003
71969.38903055788
71969.38903055788
71969.38903055788
71969.38903055788
71969.38903055788
71969.38903055788
71969.38903055788
71969.38903055788
71969.38903055788
71969.38903055788
71969.38903055788
71969.38903055788
71969.38903055788
71969.38903055788
71969.38903055788
71969.38903055788
71969.38903055788
71969.38903055788
71969.38903055788
71969.38903055788
71969.38903055788
71969.38903055788
71969.38903055788
71969.38903055788
71969.38903055788
71969.38903055788
71969.38903055788
71969.38903055788
71969.38903055788
71969.38903055788
71969.38903055788
71969.38903055788
71969.38903055788
71969.38903055788
71969.38903055788
71969.38903055788
71969.38903055788
71969.38903055788
71969.38903055788
71969.38903055788
71969.38903055788
71969.38903055788
71969.38903055788
71969.38903055788
71969.38903055788
71969.38903055788
71969.38903055788
71969.38903055788
71969.38903055788
71969.38903055788
71969.38903055788
71969.38903055788
71969.38903055788
71969.38903055788
71969.38903055788
71969.38903055788
71969.38903055788
71969.38903055788
71969.38903055788
71969.38903055788
71969.38903055788
71969.38903055788
71969.38903055788
71969.38903055788
71969.38903055788
71969.38903055788
71969.38903055788
71969.38903055788
71969.38903055788
71969.38903055788
71969.38903055788
71969.38903055788
71969.38903055788
71969.38903055788
71969.38903055788
71969.38903055788
71969.38903055788
71969.38903055788
71969.38903055788
71969.38903055788
71020.3354418329
71020.3354418329
71020.3354418329
71020.3354418329
71020.3354418329
71020.3354418329
71020.3354418329
71020.3354418329
71020.3354418329
71020.3354418329
71020.3354418329
71020.3354418329
71020.3354418329
71020.3354418329
71020.3354418329
71020.3354418329
71020.3354418329
71020.3354418329
71020.3354418329
71020.3354418329
71020.3354418329
71020.3354418329
71020.3354418329
71020.3354418329
71020.3354418329
71020.3354418329
71020.3354418329
71020.3354418329
71020.3354418329
71020.3354418329
71020.3354418329
71020.3354418329
71020.3354418329
71020.3354418329
71020.3354418329
71020.3354418329
71020.3354418329
71020.3354418329
71020.3354418329
71020.3354418329
71020.3354418329
71020.3354418329
70283.54358361257
70283.54358361257
70283.54358361257
70283.54358361257
70283.54358361257
70283.54358361257
70283.54358361257
70283.54358361257
70283.54358361257
70283.54358361257
70283.54358361257
70283.54358361257
70283.54358361257
70283.54358361257
70283.54358361257
70283.54358361257
70283.54358361257
70283.54358361257
70283.54358361257
70283.54358361257
70283.54358361257
70283.54358361257
70283.54358361257
70283.54358361257
70283.54358361257
70283.54358361257
70283.54358361257
70283.54358361257
70283.54358361257
70283.54358361257
69941.6982021502
69941.6982021502
69941.6982021502
69941.6982021502
69941.6982021502
69941.6982021502
69941.6982021502
69941.6982021502
69941.6982021502
69941.6982021502
69941.6982021502
69941.6982021502
69941.6982021502
69941.6982021502
69941.6982021502
69941.6982021502
69941.6982021502
69941.6982021502
69941.6982021502
69941.6982021502
69941.6982021502
69941.6982021502
69941.6982021502
69941.6982021502
69941.6982021502
69941.6982021502
69941.6982021502
69941.6982021502
69941.6982021502
69941.6982021502
69941.6982021502
69941.6982021502
69941.6982021502
69941.6982021502
69941.6982021502
69941.6982021502
69722.73513604442
69722.73513604442
69722.73513604442
69722.73513604442
69722.73513604442
69716.98387581774
69716.98387581774
69716.98387581774
69716.98387581774
69716.98387581774
69716.98387581774
69716.98387581774
69716.98387581774
69716.98387581774
69716.98387581774
69716.98387581774
69716.98387581774
69716.98387581774
69716.98387581774
69716.98387581774
69716.98387581774
69716.98387581774
69716.98387581774
69311.61665373918
69311.61665373918
69311.61665373918
69311.61665373918
69311.61665373918
69311.61665373918
69311.61665373918
69311.61665373918
69311.61665373918
69311.61665373918
69311.61665373918
69311.61665373918
69311.61665373918
69311.61665373918
69311.61665373918
69311.61665373918
69311.61665373918
69311.61665373918
69311.61665373918
69311.61665373918
69311.61665373918
67933.97858777363
67933.97858777363
67933.97858777363
67933.97858777363
67933.97858777363
67933.97858777363
67933.97858777363
67933.97858777363
67933.97858777363
67933.97858777363
67933.97858777363
67933.97858777363
67933.97858777363
67933.97858777363
67933.97858777363
67933.97858777363
67933.97858777363
67933.97858777363
67933.97858777363
67933.97858777363
67933.97858777363
67933.97858777363
67933.97858777363
67933.97858777363
67933.97858777363
67933.97858777363
67933.97858777363
67933.97858777363
67933.97858777363
67933.97858777363
67933.97858777363
67933.97858777363
67933.97858777363
67933.97858777363
67933.97858777363
67933.97858777363
67933.97858777363
67933.97858777363
67933.97858777363
67933.97858777363
67933.97858777363
67933.97858777363
67933.97858777363
67933.97858777363
67933.97858777363
67509.6494494172
67509.6494494172
67509.6494494172
67509.6494494172
67509.6494494172
67509.6494494172
67509.6494494172
67509.6494494172
67509.6494494172
67509.6494494172
67509.6494494172
67509.6494494172
67509.6494494172
67509.6494494172
67509.6494494172
67509.6494494172
67509.6494494172
67509.6494494172
67509.6494494172
67509.6494494172
67509.6494494172
67509.6494494172
67509.6494494172
67509.6494494172
67509.6494494172
67509.6494494172
67509.6494494172
67509.6494494172
67509.6494494172
67509.6494494172
67509.6494494172
67509.6494494172
67509.6494494172
67509.6494494172
67509.6494494172
67509.6494494172
67509.6494494172
67509.6494494172
67509.6494494172
67509.6494494172
67509.6494494172
67509.6494494172
67509.6494494172
67509.6494494172
67509.6494494172
67509.6494494172
67509.6494494172
67509.6494494172
67509.6494494172
67509.6494494172
67509.6494494172
67509.6494494172
67509.6494494172
67509.6494494172
67509.6494494172
67509.6494494172
67509.6494494172
67509.6494494172
67509.6494494172
67509.6494494172
67509.6494494172
67509.6494494172
67509.6494494172
67509.6494494172
67509.6494494172
67509.6494494172
67509.6494494172
67509.6494494172
67509.6494494172
67509.6494494172
67509.6494494172
67509.6494494172
67509.6494494172
67509.6494494172
67017.87146616806
67017.87146616806
67017.87146616806
67017.87146616806
67017.87146616806
67017.87146616806
67017.87146616806
67017.87146616806
67017.87146616806
67017.87146616806
67017.87146616806
67017.87146616806
67017.87146616806
67017.87146616806
67017.87146616806
66576.053496358
66576.053496358
66576.053496358
66576.053496358
66576.053496358
66576.053496358
66576.053496358
66576.053496358
66576.053496358
66349.67902847967
66349.67902847967
66349.67902847967
66349.67902847967
66074.83662585873
66074.83662585873
65608.84337321499
65608.84337321499
65608.84337321499
65608.84337321499
64465.62760996576
64465.62760996576
64465.62760996576
64465.62760996576
64465.62760996576
64465.62760996576
64465.62760996576
64465.62760996576
64465.62760996576
64465.62760996576
64465.62760996576
64465.62760996576
64465.62760996576
64465.62760996576
64465.62760996576
64465.62760996576
64465.62760996576
64465.62760996576
64465.62760996576
64465.62760996576
64465.62760996576
64465.62760996576
64465.62760996576
64465.62760996576
64465.62760996576
64465.62760996576
64465.62760996576
64465.62760996576
64465.62760996576
64465.62760996576
64465.62760996576
64465.62760996576
64465.62760996576
64465.62760996576
64465.62760996576
64465.62760996576
64465.62760996576
64465.62760996576
63712.539740626096
63712.539740626096
63712.539740626096
63712.539740626096
63712.539740626096
63712.539740626096
63712.539740626096
63712.539740626096
63712.539740626096
63712.539740626096
63712.539740626096
63712.539740626096
63712.539740626096
63712.539740626096
63712.539740626096
63712.539740626096
63712.539740626096
63712.539740626096
63712.539740626096
63712.539740626096
63712.539740626096
63712.539740626096
63712.539740626096
63359.766294628775
63359.766294628775
63359.766294628775
63359.766294628775
63359.766294628775
63359.766294628775
63359.766294628775
63359.766294628775
63359.766294628775
63359.766294628775
63359.766294628775
63359.766294628775
63359.766294628775
63359.766294628775
63359.766294628775
63359.766294628775
63359.766294628775
63359.766294628775
63359.766294628775
63359.766294628775
63359.766294628775
63359.766294628775
63359.766294628775
63359.766294628775
63359.766294628775
63359.766294628775
63359.766294628775
63359.766294628775
63359.766294628775
63359.766294628775
63359.766294628775
63359.766294628775
63359.766294628775
63359.766294628775
63359.766294628775
63359.766294628775
63359.766294628775
63359.766294628775
63359.766294628775
63359.766294628775
63359.766294628775
63359.766294628775
63359.766294628775
63359.766294628775
63359.766294628775
63359.766294628775
63359.766294628775
63359.766294628775
63334.499347773104
63227.175215012154
63227.175215012154
63227.175215012154
63227.175215012154
63227.175215012154
63227.175215012154
63227.175215012154
63227.175215012154
62537.842632018546
62537.842632018546
62537.842632018546
62537.842632018546
62537.842632018546
62537.842632018546
62537.842632018546
62537.842632018546
62537.842632018546
62537.842632018546
62537.842632018546
62423.30935684156
62423.30935684156
62423.30935684156
62423.30935684156
62423.30935684156
62423.30935684156
62423.30935684156
62423.30935684156
62423.30935684156
62423.30935684156
62423.30935684156
62423.30935684156
62423.30935684156
62423.30935684156
60935.56619735065
60935.56619735065
60935.56619735065
60935.56619735065
60935.56619735065
60935.56619735065
60935.56619735065
60935.56619735065
60935.56619735065
60935.56619735065
60935.56619735065
60935.56619735065
60935.56619735065
60935.56619735065
60935.56619735065
60935.56619735065
60935.56619735065
60935.56619735065
60935.56619735065
60935.56619735065
60935.56619735065
60935.56619735065
60935.56619735065
60935.56619735065
60935.56619735065
60935.56619735065
60935.56619735065
60935.56619735065
60935.56619735065
60935.56619735065
58781.28413597903
58781.28413597903
58781.28413597903
58781.28413597903
58781.28413597903
58781.28413597903
58781.28413597903
58781.28413597903
58781.28413597903
58781.28413597903
58781.28413597903
58781.28413597903
58781.28413597903
58781.28413597903
58781.28413597903
58781.28413597903
58781.28413597903
58781.28413597903
58781.28413597903
58781.28413597903
58781.28413597903
58781.28413597903
58781.28413597903
58781.28413597903
58781.28413597903
58781.28413597903
58781.28413597903
58781.28413597903
58781.28413597903
58781.28413597903
58781.28413597903
58781.28413597903
58781.28413597903
58781.28413597903
58781.28413597903
58781.28413597903
58781.28413597903
58781.28413597903
58781.28413597903
58781.28413597903
58781.28413597903
58781.28413597903
58781.28413597903
58781.28413597903
58781.28413597903
58781.28413597903
58781.28413597903
58781.28413597903
58781.28413597903
58415.882705334734
58415.882705334734
58415.882705334734
58415.882705334734
58415.882705334734
58415.882705334734
58415.882705334734
58415.882705334734
58415.882705334734
58415.882705334734
58415.882705334734
58415.882705334734
58415.882705334734
58415.882705334734
58415.882705334734
58415.882705334734
58415.882705334734
58415.882705334734
58415.882705334734
58415.882705334734
58415.882705334734
58415.882705334734
58415.882705334734
58415.882705334734
58415.882705334734
58415.882705334734
58415.882705334734
58415.882705334734
58415.882705334734
58415.882705334734
58415.882705334734
58415.882705334734
58415.882705334734
58415.882705334734
58415.882705334734
58415.882705334734
58415.882705334734
58415.882705334734
58415.882705334734
58415.882705334734
58415.882705334734
58415.882705334734
58415.882705334734
58415.882705334734
58415.882705334734
58415.882705334734
58415.882705334734
58415.882705334734
58415.882705334734
58415.882705334734
58415.882705334734
58415.882705334734
58415.882705334734
58415.882705334734
58415.882705334734
58415.882705334734
58415.882705334734
58415.882705334734
58415.882705334734
58415.882705334734
58415.882705334734
58415.882705334734
58415.882705334734
58415.882705334734
58415.882705334734
58415.882705334734
58415.882705334734
58415.882705334734
58415.882705334734
58415.882705334734
58415.882705334734
58415.882705334734
58415.882705334734
58415.882705334734
58415.882705334734
58415.882705334734
58415.882705334734
58415.882705334734
58415.882705334734
58415.882705334734
58415.882705334734
58415.882705334734
58415.882705334734
58415.882705334734
58415.882705334734
58415.882705334734
58415.882705334734
58415.882705334734
58415.882705334734
58415.882705334734
58415.882705334734
58415.882705334734
58415.882705334734
58415.882705334734
58415.882705334734
58415.882705334734
58415.882705334734
58415.882705334734
58415.882705334734
58415.882705334734
58415.882705334734
58415.882705334734
58415.882705334734
58415.882705334734
58415.882705334734
58415.882705334734
58415.882705334734
58415.882705334734
58415.882705334734
58415.882705334734
58415.882705334734
58415.882705334734
58415.882705334734
58415.882705334734
58415.882705334734
58415.882705334734
58415.882705334734
58415.882705334734
58415.882705334734
58415.882705334734
58415.882705334734
58415.882705334734
58415.882705334734
58415.882705334734
58415.882705334734
58415.882705334734
58415.882705334734
58415.882705334734
58415.882705334734
58415.882705334734
58415.882705334734
58415.882705334734
58415.882705334734
58415.882705334734
58415.882705334734
58415.882705334734
58415.882705334734
58415.882705334734
58415.882705334734
58415.882705334734
58415.882705334734
58415.882705334734
58415.882705334734
58415.882705334734
58415.882705334734
58415.882705334734
58415.882705334734
58415.882705334734
58415.882705334734
58415.882705334734
58415.882705334734
58415.882705334734
58415.882705334734
58415.882705334734
58415.882705334734
58415.882705334734
58415.882705334734
58415.882705334734
58415.882705334734
58415.882705334734
58415.882705334734
58415.882705334734
58415.882705334734
57291.45115871214
57291.45115871214
57291.45115871214
57291.45115871214
57291.45115871214
57291.45115871214
57291.45115871214
57291.45115871214
57291.45115871214
57291.45115871214
57291.45115871214
57291.45115871214
57291.45115871214
57291.45115871214
57291.45115871214
57291.45115871214
57291.45115871214
57291.45115871214
57291.45115871214
57291.45115871214
57291.45115871214
57291.45115871214
57291.45115871214
57291.45115871214
57291.45115871214
57291.45115871214
57291.45115871214
57291.45115871214
57291.45115871214
57291.45115871214
57291.45115871214
57291.45115871214
57291.45115871214
57291.45115871214
57291.45115871214
57291.45115871214
57291.45115871214
57291.45115871214
57291.45115871214
57291.45115871214
57291.45115871214
57291.45115871214
57291.45115871214
57291.45115871214
57291.45115871214
57291.45115871214
57291.45115871214
57291.45115871214
57291.45115871214
57291.45115871214
57291.45115871214
57291.45115871214
57291.45115871214
57291.45115871214
57291.45115871214
57291.45115871214
57291.45115871214
57291.45115871214
57291.45115871214
57291.45115871214
57291.45115871214
57291.45115871214
57291.45115871214
57291.45115871214
57291.45115871214
57291.45115871214
57291.45115871214
57291.45115871214
57291.45115871214
57291.45115871214
57291.45115871214
57291.45115871214
57291.45115871214
57291.45115871214
57291.45115871214
57291.45115871214
57291.45115871214
57291.45115871214
57291.45115871214
57291.45115871214
57291.45115871214
57291.45115871214
57291.45115871214
57291.45115871214
57291.45115871214
57291.45115871214
57291.45115871214
57291.45115871214
57291.45115871214
57291.45115871214
56907.3107836492
56907.3107836492
56907.3107836492
56907.3107836492
56907.3107836492
56907.3107836492
56907.3107836492
56907.3107836492
56907.3107836492
56907.3107836492
56907.3107836492
56907.3107836492
56907.3107836492
56907.3107836492
56907.3107836492
56907.3107836492
56907.3107836492
56907.3107836492
56907.3107836492
56907.3107836492
56907.3107836492
56907.3107836492
56907.3107836492
56907.3107836492
56907.3107836492
56907.3107836492
56907.3107836492
56907.3107836492
56907.3107836492
56907.3107836492
56907.3107836492
56907.3107836492
56907.3107836492
56907.3107836492
56907.3107836492
56907.3107836492
56907.3107836492
56907.3107836492
56907.3107836492
56907.3107836492
56907.3107836492
56907.3107836492
56907.3107836492
56907.3107836492
56907.3107836492
56907.3107836492
56907.3107836492
56907.3107836492
56907.3107836492
56907.3107836492
56907.3107836492
56907.3107836492
56907.3107836492
56907.3107836492
56907.3107836492
56907.3107836492
56907.3107836492
56907.3107836492
56907.3107836492
56907.3107836492
56907.3107836492
56907.3107836492
56907.3107836492
56907.3107836492
56907.3107836492
56907.3107836492
56907.3107836492
56907.3107836492
56907.3107836492
56907.3107836492
56907.3107836492
56907.3107836492
56907.3107836492
56907.3107836492
56393.28765475802
56393.28765475802
56393.28765475802
56393.28765475802
56393.28765475802
56393.28765475802
56393.28765475802
56393.28765475802
56393.28765475802
56393.28765475802
56393.28765475802
56393.28765475802
56393.28765475802
56393.28765475802
56393.28765475802
56393.28765475802
56393.28765475802
56393.28765475802
56393.28765475802
56393.28765475802
56393.28765475802
56393.28765475802
56393.28765475802
56393.28765475802
56393.28765475802
56393.28765475802
56393.28765475802
56393.28765475802
56393.28765475802
56393.28765475802
56393.28765475802
56393.28765475802
56393.28765475802
56393.28765475802
56393.28765475802
54723.48704078102
54723.48704078102
54723.48704078102
54723.48704078102
54723.48704078102
54723.48704078102
54723.48704078102
54723.48704078102
54723.48704078102
54723.48704078102
54723.48704078102
54723.48704078102
54723.48704078102
54723.48704078102
54723.48704078102
54723.48704078102
52664.67259406338
52664.67259406338
52664.67259406338
52664.67259406338
52664.67259406338
52664.67259406338
52664.67259406338
52664.67259406338
52664.67259406338
52664.67259406338
52664.67259406338
52664.67259406338
52664.67259406338
52664.67259406338
52664.67259406338
52664.67259406338
52664.67259406338
52664.67259406338
52664.67259406338
52664.67259406338
52664.67259406338
52664.67259406338
52664.67259406338
52664.67259406338
52664.67259406338
52664.67259406338
52664.67259406338
52664.67259406338
52664.67259406338
52664.67259406338
52664.67259406338
52664.67259406338
52664.67259406338
52664.67259406338
52664.67259406338
52664.67259406338
52664.67259406338
52664.67259406338
52664.67259406338
52664.67259406338
52664.67259406338
52664.67259406338
51860.31992002901
51860.31992002901
51860.31992002901
51860.31992002901
51860.31992002901
51860.31992002901
51860.31992002901
51860.31992002901
51860.31992002901
51860.31992002901
51860.31992002901
51860.31992002901
51860.31992002901
51860.31992002901
51860.31992002901
51860.31992002901
51860.31992002901
51860.31992002901
51860.31992002901
51860.31992002901
51860.31992002901
51860.31992002901
51860.31992002901
51860.31992002901
51860.31992002901
51860.31992002901
51860.31992002901
51860.31992002901
51860.31992002901
51860.31992002901
51860.31992002901
51860.31992002901
51860.31992002901
51860.31992002901
51860.31992002901
51860.31992002901
51860.31992002901
51860.31992002901
51860.31992002901
51860.31992002901
51860.31992002901
51860.31992002901
51860.31992002901
51860.31992002901
51860.31992002901
51860.31992002901
51860.31992002901
51860.31992002901
51860.31992002901
51860.31992002901
51860.31992002901
51860.31992002901
51860.31992002901
51860.31992002901
51860.31992002901
51860.31992002901
51860.31992002901
51860.31992002901
51860.31992002901
51860.31992002901
51860.31992002901
51860.31992002901
51860.31992002901
51860.31992002901
51860.31992002901
51860.31992002901
51860.31992002901
51860.31992002901
51860.31992002901
51860.31992002901
51860.31992002901
51860.31992002901
51860.31992002901
51860.31992002901
51860.31992002901
51860.31992002901
51860.31992002901
51860.31992002901
51860.31992002901
51860.31992002901
51860.31992002901
51860.31992002901
51860.31992002901
51860.31992002901
51860.31992002901
51860.31992002901
51860.31992002901
51860.31992002901
51860.31992002901
51860.31992002901
51860.31992002901
51860.31992002901
51860.31992002901
51860.31992002901
51860.31992002901
51860.31992002901
51860.31992002901
51860.31992002901
51860.31992002901
51860.31992002901
51860.31992002901
51860.31992002901
51860.31992002901
51860.31992002901
51860.31992002901
51860.31992002901
51860.31992002901
51860.31992002901
51860.31992002901
51860.31992002901
51860.31992002901
51860.31992002901
51860.31992002901
51860.31992002901
51860.31992002901
51860.31992002901
51860.31992002901
51860.31992002901
51860.31992002901
51860.31992002901
51860.31992002901
51860.31992002901
51860.31992002901
51860.31992002901
51860.31992002901
51860.31992002901
51860.31992002901
51860.31992002901
51860.31992002901
51860.31992002901
51860.31992002901
51860.31992002901
51860.31992002901
51860.31992002901
51860.31992002901
51860.31992002901
51860.31992002901
51860.31992002901
51860.31992002901
51860.31992002901
51860.31992002901
51860.31992002901
51860.31992002901
51860.31992002901
51860.31992002901
51860.31992002901
51860.31992002901
51860.31992002901
51860.31992002901
51860.31992002901
51860.31992002901
51860.31992002901
51860.31992002901
51860.31992002901
51860.31992002901
51860.31992002901
51860.31992002901
51860.31992002901
51860.31992002901
51860.31992002901
51860.31992002901
51768.83778552866
51768.83778552866
51768.83778552866
51768.83778552866
51768.83778552866
51768.83778552866
51768.83778552866
51370.634437704364
51370.634437704364
51370.634437704364
51370.634437704364
51370.634437704364
51370.634437704364
51370.634437704364
51370.634437704364
51370.634437704364
51370.634437704364
51370.634437704364
51370.634437704364
51370.634437704364
51370.634437704364
51370.634437704364
51370.634437704364
51370.634437704364
51370.634437704364
51370.634437704364
51370.634437704364
51370.634437704364
51370.634437704364
51370.634437704364
51370.634437704364
51370.634437704364
51370.634437704364
51370.634437704364
51370.634437704364
51370.634437704364
51370.634437704364
51370.634437704364
51370.634437704364
51370.634437704364
51370.634437704364
51370.634437704364
51370.634437704364
51370.634437704364
51370.634437704364
51370.634437704364
51370.634437704364
51370.634437704364
51370.634437704364
51370.634437704364
51370.634437704364
51370.634437704364
51370.634437704364
50235.60217492216
50235.60217492216
50235.60217492216
50235.60217492216
50235.60217492216
50235.60217492216
50235.60217492216
50235.60217492216
50235.60217492216
50235.60217492216
50235.60217492216
50235.60217492216
50235.60217492216
50235.60217492216
50235.60217492216
50235.60217492216
50235.60217492216
50235.60217492216
50235.60217492216
50235.60217492216
50235.60217492216
50235.60217492216
50235.60217492216
50235.60217492216
50235.60217492216
50235.60217492216
50235.60217492216
50235.60217492216
50235.60217492216
50235.60217492216
50235.60217492216
50235.60217492216
50235.60217492216
50235.60217492216
50235.60217492216
50235.60217492216
50235.60217492216
50235.60217492216
50235.60217492216
50235.60217492216
50235.60217492216
50235.60217492216
50235.60217492216
50235.60217492216
50235.60217492216
50235.60217492216
50235.60217492216
50235.60217492216
50235.60217492216
50235.60217492216
50235.60217492216
50235.60217492216
50235.60217492216
50235.60217492216
50235.60217492216
50235.60217492216
50235.60217492216
50235.60217492216
50235.60217492216
50235.60217492216
50235.60217492216
50235.60217492216
50235.60217492216
50235.60217492216
50235.60217492216
50235.60217492216
50235.60217492216
50235.60217492216
50235.60217492216
50235.60217492216
50235.60217492216
50235.60217492216
50235.60217492216
50235.60217492216
50235.60217492216
50235.60217492216
50235.60217492216
50235.60217492216
50235.60217492216
50235.60217492216
50235.60217492216
50235.60217492216
50235.60217492216
50235.60217492216
50235.60217492216
50235.60217492216
50235.60217492216
50235.60217492216
50235.60217492216
50235.60217492216
50235.60217492216
50235.60217492216
50235.60217492216
50235.60217492216
50235.60217492216
50235.60217492216
50235.60217492216
50235.60217492216
50235.60217492216
50235.60217492216
50235.60217492216
50235.60217492216
50235.60217492216
50235.60217492216
50235.60217492216
50235.60217492216
50235.60217492216
50235.60217492216
50235.60217492216
50235.60217492216
50235.60217492216
50235.60217492216
50235.60217492216
50235.60217492216
50235.60217492216
50235.60217492216
50235.60217492216
50235.60217492216
50235.60217492216
50235.60217492216
50235.60217492216
50235.60217492216
50235.60217492216
50235.60217492216
50235.60217492216
50235.60217492216
50235.60217492216
50235.60217492216
50235.60217492216
50235.60217492216
50235.60217492216
50235.60217492216
50235.60217492216
50235.60217492216
50235.60217492216
50235.60217492216
50235.60217492216
50235.60217492216
50235.60217492216
50235.60217492216
50235.60217492216
50011.23769989445
50011.23769989445
50011.23769989445
50011.23769989445
50011.23769989445
50011.23769989445
50011.23769989445
50011.23769989445
50011.23769989445
50011.23769989445
50011.23769989445
50011.23769989445
50011.23769989445
50011.23769989445
50011.23769989445
50011.23769989445
50011.23769989445
50011.23769989445
50011.23769989445
50011.23769989445
50011.23769989445
50011.23769989445
50011.23769989445
50011.23769989445
50011.23769989445
50011.23769989445
50011.23769989445
50011.23769989445
50011.23769989445
50011.23769989445
50011.23769989445
50011.23769989445
50011.23769989445
50011.23769989445
50011.23769989445
50011.23769989445
50011.23769989445
50011.23769989445
50011.23769989445
50011.23769989445
50011.23769989445
50011.23769989445
50011.23769989445
50011.23769989445
50011.23769989445
50011.23769989445
50011.23769989445
50011.23769989445
50011.23769989445
50011.23769989445
50011.23769989445
50011.23769989445
50011.23769989445
50011.23769989445
50011.23769989445
50011.23769989445
50011.23769989445
50011.23769989445
50011.23769989445
50011.23769989445
50011.23769989445
50011.23769989445
50011.23769989445
50011.23769989445
50011.23769989445
50011.23769989445
50011.23769989445
50011.23769989445
50011.23769989445
50011.23769989445
50011.23769989445
50011.23769989445
50011.23769989445
50011.23769989445
50011.23769989445
50011.23769989445
50011.23769989445
50011.23769989445
50011.23769989445
50011.23769989445
50011.23769989445
50011.23769989445
50011.23769989445
50011.23769989445
50011.23769989445
50011.23769989445
50011.23769989445
50011.23769989445
50011.23769989445
50011.23769989445
50011.23769989445
50011.23769989445
50011.23769989445
50011.23769989445
50011.23769989445
50011.23769989445
50011.23769989445
50011.23769989445
50011.23769989445
50011.23769989445
50011.23769989445
50011.23769989445
50011.23769989445
50011.23769989445
50011.23769989445
50011.23769989445
50011.23769989445
50011.23769989445
50011.23769989445
50011.23769989445
50011.23769989445
50011.23769989445
50011.23769989445
50011.23769989445
50011.23769989445
50011.23769989445
50011.23769989445
50011.23769989445
50011.23769989445
50011.23769989445
50011.23769989445
50011.23769989445
50011.23769989445
50011.23769989445
50011.23769989445
50011.23769989445
50011.23769989445
50011.23769989445
50011.23769989445
50011.23769989445
50011.23769989445
50011.23769989445
50011.23769989445
50011.23769989445
50011.23769989445
50011.23769989445
50011.23769989445
50011.23769989445
50011.23769989445
50011.23769989445
50011.23769989445
50011.23769989445
50011.23769989445
50011.23769989445
50011.23769989445
50011.23769989445
50011.23769989445
50011.23769989445
50011.23769989445
50011.23769989445
50011.23769989445
50011.23769989445
50011.23769989445
50011.23769989445
49968.870574597386
49968.870574597386
49968.870574597386
49968.870574597386
49968.870574597386
49968.870574597386
49968.870574597386
49968.870574597386
49968.870574597386
49968.870574597386
49968.870574597386
49968.870574597386
49968.870574597386
49968.870574597386
49968.870574597386
49968.870574597386
49203.85264701177
49203.85264701177
49203.85264701177
49203.85264701177
49203.85264701177
49203.85264701177
49203.85264701177
49203.85264701177
49203.85264701177
49203.85264701177
49203.85264701177
49203.85264701177
49203.85264701177
49203.85264701177
49203.85264701177
49203.85264701177
49203.85264701177
49203.85264701177
49203.85264701177
49203.85264701177
49203.85264701177
49203.85264701177
49203.85264701177
49203.85264701177
49203.85264701177
49203.85264701177
49203.85264701177
49203.85264701177
49203.85264701177
48810.41132568812
48810.41132568812
48810.41132568812
48810.41132568812
48810.41132568812
48810.41132568812
48810.41132568812
48810.41132568812
48810.41132568812
48810.41132568812
48810.41132568812
48810.41132568812
48810.41132568812
48810.41132568812
48810.41132568812
48810.41132568812
48810.41132568812
48810.41132568812
48810.41132568812
48810.41132568812
48810.41132568812
48810.41132568812
48810.41132568812
48810.41132568812
48810.41132568812
48810.41132568812
48810.41132568812
48810.41132568812
48810.41132568812
48810.41132568812
48810.41132568812
48810.41132568812
48810.41132568812
48810.41132568812
48810.41132568812
48810.41132568812
48810.41132568812
48810.41132568812
48810.41132568812
48810.41132568812
48810.41132568812
48810.41132568812
48810.41132568812
48810.41132568812
48810.41132568812
48810.41132568812
48810.41132568812
48810.41132568812
48810.41132568812
48810.41132568812
48810.41132568812
48810.41132568812
48810.41132568812
48810.41132568812
48810.41132568812
48810.41132568812
48810.41132568812
48810.41132568812
48810.41132568812
48810.41132568812
48810.41132568812
48810.41132568812
48810.41132568812
48810.41132568812
48810.41132568812
48810.41132568812
48810.41132568812
48810.41132568812
48810.41132568812
48650.25928519679
48650.25928519679
48650.25928519679
48650.25928519679
48650.25928519679
48650.25928519679
48650.25928519679
48650.25928519679
48650.25928519679
48650.25928519679
48650.25928519679
48650.25928519679
48650.25928519679
48650.25928519679
48650.25928519679
48650.25928519679
48359.34843565241
48359.34843565241
48359.34843565241
48359.34843565241
48359.34843565241
48359.34843565241
48359.34843565241
48359.34843565241
48359.34843565241
48359.34843565241
48359.34843565241
48359.34843565241
48359.34843565241
48359.34843565241
48359.34843565241
48359.34843565241
48359.34843565241
48359.34843565241
48359.34843565241
48359.34843565241
48359.34843565241
48359.34843565241
47829.346871274574
47829.346871274574
47829.346871274574
47829.346871274574
47829.346871274574
47829.346871274574
47829.346871274574
47829.346871274574
47829.346871274574
47829.346871274574
47829.346871274574
47829.346871274574
47829.346871274574
47829.346871274574
47829.346871274574
47829.346871274574
47829.346871274574
47829.346871274574
47829.346871274574
47829.346871274574
47829.346871274574
47829.346871274574
47829.346871274574
47829.346871274574
47829.346871274574
47829.346871274574
47829.346871274574
47829.346871274574
47829.346871274574
47829.346871274574
47829.346871274574
47829.346871274574
47829.346871274574
47829.346871274574
47829.346871274574
47829.346871274574
47829.346871274574
47829.346871274574
47829.346871274574
47829.346871274574
47829.346871274574
47829.346871274574
47829.346871274574
47829.346871274574
47829.346871274574
47829.346871274574
47829.346871274574
47829.346871274574
47829.346871274574
47829.346871274574
47829.346871274574
47829.346871274574
47829.346871274574
47829.346871274574
47829.346871274574
47204.97078758799
47204.97078758799
47204.97078758799
47204.97078758799
47204.97078758799
47204.97078758799
47204.97078758799
47204.97078758799
47204.97078758799
47204.97078758799
47204.97078758799
47204.97078758799
47204.97078758799
47204.97078758799
47204.97078758799
47204.97078758799
47204.97078758799
47204.97078758799
47204.97078758799
47204.97078758799
47204.97078758799
47204.97078758799
47204.97078758799
47204.97078758799
47204.97078758799
47204.97078758799
47204.97078758799
47204.97078758799
47204.97078758799
47204.97078758799
47204.97078758799
47204.97078758799
47204.97078758799
47204.97078758799
47204.97078758799
47204.97078758799
47204.97078758799
47204.97078758799
47204.97078758799
47204.97078758799
47204.97078758799
47204.97078758799
47204.97078758799
47204.97078758799
47204.97078758799
47204.97078758799
47204.97078758799
47204.97078758799
47204.97078758799
47204.97078758799
47204.97078758799
47204.97078758799
47204.97078758799
47204.97078758799
47204.97078758799
47204.97078758799
47204.97078758799
47204.97078758799
47204.97078758799
47204.97078758799
47204.97078758799
47204.97078758799
47204.97078758799
47204.97078758799
47204.97078758799
47204.97078758799
47204.97078758799
47204.97078758799
47204.97078758799
47204.97078758799
47204.97078758799
47204.97078758799
47204.97078758799
47204.97078758799
47204.97078758799
47204.97078758799
47204.97078758799
47204.97078758799
47204.97078758799
47204.97078758799
47204.97078758799
47204.97078758799
47204.97078758799
47204.97078758799
47204.97078758799
47204.97078758799
47204.97078758799
47204.97078758799
47204.97078758799
47204.97078758799
47204.97078758799
47204.97078758799
47204.97078758799
46925.60295000322
46925.60295000322
46925.60295000322
46925.60295000322
46925.60295000322
46925.60295000322
46925.60295000322
46925.60295000322
46925.60295000322
46925.60295000322
46925.60295000322
46925.60295000322
46925.60295000322
46925.60295000322
46925.60295000322
46925.60295000322
46925.60295000322
46925.60295000322
46925.60295000322
46925.60295000322
46925.60295000322
46925.60295000322
46853.11687331112
46853.11687331112
46853.11687331112
46853.11687331112
46853.11687331112
46853.11687331112
46853.11687331112
46853.11687331112
46853.11687331112
46853.11687331112
46853.11687331112
46853.11687331112
46853.11687331112
46853.11687331112
46853.11687331112
46853.11687331112
46853.11687331112
46104.10457689935
46104.10457689935
46104.10457689935
46104.10457689935
46104.10457689935
46104.10457689935
46104.10457689935
46104.10457689935
46104.10457689935
46104.10457689935
46104.10457689935
46104.10457689935
46104.10457689935
46104.10457689935
46104.10457689935
46104.10457689935
46104.10457689935
46104.10457689935
46104.10457689935
46104.10457689935
46104.10457689935
46104.10457689935
46104.10457689935
46104.10457689935
46104.10457689935
46104.10457689935
46104.10457689935
46104.10457689935
46104.10457689935
46104.10457689935
46104.10457689935
46104.10457689935
46104.10457689935
46104.10457689935
46104.10457689935
46104.10457689935
46104.10457689935
46104.10457689935
46104.10457689935
46104.10457689935
46104.10457689935
46104.10457689935
46104.10457689935
46104.10457689935
46104.10457689935
46104.10457689935
46104.10457689935
46104.10457689935
46104.10457689935
46104.10457689935
46104.10457689935
46104.10457689935
46104.10457689935
46104.10457689935
46104.10457689935
46104.10457689935
45836.2615814825
45836.2615814825
45836.2615814825
45836.2615814825
45836.2615814825
45836.2615814825
45836.2615814825
45836.2615814825
45836.2615814825
45836.2615814825
45836.2615814825
45836.2615814825
45836.2615814825
45836.2615814825
45836.2615814825
45836.2615814825
45836.2615814825
45836.2615814825
45836.2615814825
45836.2615814825
45836.2615814825
45836.2615814825
45836.2615814825
45836.2615814825
45836.2615814825
45836.2615814825
45836.2615814825
45836.2615814825
45836.2615814825
45836.2615814825
45836.2615814825
45836.2615814825
45836.2615814825
45836.2615814825
45836.2615814825
45836.2615814825
45836.2615814825
45836.2615814825
45836.2615814825
45836.2615814825
45836.2615814825
45836.2615814825
45836.2615814825
45836.2615814825
45836.2615814825
45836.2615814825
45836.2615814825
45836.2615814825
45836.2615814825
45836.2615814825
45836.2615814825
45836.2615814825
45836.2615814825
45836.2615814825
45836.2615814825
45836.2615814825
45836.2615814825
45836.2615814825
45836.2615814825
45836.2615814825
45836.2615814825
45836.2615814825
45836.2615814825
45388.578150664944
45388.578150664944
45388.578150664944
45388.578150664944
45388.578150664944
45388.578150664944
45388.578150664944
45388.578150664944
45388.578150664944
45388.578150664944
45388.578150664944
45388.578150664944
45388.578150664944
45388.578150664944
45388.578150664944
45388.578150664944
45388.578150664944
45388.578150664944
45388.578150664944
45388.578150664944
45388.578150664944
45388.578150664944
45388.578150664944
45388.578150664944
45388.578150664944
45388.578150664944
45388.578150664944
45388.578150664944
45388.578150664944
45388.578150664944
45388.578150664944
45388.578150664944
45388.578150664944
45388.578150664944
45388.578150664944
45388.578150664944
45388.578150664944
45388.578150664944
45388.578150664944
45388.578150664944
45388.578150664944
45388.578150664944
45388.578150664944
45388.578150664944
45388.578150664944
45388.578150664944
45388.578150664944
45388.578150664944
45388.578150664944
45388.578150664944
45388.578150664944
45388.578150664944
45388.578150664944
45388.578150664944
45388.578150664944
45388.578150664944
45388.578150664944
45388.578150664944
45388.578150664944
45388.578150664944
45388.578150664944
45388.578150664944
45388.578150664944
45388.578150664944
45388.578150664944
45388.578150664944
45388.578150664944
45388.578150664944
45388.578150664944
45388.578150664944
45388.578150664944
45388.578150664944
45388.578150664944
45388.578150664944
45388.578150664944
45388.578150664944
45388.578150664944
45388.578150664944
45388.578150664944
45388.578150664944
45388.578150664944
45388.578150664944
45388.578150664944
45388.578150664944
45388.578150664944
45388.578150664944
45388.578150664944
45388.578150664944
45388.578150664944
45388.578150664944
45388.578150664944
45388.578150664944
45388.578150664944
45388.578150664944
45388.578150664944
45388.578150664944
45388.578150664944
45388.578150664944
45388.578150664944
45388.578150664944
45388.578150664944
45388.578150664944
45388.578150664944
45388.578150664944
45388.578150664944
45388.578150664944
45388.578150664944
45388.578150664944
45388.578150664944
45388.578150664944
45388.578150664944
45388.578150664944
45388.578150664944
45388.578150664944
45388.578150664944
45388.578150664944
45388.578150664944
45388.578150664944
45388.578150664944
45388.578150664944
45388.578150664944
45388.578150664944
45388.578150664944
45388.578150664944
45388.578150664944
45388.578150664944
45388.578150664944
45388.578150664944
45388.578150664944
45388.578150664944
45388.578150664944
45388.578150664944
45388.578150664944
45388.578150664944
45388.578150664944
45388.578150664944
45388.578150664944
45388.578150664944
45388.578150664944
45388.578150664944
45388.578150664944
45388.578150664944
45388.578150664944
45388.578150664944
45388.578150664944
45388.578150664944
45388.578150664944
45388.578150664944
45388.578150664944
45388.578150664944
45388.578150664944
45388.578150664944
45388.578150664944
45388.578150664944
45388.578150664944
45388.578150664944
45388.578150664944
45388.578150664944
45378.16676236968
44650.32324974836
44650.32324974836
44650.32324974836
44650.32324974836
44650.32324974836
44650.32324974836
44650.32324974836
44650.32324974836
44650.32324974836
44650.32324974836
44650.32324974836
44650.32324974836
44650.32324974836
44650.32324974836
44650.32324974836
44650.32324974836
44650.32324974836
44650.32324974836
44650.32324974836
44650.32324974836
44650.32324974836
44650.32324974836
44650.32324974836
44650.32324974836
44650.32324974836
44650.32324974836
44650.32324974836
44650.32324974836
44650.32324974836
44650.32324974836
44650.32324974836
44650.32324974836
44650.32324974836
44650.32324974836
44650.32324974836
44650.32324974836
44650.32324974836
44650.32324974836
44650.32324974836
44650.32324974836
44650.32324974836
44650.32324974836
44650.32324974836
44650.32324974836
44650.32324974836
44650.32324974836
44650.32324974836
44650.32324974836
44650.32324974836
44650.32324974836
44650.32324974836
44650.32324974836
44650.32324974836
44650.32324974836
44650.32324974836
44650.32324974836
44650.32324974836
44650.32324974836
44650.32324974836
44650.32324974836
44650.32324974836
44650.32324974836
44650.32324974836
44650.32324974836
44650.32324974836
44650.32324974836
44650.32324974836
44650.32324974836
44650.32324974836
44650.32324974836
44650.32324974836
44650.32324974836
44650.32324974836
44650.32324974836
44650.32324974836
44650.32324974836
44565.789507351896
44565.789507351896
44565.789507351896
44017.12206881987
44017.12206881987
44017.12206881987
44017.12206881987
44003.36962566459
44003.36962566459
44003.36962566459
44003.36962566459
44003.36962566459
44003.36962566459
44003.36962566459
44003.36962566459
44003.36962566459
44003.36962566459
44003.36962566459
43843.752048855924
43843.752048855924
43843.752048855924
43843.752048855924
43843.752048855924
43843.752048855924
43843.752048855924
43843.752048855924
43843.752048855924
43843.752048855924
43843.752048855924
43843.752048855924
43843.752048855924
43843.752048855924
43843.752048855924
43843.752048855924
43843.752048855924
43843.752048855924
43843.752048855924
43843.752048855924
43843.752048855924
43843.752048855924
43843.752048855924
43843.752048855924
43843.752048855924
43843.752048855924
43843.752048855924
42982.502491675004
42982.502491675004
42982.502491675004
42982.502491675004
42982.502491675004
42982.502491675004
42982.502491675004
42982.502491675004
42982.502491675004
42982.502491675004
42982.502491675004
42982.502491675004
42982.502491675004
42982.502491675004
42982.502491675004
42982.502491675004
42982.502491675004
42982.502491675004
42982.502491675004
42982.502491675004
42982.502491675004
42982.502491675004
42982.502491675004
42982.502491675004
42982.502491675004
42982.502491675004
42982.502491675004
42982.502491675004
42982.502491675004
42982.502491675004
42982.502491675004
42982.502491675004
42982.502491675004
42982.502491675004
42982.502491675004
42982.502491675004
42982.502491675004
42982.502491675004
42982.502491675004
42982.502491675004
42982.502491675004
42982.502491675004
42982.502491675004
42982.502491675004
42982.502491675004
42982.502491675004
42982.502491675004
42982.502491675004
42982.502491675004
42982.502491675004
42982.502491675004
42982.502491675004
42982.502491675004
42982.502491675004
42982.502491675004
42982.502491675004
42982.502491675004
42982.502491675004
42982.502491675004
42982.502491675004
42881.968322991685
42881.968322991685
42881.968322991685
42881.968322991685
42881.968322991685
42881.968322991685
42881.968322991685
42881.968322991685
42881.968322991685
42881.968322991685
42881.968322991685
42881.968322991685
42881.968322991685
42881.968322991685
42881.968322991685
42881.968322991685
42881.968322991685
42881.968322991685
42881.968322991685
42881.968322991685
42881.968322991685
42881.968322991685
42881.968322991685
42881.968322991685
42881.968322991685
42881.968322991685
42881.968322991685
42881.968322991685
42881.968322991685
42881.968322991685
42881.968322991685
42738.32945069558
42738.32945069558
42738.32945069558
42564.163119022865
42564.163119022865
42564.163119022865
42564.163119022865
42564.163119022865
42564.163119022865
42564.163119022865
42564.163119022865
42564.163119022865
42564.163119022865
42564.163119022865
42564.163119022865
42564.163119022865
42564.163119022865
42564.163119022865
42564.163119022865
42564.163119022865
42564.163119022865
42564.163119022865
42564.163119022865
42564.163119022865
42564.163119022865
42564.163119022865
42564.163119022865
42564.163119022865
42564.163119022865
42564.163119022865
42564.163119022865
42564.163119022865
42564.163119022865
42564.163119022865
42564.163119022865
42564.163119022865
42564.163119022865
42564.163119022865
42564.163119022865
42564.163119022865
42564.163119022865
42564.163119022865
42564.163119022865
42564.163119022865
42564.163119022865
42564.163119022865
42564.163119022865
42564.163119022865
42564.163119022865
42564.163119022865
42564.163119022865
42564.163119022865
42564.163119022865
42564.163119022865
42564.163119022865
42564.163119022865
42564.163119022865
42564.163119022865
41954.86705691214
41954.86705691214
41954.86705691214
41954.86705691214
41954.86705691214
41954.86705691214
41954.86705691214
41954.86705691214
41954.86705691214
41954.86705691214
41954.86705691214
41954.86705691214
41954.86705691214
41954.86705691214
41954.86705691214
41954.86705691214
41954.86705691214
41954.86705691214
41954.86705691214
41954.86705691214
41954.86705691214
41954.86705691214
41954.86705691214
41954.86705691214
41954.86705691214
41954.86705691214
41954.86705691214
41954.86705691214
41954.86705691214
41954.86705691214
41954.86705691214
41954.86705691214
41954.86705691214
41954.86705691214
41954.86705691214
41954.86705691214
41954.86705691214
41954.86705691214
41954.86705691214
41954.86705691214
41954.86705691214
41954.86705691214
41954.86705691214
41954.86705691214
41954.86705691214
41954.86705691214
41954.86705691214
41954.86705691214
41954.86705691214
41954.86705691214
41954.86705691214
41954.86705691214
41954.86705691214
41954.86705691214
41954.86705691214
41954.86705691214
41954.86705691214
41954.86705691214
41954.86705691214
41954.86705691214
41954.86705691214
41954.86705691214
41954.86705691214
41954.86705691214
41954.86705691214
41954.86705691214
41954.86705691214
41954.86705691214
41954.86705691214
41954.86705691214
41954.86705691214
41954.86705691214
41925.19104580816
41925.19104580816
41925.19104580816
41925.19104580816
41925.19104580816
41925.19104580816
41925.19104580816
41539.185671295134
41539.185671295134
41539.185671295134
41539.185671295134
41539.185671295134
41539.185671295134
41539.185671295134
41539.185671295134
41539.185671295134
41539.185671295134
41539.185671295134
41539.185671295134
41539.185671295134
41539.185671295134
41539.185671295134
41539.185671295134
41539.185671295134
41539.185671295134
41539.185671295134
41539.185671295134
41539.185671295134
41539.185671295134
41539.185671295134
41539.185671295134
41539.185671295134
41539.185671295134
41539.185671295134
41539.185671295134
41539.185671295134
41539.185671295134
41539.185671295134
41539.185671295134
41539.185671295134
41539.185671295134
41539.185671295134
41539.185671295134
41539.185671295134
41539.185671295134
41539.185671295134
41539.185671295134
41539.185671295134
41539.185671295134
41539.185671295134
41539.185671295134
41539.185671295134
41539.185671295134
41539.185671295134
41539.185671295134
41539.185671295134
41539.185671295134
41539.185671295134
41539.185671295134
41539.185671295134
41539.185671295134
41539.185671295134
41539.185671295134
41539.185671295134
41539.185671295134
41539.185671295134
41539.185671295134
41539.185671295134
41539.185671295134
41539.185671295134
41539.185671295134
41539.185671295134
41539.185671295134
41539.185671295134
41539.185671295134
41539.185671295134
41539.185671295134
41539.185671295134
41539.185671295134
41539.185671295134
41539.185671295134
41539.185671295134
41539.185671295134
41539.185671295134
41539.185671295134
41539.185671295134
41539.185671295134
41539.185671295134
41539.185671295134
41539.185671295134
41539.185671295134
41539.185671295134
41539.185671295134
41539.185671295134
41539.185671295134
41440.33811990865
41440.33811990865
41440.33811990865
41440.33811990865
41440.33811990865
41440.33811990865
41440.33811990865
41440.33811990865
41328.45108583429
41328.45108583429
41328.45108583429
41328.45108583429
41328.45108583429
41328.45108583429
41328.45108583429
41328.45108583429
41328.45108583429
41328.45108583429
41328.45108583429
41328.45108583429
41328.45108583429
41328.45108583429
41328.45108583429
41328.45108583429
41328.45108583429
41328.45108583429
41328.45108583429
41328.45108583429
41328.45108583429
41319.61403897174
41319.61403897174
41319.61403897174
41319.61403897174
41319.61403897174
41319.61403897174
41319.61403897174
41319.61403897174
41319.61403897174
41319.61403897174
41319.61403897174
41319.61403897174
41319.61403897174
41319.61403897174
41319.61403897174
41319.61403897174
41319.61403897174
41319.61403897174
41319.61403897174
41319.61403897174
41319.61403897174
41309.64931451397
41309.64931451397
41309.64931451397
41188.26217161578
41188.26217161578
41188.26217161578
41188.26217161578
41188.26217161578
41188.26217161578
41188.26217161578
41188.26217161578
41188.26217161578
41188.26217161578
41188.26217161578
41188.26217161578
41188.26217161578
41188.26217161578
41188.26217161578
41188.26217161578
41188.26217161578
41188.26217161578
41188.26217161578
41188.26217161578
41188.26217161578
41188.26217161578
41157.306614527435
41157.306614527435
41157.306614527435
41157.306614527435
41157.306614527435
41157.306614527435
41157.306614527435
41157.306614527435
41157.306614527435
41157.306614527435
41157.306614527435
41157.306614527435
41157.306614527435
41157.306614527435
41157.306614527435
41157.306614527435
41157.306614527435
40923.736006514926
40923.736006514926
40923.736006514926
40923.736006514926
40923.736006514926
40923.736006514926
40923.736006514926
40923.736006514926
40923.736006514926
40923.736006514926
40923.736006514926
40923.736006514926
40923.736006514926
40923.736006514926
40885.9795817486
40885.9795817486
40885.9795817486
40885.9795817486
40885.9795817486
40885.9795817486
40885.9795817486
40885.9795817486
40885.9795817486
40885.9795817486
40885.9795817486
40885.9795817486
40885.9795817486
40885.9795817486
40885.9795817486
40885.9795817486
40885.9795817486
40885.9795817486
40885.9795817486
40885.9795817486
40885.9795817486
40885.9795817486
40885.9795817486
40885.9795817486
40885.9795817486
40885.9795817486
40885.9795817486
40885.9795817486
40885.9795817486
40885.9795817486
40640.08908217127
40640.08908217127
40640.08908217127
40640.08908217127
40640.08908217127
40640.08908217127
40640.08908217127
40640.08908217127
40640.08908217127
40640.08908217127
40569.66315631113
40569.66315631113
40569.66315631113
40569.66315631113
40569.66315631113
40517.66265243754
40517.66265243754
40517.66265243754
40517.66265243754
40517.66265243754
40517.66265243754
40517.66265243754
40517.66265243754
40517.66265243754
40517.66265243754
40517.66265243754
40517.66265243754
40517.66265243754
40517.66265243754
40517.66265243754
40517.66265243754
40517.66265243754
40517.66265243754
40517.66265243754
40517.66265243754
40517.66265243754
40517.66265243754
40517.66265243754
40517.66265243754
40517.66265243754
40517.66265243754
40517.66265243754
40517.66265243754
40517.66265243754
40517.66265243754
40517.66265243754
40517.66265243754
40517.66265243754
40517.66265243754
40517.66265243754
40517.66265243754
40517.66265243754
40517.66265243754
40517.66265243754
40517.66265243754
40517.66265243754
40517.66265243754
40517.66265243754
40517.66265243754
40517.66265243754
40517.66265243754
40517.66265243754
40517.66265243754
40517.66265243754
40517.66265243754
40517.66265243754
40517.66265243754
40517.66265243754
40517.66265243754
40517.66265243754
40517.66265243754
40517.66265243754
40517.66265243754
40517.66265243754
40517.66265243754
40517.66265243754
40517.66265243754
40517.66265243754
40517.66265243754
40517.66265243754
40517.66265243754
40517.66265243754
40517.66265243754
40517.66265243754
40517.66265243754
40517.66265243754
40517.66265243754
40517.66265243754
40517.66265243754
40517.66265243754
40517.66265243754
40517.66265243754
40517.66265243754
40517.66265243754
40517.66265243754
40517.66265243754
40517.66265243754
40517.66265243754
40517.66265243754
40517.66265243754
40517.66265243754
40517.66265243754
40517.66265243754
40517.66265243754
40517.66265243754
40517.66265243754
40517.66265243754
40517.66265243754
40517.66265243754
40517.66265243754
40517.66265243754
40517.66265243754
40517.66265243754
40517.66265243754
40517.66265243754
40517.66265243754
40517.66265243754
40364.105569841566
40364.105569841566
40364.105569841566
40364.105569841566
40364.105569841566
40364.105569841566
40364.105569841566
40364.105569841566
40364.105569841566
40364.105569841566
40364.105569841566
40364.105569841566
40364.105569841566
40364.105569841566
40364.105569841566
40364.105569841566
40364.105569841566
40364.105569841566
40364.105569841566
40364.105569841566
40364.105569841566
40364.105569841566
40364.105569841566
40364.105569841566
40364.105569841566
40364.105569841566
40364.105569841566
40364.105569841566
40364.105569841566
40364.105569841566
40364.105569841566
40364.105569841566
40364.105569841566
40364.105569841566
40364.105569841566
40364.105569841566
40364.105569841566
40364.105569841566
40364.105569841566
40364.105569841566
40364.105569841566
40364.105569841566
40364.105569841566
40364.105569841566
39988.28973080759
39988.28973080759
39988.28973080759
39988.28973080759
39988.28973080759
39988.28973080759
39988.28973080759
39988.28973080759
39988.28973080759
39988.28973080759
39988.28973080759
39988.28973080759
39988.28973080759
39988.28973080759
39988.28973080759
39988.28973080759
39988.28973080759
39988.28973080759
39988.28973080759
39988.28973080759
39988.28973080759
39988.28973080759
39988.28973080759
39988.28973080759
39988.28973080759
39988.28973080759
39988.28973080759
39988.28973080759
39988.28973080759
39988.28973080759
39988.28973080759
39988.28973080759
39988.28973080759
39988.28973080759
39988.28973080759
39988.28973080759
39988.28973080759
39988.28973080759
39988.28973080759
39988.28973080759
39988.28973080759
39988.28973080759
39988.28973080759
39988.28973080759
39988.28973080759
39988.28973080759
39988.28973080759
39988.28973080759
39988.28973080759
39988.28973080759
39988.28973080759
39988.28973080759
39988.28973080759
39988.28973080759
39988.28973080759
39988.28973080759
39988.28973080759
39988.28973080759
39988.28973080759
39988.28973080759
39988.28973080759
39988.28973080759
39988.28973080759
39988.28973080759
39988.28973080759
39988.28973080759
39988.28973080759
39988.28973080759
39988.28973080759
39988.28973080759
39988.28973080759
39988.28973080759
39988.28973080759
39988.28973080759
39988.28973080759
39988.28973080759
39988.28973080759
39988.28973080759
39988.28973080759
39988.28973080759
39988.28973080759
39988.28973080759
39988.28973080759
39988.28973080759
39988.28973080759
39988.28973080759
39988.28973080759
39988.28973080759
39988.28973080759
39988.28973080759
39988.28973080759
39988.28973080759
39988.28973080759
39988.28973080759
39988.28973080759
39988.28973080759
39988.28973080759
39988.28973080759
39988.28973080759
39988.28973080759
39988.28973080759
39988.28973080759
39988.28973080759
39988.28973080759
39988.28973080759
39988.28973080759
39988.28973080759
39988.28973080759
39988.28973080759
39988.28973080759
39988.28973080759
39988.28973080759
39988.28973080759
39988.28973080759
39988.28973080759
39988.28973080759
39988.28973080759
39988.28973080759
39988.28973080759
39988.28973080759
39988.28973080759
39988.28973080759
39988.28973080759
39988.28973080759
39988.28973080759
39988.28973080759
39988.28973080759
39988.28973080759
39988.28973080759
39988.28973080759
39988.28973080759
39988.28973080759
39988.28973080759
39988.28973080759
39988.28973080759
39988.28973080759
39988.28973080759
39943.89097272465
39943.89097272465
39943.89097272465
39943.89097272465
39943.89097272465
39943.89097272465
39943.89097272465
39943.89097272465
39943.89097272465
39943.89097272465
39943.89097272465
39943.89097272465
39879.383912956
39879.383912956
39879.383912956
39879.383912956
39879.383912956
39879.383912956
39879.383912956
39391.93739806549
39391.93739806549
39391.93739806549
39391.93739806549
39391.93739806549
39391.93739806549
39391.93739806549
39391.93739806549
39391.93739806549
39391.93739806549
39391.93739806549
39391.93739806549
39391.93739806549
39391.93739806549
39391.93739806549
39391.93739806549
39391.93739806549
39391.93739806549
39391.93739806549
39391.93739806549
39391.93739806549
39391.93739806549
39391.93739806549
39391.93739806549
39391.93739806549
39391.93739806549
39391.93739806549
39391.93739806549
38608.608545992516
38608.608545992516
38608.608545992516
38608.608545992516
38608.608545992516
38608.608545992516
38608.608545992516
38608.608545992516
38608.608545992516
38608.608545992516
38608.608545992516
38608.608545992516
38608.608545992516
38608.608545992516
38608.608545992516
38608.608545992516
38608.608545992516
38608.608545992516
38608.608545992516
38608.608545992516
38608.608545992516
38608.608545992516
38608.608545992516
38608.608545992516
38608.608545992516
38608.608545992516
38608.608545992516
38608.608545992516
38608.608545992516
38608.608545992516
38608.608545992516
38608.608545992516
38608.608545992516
38608.608545992516
38608.608545992516
38608.608545992516
38608.608545992516
38608.608545992516
38608.608545992516
38608.608545992516
38608.608545992516
38608.608545992516
38608.608545992516
38608.608545992516
38608.608545992516
38608.608545992516
38608.608545992516
38608.608545992516
38608.608545992516
38608.608545992516
38608.608545992516
38608.608545992516
38608.608545992516
38608.608545992516
38608.608545992516
38608.608545992516
38608.608545992516
38608.608545992516
38608.608545992516
38608.608545992516
38608.608545992516
38608.608545992516
38608.608545992516
38608.608545992516
38608.608545992516
38608.608545992516
38608.608545992516
38608.608545992516
38608.608545992516
38608.608545992516
38608.608545992516
38608.608545992516
38608.608545992516
38608.608545992516
38608.608545992516
38608.608545992516
38608.608545992516
38608.608545992516
38608.608545992516
38608.608545992516
38608.608545992516
38608.608545992516
38608.608545992516
38608.608545992516
38608.608545992516
38608.608545992516
38608.608545992516
38608.608545992516
38608.608545992516
38608.608545992516
38608.608545992516
38608.608545992516
38608.608545992516
38608.608545992516
38608.608545992516
38608.608545992516
38608.608545992516
38608.608545992516
38608.608545992516
38608.608545992516
38608.608545992516
38608.608545992516
38608.608545992516
38608.608545992516
38608.608545992516
38608.608545992516
38608.608545992516
38608.608545992516
38608.608545992516
38608.608545992516
38608.608545992516
38608.608545992516
38608.608545992516
38608.608545992516
38608.608545992516
38608.608545992516
38608.608545992516
38608.608545992516
38608.608545992516
38608.608545992516
38608.608545992516
38608.608545992516
38608.608545992516
38608.608545992516
38608.608545992516
38608.608545992516
38608.608545992516
38608.608545992516
38608.608545992516
38608.608545992516
38608.608545992516
38608.608545992516
38608.608545992516
38608.608545992516
38608.608545992516
38608.608545992516
38608.608545992516
38608.608545992516
38608.608545992516
38608.608545992516
38608.608545992516
38608.608545992516
38608.608545992516
38608.608545992516
38608.608545992516
38608.608545992516
38608.608545992516
38608.608545992516
38608.608545992516
38608.608545992516
38608.608545992516
38608.608545992516
38608.608545992516
38608.608545992516
38608.608545992516
38608.608545992516
38608.608545992516
38608.608545992516
38608.608545992516
38608.608545992516
38608.608545992516
38608.608545992516
37788.93422951463
37788.93422951463
37788.93422951463
37788.93422951463
37788.93422951463
37788.93422951463
37788.93422951463
37788.93422951463
37788.93422951463
37788.93422951463
37788.93422951463
37788.93422951463
37788.93422951463
37788.93422951463
37788.93422951463
37788.93422951463
37788.93422951463
37788.93422951463
37788.93422951463
37788.93422951463
37788.93422951463
37180.30323657462
37180.30323657462
37180.30323657462
37180.30323657462
37180.30323657462
37180.30323657462
37180.30323657462
37180.30323657462
37180.30323657462
37180.30323657462
37180.30323657462
37180.30323657462
37180.30323657462
37180.30323657462
37180.30323657462
37180.30323657462
37180.30323657462
37180.30323657462
37180.30323657462
37180.30323657462
37180.30323657462
37180.30323657462
37180.30323657462
37180.30323657462
37180.30323657462
37180.30323657462
37180.30323657462
37180.30323657462
37180.30323657462
37180.30323657462
37180.30323657462
37180.30323657462
37180.30323657462
37180.30323657462
37180.30323657462
37180.30323657462
37180.30323657462
37180.30323657462
37180.30323657462
37180.30323657462
37180.30323657462
37180.30323657462
37180.30323657462
37180.30323657462
37180.30323657462
37180.30323657462
37180.30323657462
37180.30323657462
37180.30323657462
37180.30323657462
37180.30323657462
37180.30323657462
37180.30323657462
37180.30323657462
37180.30323657462
37180.30323657462
37180.30323657462
37180.30323657462
37180.30323657462
37180.30323657462
37180.30323657462
37180.30323657462
37180.30323657462
37180.30323657462
37180.30323657462
37180.30323657462
37180.30323657462
37180.30323657462
37180.30323657462
37180.30323657462
37180.30323657462
37180.30323657462
37180.30323657462
37180.30323657462
37180.30323657462
37180.30323657462
37180.30323657462
37180.30323657462
37180.30323657462
37180.30323657462
37180.30323657462
37180.30323657462
37180.30323657462
37180.30323657462
37180.30323657462
37180.30323657462
37180.30323657462
37180.30323657462
37180.30323657462
37180.30323657462
37180.30323657462
37180.30323657462
37180.30323657462
37180.30323657462
37180.30323657462
37180.30323657462
37180.30323657462
37180.30323657462
37180.30323657462
37180.30323657462
37180.30323657462
37180.30323657462
37180.30323657462
37180.30323657462
36743.36720480745
36743.36720480745
36743.36720480745
36743.36720480745
36743.36720480745
36743.36720480745
36743.36720480745
36743.36720480745
36743.36720480745
36743.36720480745
36743.36720480745
36743.36720480745
36743.36720480745
36743.36720480745
36743.36720480745
36743.36720480745
36743.36720480745
36743.36720480745
36743.36720480745
36743.36720480745
36743.36720480745
36743.36720480745
36743.36720480745
36743.36720480745
36743.36720480745
36743.36720480745
36743.36720480745
36743.36720480745
36743.36720480745
36743.36720480745
36743.36720480745
36743.36720480745
36743.36720480745
36743.36720480745
36743.36720480745
36743.36720480745
36743.36720480745
36743.36720480745
36743.36720480745
36743.36720480745
36743.36720480745
36743.36720480745
36743.36720480745
36743.36720480745
36743.36720480745
36743.36720480745
36743.36720480745
36743.36720480745
36743.36720480745
36743.36720480745
36743.36720480745
36743.36720480745
36743.36720480745
36743.36720480745
36743.36720480745
36743.36720480745
36743.36720480745
36743.36720480745
36743.36720480745
36743.36720480745
36743.36720480745
36743.36720480745
36743.36720480745
36743.36720480745
36743.36720480745
36743.36720480745
36743.36720480745
36743.36720480745
36743.36720480745
36743.36720480745
36743.36720480745
36743.36720480745
36743.36720480745
36743.36720480745
36743.36720480745
36743.36720480745
36743.36720480745
36743.36720480745
36743.36720480745
36743.36720480745
36743.36720480745
36743.36720480745
36743.36720480745
36743.36720480745
36743.36720480745
36743.36720480745
36743.36720480745
36743.36720480745
36743.36720480745
36743.36720480745
36743.36720480745
36743.36720480745
36743.36720480745
36743.36720480745
36743.36720480745
36743.36720480745
36743.36720480745
36743.36720480745
36743.36720480745
36743.36720480745
36743.36720480745
36743.36720480745
36743.36720480745
36743.36720480745
36743.36720480745
36743.36720480745
36743.36720480745
36743.36720480745
36743.36720480745
36743.36720480745
36743.36720480745
36743.36720480745
36743.36720480745
36743.36720480745
36743.36720480745
36743.36720480745
36743.36720480745
36743.36720480745
36743.36720480745
36743.36720480745
36743.36720480745
36743.36720480745
36743.36720480745
36743.36720480745
36743.36720480745
36743.36720480745
36743.36720480745
36743.36720480745
36743.36720480745
36743.36720480745
36743.36720480745
36743.36720480745
36743.36720480745
36743.36720480745
36743.36720480745
36743.36720480745
36743.36720480745
36743.36720480745
36743.36720480745
36743.36720480745
36743.36720480745
36743.36720480745
36743.36720480745
36743.36720480745
36743.36720480745
36743.36720480745
36743.36720480745
36743.36720480745
36743.36720480745
36743.36720480745
36743.36720480745
36743.36720480745
36743.36720480745
36743.36720480745
36743.36720480745
36743.36720480745
36743.36720480745
36743.36720480745
36743.36720480745
36743.36720480745
36743.36720480745
36743.36720480745
36743.36720480745
36743.36720480745
36743.36720480745
36743.36720480745
36743.36720480745
36743.36720480745
36743.36720480745
36743.36720480745
36743.36720480745
36743.36720480745
36743.36720480745
36743.36720480745
36743.36720480745
36743.36720480745
36743.36720480745
36743.36720480745
36743.36720480745
36743.36720480745
36743.36720480745
36743.36720480745
36743.36720480745
36743.36720480745
36743.36720480745
36743.36720480745
36743.36720480745
36743.36720480745
36743.36720480745
36743.36720480745
36743.36720480745
36743.36720480745
36743.36720480745
36743.36720480745
36743.36720480745
36743.36720480745
36743.36720480745
36743.36720480745
36743.36720480745
36743.36720480745
36743.36720480745
36743.36720480745
36743.36720480745
36743.36720480745
36743.36720480745
36743.36720480745
36743.36720480745
36743.36720480745
36743.36720480745
36743.36720480745
36743.36720480745
36743.36720480745
36743.36720480745
36743.36720480745
36743.36720480745
36743.36720480745
36743.36720480745
36743.36720480745
36743.36720480745
36743.36720480745
36743.36720480745
36743.36720480745
36743.36720480745
36743.36720480745
36743.36720480745
36743.36720480745
36743.36720480745
36743.36720480745
36743.36720480745
36743.36720480745
36743.36720480745
36743.36720480745
36743.36720480745
36743.36720480745
36743.36720480745
36743.36720480745
36743.36720480745
36743.36720480745
36743.36720480745
36743.36720480745
36743.36720480745
36743.36720480745
36743.36720480745
36743.36720480745
36743.36720480745
36743.36720480745
36743.36720480745
36743.36720480745
36743.36720480745
36743.36720480745
36743.36720480745
36743.36720480745
36743.36720480745
36743.36720480745
36743.36720480745
36743.36720480745
36743.36720480745
36743.36720480745
36743.36720480745
36743.36720480745
36743.36720480745
36743.36720480745
36743.36720480745
36743.36720480745
36743.36720480745
36743.36720480745
36743.36720480745
36743.36720480745
36743.36720480745
36743.36720480745
36743.36720480745
36743.36720480745
36743.36720480745
36743.36720480745
36743.36720480745
36743.36720480745
36743.36720480745
36743.36720480745
36743.36720480745
36743.36720480745
36743.36720480745
36743.36720480745
36743.36720480745
36743.36720480745
36743.36720480745
36743.36720480745
36743.36720480745
36743.36720480745
36743.36720480745
36743.36720480745
36743.36720480745
36743.36720480745
36743.36720480745
36743.36720480745
36743.36720480745
36743.36720480745
36743.36720480745
36743.36720480745
36743.36720480745
36743.36720480745
36743.36720480745
36743.36720480745
36743.36720480745
36743.36720480745
36743.36720480745
36743.36720480745
36743.36720480745
36743.36720480745
36743.36720480745
36743.36720480745
36743.36720480745
36743.36720480745
36743.36720480745
36743.36720480745
36743.36720480745
36743.36720480745
36743.36720480745
36743.36720480745
36743.36720480745
36743.36720480745
36743.36720480745
36743.36720480745
36743.36720480745
36743.36720480745
36743.36720480745
36743.36720480745
36743.36720480745
36743.36720480745
36743.36720480745
36743.36720480745
36743.36720480745
36743.36720480745
36743.36720480745
36743.36720480745
36743.36720480745
36743.36720480745
36743.36720480745
36743.36720480745
36743.36720480745
36743.36720480745
36743.36720480745
36743.36720480745
36743.36720480745
36743.36720480745
36743.36720480745
36743.36720480745
36743.36720480745
36743.36720480745
36743.36720480745
36743.36720480745
36743.36720480745
36743.36720480745
36743.36720480745
36743.36720480745
36743.36720480745
36743.36720480745
36743.36720480745
36743.36720480745
36743.36720480745
36743.36720480745
36743.36720480745
36743.36720480745
36743.36720480745
36743.36720480745
36743.36720480745
36743.36720480745
36743.36720480745
36743.36720480745
36743.36720480745
36743.36720480745
36743.36720480745
36743.36720480745
36743.36720480745
36743.36720480745
36743.36720480745
36743.36720480745
36743.36720480745
36743.36720480745
36743.36720480745
36743.36720480745
36743.36720480745
36743.36720480745
36743.36720480745
36743.36720480745
36598.92535798527
36598.92535798527
36598.92535798527
36598.92535798527
36598.92535798527
36598.92535798527
36598.92535798527
36598.92535798527
36598.92535798527
36598.92535798527
36598.92535798527
36598.92535798527
36598.92535798527
36598.92535798527
36598.92535798527
36598.92535798527
36598.92535798527
36598.92535798527
36598.92535798527
36598.92535798527
36598.92535798527
36598.92535798527
36598.92535798527
36598.92535798527
36598.92535798527
36598.92535798527
36598.92535798527
36598.92535798527
36598.92535798527
36598.92535798527
36598.92535798527
36598.92535798527
36598.92535798527
36598.92535798527
36598.92535798527
36598.92535798527
36598.92535798527
36598.92535798527
36598.92535798527
36598.92535798527
36598.92535798527
36598.92535798527
36598.92535798527
36598.92535798527
36598.92535798527
36598.92535798527
36598.92535798527
36598.92535798527
36598.92535798527
36598.92535798527
36598.92535798527
36598.92535798527
36598.92535798527
36598.92535798527
36598.92535798527
36598.92535798527
36598.92535798527
36598.92535798527
36598.92535798527
36598.92535798527
36598.92535798527
36598.92535798527
36598.92535798527
36598.92535798527
36598.92535798527
36598.92535798527
36598.92535798527
36598.92535798527
36598.92535798527
36598.92535798527
36598.92535798527
36598.92535798527
36598.92535798527
36598.92535798527
36598.92535798527
36598.92535798527
36598.92535798527
36598.92535798527
36598.92535798527
36598.92535798527
36598.92535798527
36598.92535798527
36598.92535798527
36598.92535798527
36598.92535798527
36598.92535798527
36598.92535798527
36598.92535798527
36598.92535798527
36598.92535798527
36598.92535798527
36598.92535798527
36598.92535798527
36598.92535798527
36598.92535798527
36598.92535798527
36598.92535798527
36598.92535798527
36598.92535798527
36598.92535798527
36598.92535798527
36598.92535798527
36598.92535798527
36598.92535798527
36598.92535798527
36598.92535798527
36598.92535798527
36598.92535798527
36598.92535798527
36598.92535798527
36598.92535798527
36598.92535798527
36598.92535798527
36598.92535798527
36598.92535798527
36598.92535798527
36598.92535798527
36598.92535798527
36598.92535798527
36598.92535798527
36598.92535798527
36598.92535798527
36598.92535798527
36598.92535798527
36598.92535798527
36598.92535798527
36598.92535798527
36598.92535798527
36598.92535798527
36598.92535798527
36598.92535798527
36598.92535798527
36598.92535798527
36598.92535798527
36598.92535798527
36598.92535798527
36598.92535798527
36598.92535798527
36598.92535798527
36598.92535798527
36598.92535798527
36598.92535798527
36598.92535798527
36598.92535798527
36598.92535798527
36598.92535798527
36598.92535798527
36598.92535798527
36598.92535798527
36598.92535798527
36598.92535798527
36598.92535798527
36598.92535798527
36598.92535798527
36598.92535798527
36598.92535798527
36598.92535798527
36598.92535798527
36598.92535798527
36598.92535798527
36598.92535798527
36598.92535798527
36598.92535798527
36598.92535798527
36598.92535798527
36598.92535798527
36598.92535798527
36598.92535798527
36598.92535798527
36598.92535798527
36598.92535798527
36598.92535798527
36598.92535798527
36598.92535798527
36598.92535798527
36598.92535798527
36598.92535798527
36598.92535798527
36598.92535798527
36598.92535798527
36598.92535798527
36598.92535798527
36598.92535798527
36598.92535798527
36598.92535798527
36598.92535798527
36598.92535798527
36598.92535798527
36598.92535798527
36598.92535798527
36598.92535798527
36598.92535798527
36598.92535798527
36598.92535798527
36598.92535798527
36598.92535798527
36598.92535798527
36598.92535798527
36598.92535798527
36598.92535798527
36598.92535798527
36598.92535798527
36598.92535798527
36598.92535798527
36598.92535798527
36598.92535798527
36598.92535798527
36598.92535798527
36598.92535798527
36598.92535798527
36598.92535798527
36598.92535798527
36598.92535798527
36598.92535798527
36598.92535798527
36598.92535798527
36598.92535798527
36598.92535798527
36598.92535798527
36598.92535798527
36598.92535798527
36598.92535798527
36598.92535798527
36598.92535798527
36598.92535798527
36598.92535798527
36598.92535798527
36598.92535798527
36598.92535798527
36598.92535798527
36598.92535798527
36598.92535798527
36598.92535798527
36598.92535798527
36598.92535798527
36598.92535798527
36598.92535798527
36598.92535798527
36598.92535798527
36598.92535798527
36598.92535798527
36598.92535798527
36598.92535798527
36598.92535798527
36598.92535798527
36598.92535798527
36598.92535798527
36598.92535798527
36598.92535798527
36598.92535798527
36598.92535798527
36598.92535798527
36598.92535798527
36598.92535798527
36598.92535798527
36598.92535798527
36598.92535798527
36598.92535798527
36598.92535798527
36598.92535798527
36598.92535798527
36598.92535798527
36598.92535798527
36598.92535798527
36598.92535798527
36598.92535798527
36598.92535798527
36598.92535798527
36598.92535798527
36598.92535798527
36598.92535798527
36598.92535798527
36598.92535798527
36598.92535798527
36598.92535798527
36598.92535798527
36598.92535798527
36598.92535798527
36282.45729018629
36282.45729018629
36282.45729018629
36282.45729018629
36282.45729018629
36282.45729018629
36282.45729018629
36282.45729018629
36282.45729018629
36282.45729018629
36282.45729018629
36282.45729018629
36282.45729018629
36282.45729018629
36282.45729018629
36282.45729018629
36282.45729018629
36282.45729018629
36282.45729018629
36282.45729018629
36282.45729018629
36282.45729018629
36282.45729018629
36282.45729018629
36282.45729018629
36282.45729018629
36282.45729018629
36282.45729018629
36282.45729018629
36282.45729018629
36282.45729018629
36282.45729018629
36282.45729018629
36282.45729018629
36282.45729018629
36282.45729018629
36282.45729018629
36282.45729018629
36282.45729018629
36282.45729018629
36282.45729018629
36282.45729018629
36282.45729018629
36282.45729018629
36282.45729018629
36282.45729018629
36282.45729018629
36282.45729018629
36282.45729018629
36282.45729018629
36282.45729018629
36282.45729018629
36282.45729018629
36282.45729018629
36282.45729018629
36282.45729018629
36282.45729018629
36282.45729018629
36282.45729018629
36282.45729018629
36282.45729018629
36282.45729018629
36282.45729018629
36282.45729018629
36282.45729018629
36282.45729018629
36282.45729018629
36282.45729018629
36282.45729018629
36282.45729018629
36255.8882557908
36255.8882557908
36255.8882557908
36255.8882557908
36255.8882557908
36255.8882557908
36255.8882557908
36255.8882557908
36255.8882557908
36255.8882557908
36255.8882557908
36255.8882557908
36255.8882557908
36255.8882557908
36255.8882557908
36255.8882557908
36255.8882557908
36255.8882557908
36255.8882557908
36255.8882557908
36255.8882557908
36255.8882557908
36251.16994846433
36251.16994846433
36251.16994846433
36251.16994846433
36251.16994846433
36251.16994846433
36251.16994846433
36251.16994846433
36251.16994846433
36251.16994846433
36251.16994846433
36251.16994846433
36251.16994846433
36251.16994846433
36245.7061344705
36245.7061344705
36245.7061344705
36132.08060235282
36132.08060235282
36132.08060235282
36132.08060235282
36132.08060235282
36132.08060235282
36132.08060235282
36132.08060235282
36132.08060235282
36132.08060235282
36132.08060235282
36132.08060235282
36132.08060235282
36132.08060235282
36132.08060235282
36132.08060235282
36132.08060235282
36132.08060235282
36132.08060235282
36132.08060235282
36132.08060235282
36132.08060235282
36132.08060235282
36132.08060235282
36132.08060235282
36132.08060235282
36132.08060235282
36132.08060235282
36132.08060235282
36132.08060235282
36132.08060235282
36132.08060235282
36132.08060235282
36132.08060235282
36132.08060235282
36132.08060235282
36132.08060235282
36132.08060235282
36132.08060235282
36132.08060235282
36132.08060235282
36132.08060235282
36132.08060235282
36132.08060235282
36132.08060235282
36132.08060235282
36132.08060235282
36132.08060235282
36132.08060235282
36132.08060235282
36132.08060235282
36132.08060235282
36132.08060235282
36132.08060235282
36132.08060235282
36132.08060235282
36132.08060235282
36132.08060235282
36132.08060235282
36132.08060235282
36132.08060235282
36132.08060235282
36132.08060235282
36132.08060235282
36132.08060235282
36132.08060235282
36132.08060235282
36132.08060235282
36132.08060235282
36132.08060235282
36132.08060235282
36132.08060235282
36132.08060235282
36132.08060235282
36132.08060235282
36132.08060235282
36132.08060235282
36132.08060235282
36132.08060235282
36132.08060235282
36132.08060235282
36132.08060235282
36132.08060235282
36132.08060235282
36132.08060235282
36132.08060235282
36132.08060235282
36132.08060235282
36132.08060235282
36132.08060235282
36132.08060235282
36132.08060235282
36132.08060235282
36132.08060235282
36132.08060235282
36132.08060235282
36132.08060235282
36132.08060235282
36132.08060235282
36132.08060235282
36132.08060235282
36132.08060235282
36132.08060235282
36132.08060235282
36132.08060235282
36132.08060235282
36132.08060235282
36132.08060235282
36132.08060235282
36132.08060235282
36132.08060235282
36132.08060235282
36132.08060235282
36132.08060235282
36132.08060235282
36132.08060235282
36132.08060235282
36132.08060235282
36132.08060235282
36132.08060235282
36132.08060235282
36132.08060235282
36132.08060235282
36132.08060235282
36132.08060235282
36132.08060235282
36132.08060235282
36132.08060235282
36132.08060235282
36132.08060235282
36132.08060235282
36132.08060235282
36132.08060235282
36132.08060235282
36132.08060235282
36132.08060235282
36132.08060235282
36132.08060235282
36132.08060235282
36132.08060235282
36132.08060235282
36132.08060235282
36132.08060235282
36132.08060235282
36132.08060235282
36132.08060235282
36132.08060235282
36132.08060235282
36132.08060235282
36132.08060235282
36132.08060235282
36132.08060235282
36132.08060235282
36132.08060235282
36132.08060235282
36132.08060235282
36132.08060235282
36132.08060235282
36132.08060235282
36132.08060235282
36132.08060235282
36132.08060235282
35816.08288616089
35816.08288616089
35816.08288616089
35816.08288616089
35816.08288616089
35816.08288616089
35816.08288616089
35816.08288616089
35816.08288616089
35816.08288616089
35816.08288616089
35816.08288616089
35816.08288616089
35816.08288616089
35816.08288616089
35816.08288616089
35816.08288616089
35816.08288616089
35816.08288616089
35816.08288616089
35816.08288616089
35816.08288616089
35816.08288616089
35816.08288616089
35816.08288616089
35816.08288616089
35816.08288616089
35816.08288616089
35816.08288616089
35816.08288616089
35816.08288616089
35816.08288616089
35816.08288616089
35816.08288616089
35816.08288616089
35816.08288616089
35816.08288616089
35816.08288616089
35816.08288616089
35816.08288616089
35816.08288616089
35816.08288616089
35816.08288616089
35816.08288616089
35816.08288616089
35816.08288616089
35816.08288616089
35816.08288616089
35816.08288616089
35816.08288616089
35816.08288616089
35816.08288616089
35816.08288616089
35690.612249779944
35690.612249779944
35690.612249779944
35690.612249779944
35690.612249779944
35690.612249779944
35690.612249779944
35690.612249779944
35690.612249779944
35690.612249779944
35690.612249779944
35690.612249779944
35690.612249779944
35690.612249779944
35690.612249779944
35690.612249779944
35690.612249779944
35690.612249779944
35690.612249779944
35690.612249779944
35690.612249779944
35690.612249779944
35690.612249779944
35690.612249779944
35690.612249779944
35690.612249779944
35690.612249779944
35690.612249779944
35690.612249779944
35690.612249779944
35690.612249779944
35690.612249779944
35690.612249779944
35690.612249779944
35690.612249779944
35690.612249779944
35690.612249779944
35690.612249779944
35690.612249779944
35690.612249779944
35690.612249779944
35690.612249779944
35690.612249779944
35690.612249779944
35690.612249779944
35690.612249779944
35690.612249779944
35690.612249779944
35690.612249779944
35690.612249779944
35690.612249779944
35690.612249779944
35690.612249779944
35690.612249779944
35690.612249779944
35690.612249779944
35690.612249779944
35690.612249779944
35690.612249779944
35690.612249779944
35690.612249779944
35690.612249779944
35690.612249779944
35690.612249779944
35690.612249779944
35690.612249779944
35690.612249779944
35690.612249779944
35690.612249779944
35690.612249779944
35690.612249779944
35690.612249779944
35690.612249779944
35690.612249779944
35690.612249779944
35690.612249779944
35690.612249779944
35690.612249779944
35690.612249779944
35690.612249779944
35690.612249779944
35690.612249779944
35690.612249779944
35690.612249779944
35690.612249779944
35690.612249779944
35630.78710207464
35630.78710207464
35395.434096530655
35395.434096530655
35395.434096530655
35395.434096530655
35395.434096530655
35395.434096530655
35395.434096530655
35395.434096530655
35395.434096530655
35395.434096530655
35395.434096530655
35395.434096530655
35395.434096530655
35395.434096530655
35395.434096530655
35395.434096530655
35395.434096530655
35395.434096530655
35395.434096530655
35395.434096530655
35395.434096530655
35395.434096530655
35395.434096530655
35395.434096530655
35395.434096530655
35395.434096530655
35395.434096530655
35395.434096530655
35395.434096530655
35395.434096530655
35395.434096530655
35395.434096530655
35395.434096530655
35395.434096530655
35395.434096530655
35395.434096530655
35395.434096530655
35395.434096530655
35395.434096530655
35395.434096530655
35395.434096530655
35395.434096530655
35395.434096530655
35395.434096530655
35395.434096530655
35395.434096530655
35395.434096530655
35395.434096530655
35395.434096530655
35395.434096530655
35395.434096530655
35395.434096530655
35395.434096530655
35395.434096530655
35395.434096530655
35395.434096530655
35395.434096530655
35395.434096530655
35395.434096530655
35395.434096530655
35395.434096530655
35395.434096530655
35395.434096530655
35395.434096530655
35395.434096530655
35395.434096530655
35395.434096530655
35395.434096530655
35395.434096530655
35395.434096530655
35395.434096530655
35395.434096530655
35368.831045043866
35368.831045043866
35368.831045043866
35368.831045043866
35368.831045043866
35368.831045043866
35368.831045043866
35368.831045043866
35368.831045043866
35368.831045043866
35368.831045043866
35368.831045043866
35368.831045043866
35368.831045043866
35368.831045043866
35368.831045043866
35368.831045043866
35368.831045043866
35368.831045043866
35368.831045043866
35368.831045043866
35368.831045043866
35368.831045043866
35368.831045043866
35368.831045043866
35368.831045043866
35368.831045043866
35368.831045043866
35368.831045043866
35368.831045043866
35368.831045043866
35368.831045043866
35368.831045043866
35368.831045043866
35368.831045043866
35368.831045043866
35368.831045043866
35368.831045043866
35368.831045043866
35368.831045043866
35368.831045043866
35368.831045043866
35368.831045043866
35368.831045043866
35368.831045043866
35368.831045043866
35368.831045043866
35368.831045043866
35368.831045043866
35368.831045043866
35368.831045043866
35368.831045043866
35368.831045043866
35368.831045043866
35368.831045043866
35368.831045043866
35368.831045043866
35368.831045043866
35368.831045043866
35368.831045043866
35368.831045043866
35368.831045043866
35368.831045043866
35368.831045043866
35368.831045043866
35368.831045043866
35368.831045043866
35368.831045043866
35368.831045043866
35368.831045043866
35368.831045043866
35368.831045043866
35368.831045043866
35368.831045043866
35368.831045043866
35368.831045043866
35368.831045043866
35368.831045043866
35368.831045043866
35368.831045043866
35368.831045043866
35368.831045043866
35368.831045043866
35368.831045043866
35368.831045043866
35368.831045043866
35368.831045043866
35243.91969645594
35243.91969645594
35243.91969645594
35243.91969645594
35243.91969645594
35243.91969645594
35243.91969645594
35243.91969645594
35243.91969645594
35243.91969645594
35243.91969645594
35243.91969645594
35243.91969645594
35243.91969645594
35243.91969645594
35243.91969645594
35243.91969645594
35243.91969645594
35243.91969645594
35243.91969645594
35182.93433303208
35182.93433303208
35182.93433303208
35182.93433303208
35182.93433303208
35182.93433303208
35182.93433303208
35182.93433303208
35182.93433303208
35182.93433303208
35182.93433303208
35182.93433303208
35182.93433303208
35182.93433303208
35182.93433303208
35182.93433303208
35182.93433303208
35182.93433303208
35182.93433303208
35182.93433303208
35182.93433303208
35182.93433303208
35182.93433303208
35182.93433303208
35182.93433303208
35182.93433303208
35182.93433303208
35182.93433303208
35182.93433303208
35182.93433303208
35182.93433303208
35182.93433303208
35182.93433303208
35182.93433303208
35182.93433303208
35182.93433303208
35182.93433303208
35182.93433303208
35182.93433303208
35182.93433303208
35182.93433303208
35182.93433303208
35182.93433303208
35182.93433303208
35182.93433303208
35182.93433303208
35182.93433303208
35182.93433303208
35182.93433303208
35182.93433303208
35182.93433303208
35182.93433303208
35182.93433303208
35182.93433303208
35182.93433303208
35182.93433303208
35182.93433303208
35182.93433303208
35182.93433303208
35182.93433303208
35182.93433303208
35182.93433303208
35182.93433303208
34997.66908747201
34997.66908747201
34997.66908747201
34997.66908747201
34997.66908747201
34997.66908747201
34997.66908747201
34997.66908747201
34997.66908747201
34946.619093272435
34946.619093272435
34946.619093272435
Time: 24.63945770263672 seconds 
Best solution: 34946.619093272435 [33, 36, 37, 44, 56, 59, 53, 42, 57, 75, 80, 79, 67, 96, 97, 99, 90, 100, 95, 88, 87, 65, 60, 45, 19, 14, 73, 6, 34, 11, 17, 105, 39, 25, 52, 31, 5, 83, 51, 8, 22, 23, 61, 9, 66, 91, 92, 32, 94, 58, 81, 76, 18, 63, 43, 13, 10, 50, 103, 62, 54, 24, 48, 15, 35, 7, 49, 104, 78, 4, 72, 38, 86, 12, 101, 29, 3, 71, 46, 89, 98, 93, 102, 85, 84, 77, 82, 68, 70, 69, 74, 64, 55, 47, 41, 40, 30, 28, 26, 27, 1, 2, 16, 20, 21]
Avg solution: 48630.664994646955