Alg:2, Run: 0, file: C:\Users\gabri\Documents\AN 3 SEM 2\AI\Lab\Lab3\\lin105.tsp, population number: 100, generations: 5000 
111291.41882213928
110108.40049232326
109658.1097125273
105042.94333278273
105042.94333278273
105042.94333278273
105042.94333278273
105042.94333278273
105042.94333278273
105042.94333278273
103431.73418499874
103431.73418499874
102735.1847442121
102036.8188466614
102036.8188466614
102036.8188466614
102036.8188466614
102036.8188466614
102036.8188466614
102036.8188466614
102036.8188466614
101938.71272759057
101154.1527934057
101154.1527934057
99721.0863189078
99721.0863189078
99721.0863189078
98539.26719492958
97524.49701625752
97524.49701625752
97524.49701625752
97524.49701625752
97524.49701625752
97524.49701625752
97524.49701625752
97524.49701625752
97524.49701625752
95852.7187342932
92741.89027264806
92741.89027264806
92741.89027264806
92741.89027264806
92741.89027264806
92741.89027264806
92741.89027264806
92741.89027264806
92741.89027264806
92741.89027264806
92541.99287104487
92541.99287104487
92541.99287104487
92541.99287104487
92541.99287104487
92541.99287104487
92541.99287104487
92541.99287104487
92236.1106929174
92236.1106929174
91776.56163870223
91776.56163870223
91776.56163870223
91776.56163870223
90565.39235807172
90565.39235807172
89474.99240750981
89474.99240750981
89411.45204042783
89411.45204042783
89411.45204042783
89402.57178041854
89402.57178041854
82817.49852191242
82817.49852191242
82817.49852191242
82817.49852191242
82817.49852191242
82817.49852191242
82817.49852191242
82817.49852191242
82817.49852191242
82817.49852191242
82817.49852191242
82817.49852191242
82817.49852191242
82817.49852191242
82817.49852191242
82817.49852191242
82817.49852191242
82817.49852191242
82817.49852191242
82817.49852191242
82817.49852191242
82817.49852191242
82817.49852191242
82817.49852191242
82817.49852191242
82817.49852191242
82817.49852191242
82817.49852191242
82817.49852191242
82817.49852191242
82817.49852191242
82817.49852191242
82817.49852191242
82817.49852191242
82817.49852191242
82817.49852191242
82817.49852191242
82817.49852191242
82817.49852191242
82817.49852191242
82817.49852191242
82817.49852191242
82817.49852191242
82817.49852191242
82817.49852191242
82817.49852191242
82817.49852191242
82817.49852191242
82817.49852191242
82817.49852191242
82817.49852191242
82817.49852191242
82817.49852191242
82817.49852191242
82817.49852191242
82817.49852191242
82817.49852191242
82817.49852191242
82817.49852191242
82817.49852191242
82817.49852191242
82817.49852191242
82817.49852191242
82817.49852191242
82817.49852191242
82817.49852191242
82817.49852191242
82817.49852191242
81544.46916731437
81544.46916731437
81544.46916731437
81544.46916731437
81544.46916731437
81544.46916731437
81544.46916731437
81544.46916731437
81544.46916731437
81544.46916731437
81544.46916731437
80877.3162787987
80877.3162787987
78880.62409255008
78880.62409255008
78880.62409255008
78880.62409255008
78880.62409255008
78880.62409255008
78880.62409255008
78880.62409255008
78880.62409255008
78880.62409255008
78880.62409255008
78880.62409255008
78880.62409255008
78880.62409255008
78880.62409255008
78880.62409255008
78880.62409255008
78880.62409255008
78880.62409255008
78880.62409255008
78880.62409255008
78880.62409255008
78880.62409255008
78880.62409255008
78880.62409255008
78880.62409255008
78880.62409255008
78880.62409255008
78880.62409255008
78880.62409255008
78880.62409255008
78880.62409255008
78880.62409255008
78880.62409255008
78880.62409255008
78880.62409255008
78880.62409255008
78880.62409255008
75206.14001899575
75206.14001899575
75206.14001899575
75206.14001899575
75206.14001899575
75206.14001899575
75206.14001899575
75206.14001899575
75206.14001899575
75206.14001899575
75206.14001899575
75206.14001899575
75206.14001899575
75206.14001899575
75206.14001899575
75206.14001899575
75206.14001899575
75206.14001899575
75206.14001899575
75206.14001899575
75206.14001899575
75206.14001899575
75206.14001899575
75206.14001899575
75206.14001899575
75206.14001899575
75206.14001899575
75206.14001899575
75206.14001899575
75206.14001899575
75206.14001899575
73333.1610588328
73333.1610588328
73333.1610588328
73333.1610588328
73333.1610588328
73333.1610588328
73333.1610588328
73333.1610588328
73333.1610588328
73333.1610588328
73333.1610588328
73333.1610588328
73333.1610588328
73333.1610588328
73333.1610588328
73333.1610588328
73333.1610588328
73333.1610588328
73333.1610588328
73333.1610588328
73333.1610588328
73333.1610588328
73333.1610588328
73333.1610588328
73333.1610588328
73333.1610588328
73333.1610588328
73333.1610588328
73333.1610588328
73333.1610588328
73333.1610588328
73333.1610588328
73333.1610588328
73333.1610588328
71706.32506137506
71706.32506137506
71706.32506137506
71706.32506137506
71706.32506137506
71706.32506137506
71706.32506137506
71706.32506137506
71706.32506137506
71706.32506137506
71706.32506137506
71706.32506137506
71706.32506137506
71706.32506137506
71706.32506137506
71706.32506137506
71706.32506137506
71706.32506137506
71706.32506137506
71325.46566982284
71325.46566982284
71325.46566982284
71325.46566982284
71325.46566982284
71325.46566982284
71325.46566982284
71325.46566982284
71325.46566982284
71325.46566982284
71325.46566982284
71325.46566982284
71325.46566982284
71325.46566982284
71325.46566982284
71325.46566982284
71325.46566982284
71325.46566982284
71325.46566982284
71325.46566982284
71325.46566982284
71325.46566982284
71325.46566982284
71325.46566982284
71325.46566982284
71325.46566982284
71325.46566982284
71325.46566982284
71325.46566982284
71325.46566982284
71325.46566982284
71325.46566982284
71325.46566982284
71325.46566982284
71325.46566982284
71325.46566982284
71325.46566982284
71325.46566982284
71325.46566982284
71325.46566982284
71325.46566982284
71325.46566982284
71325.46566982284
71325.46566982284
71325.46566982284
71325.46566982284
71325.46566982284
71325.46566982284
71325.46566982284
71325.46566982284
71325.46566982284
70851.02978636727
70851.02978636727
70851.02978636727
70851.02978636727
70851.02978636727
70851.02978636727
70851.02978636727
70851.02978636727
70851.02978636727
70851.02978636727
70851.02978636727
70851.02978636727
70851.02978636727
70851.02978636727
70851.02978636727
70851.02978636727
70851.02978636727
70851.02978636727
68693.92138188098
68693.92138188098
68693.92138188098
68693.92138188098
68693.92138188098
68693.92138188098
68693.92138188098
68693.92138188098
68693.92138188098
68693.92138188098
68693.92138188098
68505.15514927582
68505.15514927582
68505.15514927582
68505.15514927582
68505.15514927582
68505.15514927582
68505.15514927582
68505.15514927582
68505.15514927582
68505.15514927582
68505.15514927582
68505.15514927582
68505.15514927582
68505.15514927582
68505.15514927582
68505.15514927582
68505.15514927582
68505.15514927582
68505.15514927582
68505.15514927582
68505.15514927582
68505.15514927582
68505.15514927582
68505.15514927582
68505.15514927582
68505.15514927582
68505.15514927582
68505.15514927582
68505.15514927582
68505.15514927582
68505.15514927582
68505.15514927582
68505.15514927582
68505.15514927582
68505.15514927582
68505.15514927582
68505.15514927582
68505.15514927582
68505.15514927582
68505.15514927582
67692.16443332017
67692.16443332017
67692.16443332017
65940.03577651238
65940.03577651238
65940.03577651238
65940.03577651238
65940.03577651238
65940.03577651238
65940.03577651238
65940.03577651238
65940.03577651238
65940.03577651238
65940.03577651238
65940.03577651238
65940.03577651238
65940.03577651238
65940.03577651238
65940.03577651238
65940.03577651238
65940.03577651238
65940.03577651238
65940.03577651238
65940.03577651238
65066.41989472259
65066.41989472259
65066.41989472259
65066.41989472259
65066.41989472259
65066.41989472259
65066.41989472259
65066.41989472259
65066.41989472259
65066.41989472259
65066.41989472259
65066.41989472259
65066.41989472259
65066.41989472259
65066.41989472259
65066.41989472259
65066.41989472259
65066.41989472259
65066.41989472259
65066.41989472259
65066.41989472259
65066.41989472259
65066.41989472259
65066.41989472259
65066.41989472259
65066.41989472259
65066.41989472259
65066.41989472259
65066.41989472259
65066.41989472259
65066.41989472259
65066.41989472259
65066.41989472259
63848.61263978332
63848.61263978332
63848.61263978332
63848.61263978332
63848.61263978332
63848.61263978332
63848.61263978332
63848.61263978332
63848.61263978332
63848.61263978332
63848.61263978332
63848.61263978332
63848.61263978332
63848.61263978332
63848.61263978332
63848.61263978332
63848.61263978332
63848.61263978332
63848.61263978332
63848.61263978332
63848.61263978332
63848.61263978332
63848.61263978332
63848.61263978332
63848.61263978332
63848.61263978332
63848.61263978332
63848.61263978332
63848.61263978332
63848.61263978332
63848.61263978332
63848.61263978332
63848.61263978332
63848.61263978332
63848.61263978332
63848.61263978332
63848.61263978332
63848.61263978332
63848.61263978332
63848.61263978332
63848.61263978332
63848.61263978332
63848.61263978332
63848.61263978332
63848.61263978332
63848.61263978332
63848.61263978332
63848.61263978332
63848.61263978332
63848.61263978332
63848.61263978332
63848.61263978332
63848.61263978332
63848.61263978332
63848.61263978332
63848.61263978332
63848.61263978332
63848.61263978332
63848.61263978332
63848.61263978332
63848.61263978332
63848.61263978332
63848.61263978332
63848.61263978332
63848.61263978332
63848.61263978332
63848.61263978332
63848.61263978332
63848.61263978332
63848.61263978332
63848.61263978332
63848.61263978332
63848.61263978332
63848.61263978332
63848.61263978332
63848.61263978332
63848.61263978332
63848.61263978332
63848.61263978332
63848.61263978332
63848.61263978332
63848.61263978332
63848.61263978332
63848.61263978332
63848.61263978332
63848.61263978332
63848.61263978332
63848.61263978332
63848.61263978332
63848.61263978332
63848.61263978332
63848.61263978332
63848.61263978332
63848.61263978332
63848.61263978332
63848.61263978332
63848.61263978332
63848.61263978332
63848.61263978332
63848.61263978332
63848.61263978332
63457.00912546925
63457.00912546925
63457.00912546925
63457.00912546925
63457.00912546925
63457.00912546925
63457.00912546925
63457.00912546925
63457.00912546925
63457.00912546925
63457.00912546925
63457.00912546925
63457.00912546925
63457.00912546925
63457.00912546925
63457.00912546925
63457.00912546925
62660.69474693916
62660.69474693916
62660.69474693916
62660.69474693916
62660.69474693916
62660.69474693916
62660.69474693916
62660.69474693916
62660.69474693916
62660.69474693916
62660.69474693916
62660.69474693916
62660.69474693916
62660.69474693916
62660.69474693916
62660.69474693916
62660.69474693916
62660.69474693916
62660.69474693916
62211.94863359156
62211.94863359156
62211.94863359156
61891.78504600343
61891.78504600343
61891.78504600343
61891.78504600343
61891.78504600343
61891.78504600343
61891.78504600343
61891.78504600343
61891.78504600343
61891.78504600343
61891.78504600343
61891.78504600343
61891.78504600343
61891.78504600343
61891.78504600343
61891.78504600343
61891.78504600343
61891.78504600343
61891.78504600343
61891.78504600343
61891.78504600343
61891.78504600343
61891.78504600343
61891.78504600343
61891.78504600343
61891.78504600343
61891.78504600343
61891.78504600343
61891.78504600343
61891.78504600343
61429.41338645154
61429.41338645154
61429.41338645154
61429.41338645154
61429.41338645154
61429.41338645154
61429.41338645154
61429.41338645154
61429.41338645154
61429.41338645154
61429.41338645154
61429.41338645154
61429.41338645154
61429.41338645154
61429.41338645154
61429.41338645154
61429.41338645154
61429.41338645154
61429.41338645154
61429.41338645154
61429.41338645154
61429.41338645154
61429.41338645154
61429.41338645154
61429.41338645154
61429.41338645154
61429.41338645154
61429.41338645154
61429.41338645154
61429.41338645154
61429.41338645154
61429.41338645154
61429.41338645154
61429.41338645154
61429.41338645154
61429.41338645154
61429.41338645154
61429.41338645154
61429.41338645154
61429.41338645154
61429.41338645154
61429.41338645154
61429.41338645154
61429.41338645154
59900.83053141254
59900.83053141254
59900.83053141254
59900.83053141254
59900.83053141254
59900.83053141254
59900.83053141254
59900.83053141254
59900.83053141254
59900.83053141254
59900.83053141254
59900.83053141254
59900.83053141254
59900.83053141254
59900.83053141254
59900.83053141254
59900.83053141254
59900.83053141254
59900.83053141254
59900.83053141254
59900.83053141254
59900.83053141254
59900.83053141254
59900.83053141254
59900.83053141254
59900.83053141254
59900.83053141254
59900.83053141254
59766.2697122283
59766.2697122283
59766.2697122283
59766.2697122283
59766.2697122283
59766.2697122283
59766.2697122283
59766.2697122283
59766.2697122283
59766.2697122283
59766.2697122283
59766.2697122283
59766.2697122283
59766.2697122283
59766.2697122283
59766.2697122283
59766.2697122283
59766.2697122283
59766.2697122283
59766.2697122283
59766.2697122283
59766.2697122283
59766.2697122283
59766.2697122283
59766.2697122283
59766.2697122283
59766.2697122283
59766.2697122283
59766.2697122283
59766.2697122283
59766.2697122283
59766.2697122283
59766.2697122283
59766.2697122283
59766.2697122283
59766.2697122283
59766.2697122283
59766.2697122283
59766.2697122283
59766.2697122283
59766.2697122283
59766.2697122283
59766.2697122283
59766.2697122283
59766.2697122283
59766.2697122283
59766.2697122283
59766.2697122283
59766.2697122283
59766.2697122283
59766.2697122283
59766.2697122283
59766.2697122283
59766.2697122283
59766.2697122283
59766.2697122283
59766.2697122283
59766.2697122283
59766.2697122283
59766.2697122283
59766.2697122283
59766.2697122283
59766.2697122283
59612.124305442994
59612.124305442994
59612.124305442994
59612.124305442994
59612.124305442994
59612.124305442994
59612.124305442994
59612.124305442994
59612.124305442994
59612.124305442994
59612.124305442994
59612.124305442994
59612.124305442994
59612.124305442994
59612.124305442994
59612.124305442994
59612.124305442994
59612.124305442994
59612.124305442994
59612.124305442994
59612.124305442994
59612.124305442994
59612.124305442994
59612.124305442994
59612.124305442994
59612.124305442994
59612.124305442994
59612.124305442994
59612.124305442994
59612.124305442994
59612.124305442994
59612.124305442994
59612.124305442994
59612.124305442994
59612.124305442994
59612.124305442994
59612.124305442994
59612.124305442994
59612.124305442994
59612.124305442994
59612.124305442994
59347.285448660055
59347.285448660055
59347.285448660055
59347.285448660055
59347.285448660055
59347.285448660055
59347.285448660055
59347.285448660055
59347.285448660055
59347.285448660055
59347.285448660055
59347.285448660055
59347.285448660055
59347.285448660055
59347.285448660055
59347.285448660055
59347.285448660055
59347.285448660055
59347.285448660055
59347.285448660055
59347.285448660055
59347.285448660055
59347.285448660055
59347.285448660055
59347.285448660055
59347.285448660055
59347.285448660055
59347.285448660055
59347.285448660055
59347.285448660055
59347.285448660055
59347.285448660055
59347.285448660055
59347.285448660055
59347.285448660055
59347.285448660055
59347.285448660055
59347.285448660055
59347.285448660055
59347.285448660055
59347.285448660055
59347.285448660055
59347.285448660055
59347.285448660055
59347.285448660055
59347.285448660055
59347.285448660055
59347.285448660055
59347.285448660055
59347.285448660055
59347.285448660055
59347.285448660055
59347.285448660055
59347.285448660055
59347.285448660055
59347.285448660055
59347.285448660055
59347.285448660055
59347.285448660055
59347.285448660055
59347.285448660055
59347.285448660055
59347.285448660055
59347.285448660055
59347.285448660055
59347.285448660055
59347.285448660055
59347.285448660055
59347.285448660055
59347.285448660055
59347.285448660055
59347.285448660055
59347.285448660055
59347.285448660055
59347.285448660055
59347.285448660055
59347.285448660055
59347.285448660055
59347.285448660055
59347.285448660055
59347.285448660055
59347.285448660055
59347.285448660055
59347.285448660055
59347.285448660055
59347.285448660055
59347.285448660055
59347.285448660055
59347.285448660055
59347.285448660055
59347.285448660055
59347.285448660055
59347.285448660055
59347.285448660055
59347.285448660055
59347.285448660055
59347.285448660055
59347.285448660055
59347.285448660055
58484.3413958448
58484.3413958448
58484.3413958448
58484.3413958448
57718.446363390765
57718.446363390765
57718.446363390765
57718.446363390765
57718.446363390765
57718.446363390765
57718.446363390765
57718.446363390765
57718.446363390765
57718.446363390765
57718.446363390765
57718.446363390765
57718.446363390765
57718.446363390765
57718.446363390765
57718.446363390765
57718.446363390765
57718.446363390765
57718.446363390765
57718.446363390765
57718.446363390765
57718.446363390765
57718.446363390765
57718.446363390765
57718.446363390765
57718.446363390765
57718.446363390765
57718.446363390765
57718.446363390765
57718.446363390765
57718.446363390765
57718.446363390765
57718.446363390765
57718.446363390765
57718.446363390765
57718.446363390765
57718.446363390765
57718.446363390765
57718.446363390765
57718.446363390765
57718.446363390765
57718.446363390765
57718.446363390765
57718.446363390765
57718.446363390765
57718.446363390765
57718.446363390765
57064.43659582281
57064.43659582281
57064.43659582281
57064.43659582281
57064.43659582281
57064.43659582281
57064.43659582281
57064.43659582281
57064.43659582281
57064.43659582281
57064.43659582281
57064.43659582281
57064.43659582281
57064.43659582281
57064.43659582281
57064.43659582281
57064.43659582281
57064.43659582281
57064.43659582281
57064.43659582281
57064.43659582281
57064.43659582281
57064.43659582281
57064.43659582281
57064.43659582281
57064.43659582281
57064.43659582281
57064.43659582281
57064.43659582281
57064.43659582281
57064.43659582281
57064.43659582281
57064.43659582281
57064.43659582281
57064.43659582281
57064.43659582281
57064.43659582281
57064.43659582281
57064.43659582281
57064.43659582281
57064.43659582281
57064.43659582281
57064.43659582281
57064.43659582281
57064.43659582281
57064.43659582281
57064.43659582281
57064.43659582281
57064.43659582281
57064.43659582281
57064.43659582281
57064.43659582281
57064.43659582281
57064.43659582281
57064.43659582281
57064.43659582281
57064.43659582281
57064.43659582281
57064.43659582281
56860.053662474
56860.053662474
56860.053662474
56860.053662474
56860.053662474
56860.053662474
56860.053662474
56860.053662474
56860.053662474
56860.053662474
56860.053662474
56860.053662474
56860.053662474
56860.053662474
56860.053662474
56860.053662474
56860.053662474
56860.053662474
56860.053662474
56860.053662474
56860.053662474
56860.053662474
56860.053662474
56860.053662474
56860.053662474
56860.053662474
56860.053662474
56860.053662474
56527.092081865405
56527.092081865405
56527.092081865405
56527.092081865405
56527.092081865405
56527.092081865405
56527.092081865405
56527.092081865405
56527.092081865405
56527.092081865405
56527.092081865405
56527.092081865405
56527.092081865405
56527.092081865405
56527.092081865405
56527.092081865405
56527.092081865405
56527.092081865405
56527.092081865405
56527.092081865405
56527.092081865405
56527.092081865405
56527.092081865405
56527.092081865405
56527.092081865405
56527.092081865405
56527.092081865405
56527.092081865405
56527.092081865405
56527.092081865405
56527.092081865405
56527.092081865405
56527.092081865405
56527.092081865405
56527.092081865405
56527.092081865405
56527.092081865405
56527.092081865405
56527.092081865405
56527.092081865405
56527.092081865405
56527.092081865405
56527.092081865405
56527.092081865405
56527.092081865405
56527.092081865405
56527.092081865405
56527.092081865405
56527.092081865405
56527.092081865405
56527.092081865405
56527.092081865405
56527.092081865405
56527.092081865405
56527.092081865405
56527.092081865405
56527.092081865405
56527.092081865405
55761.92821163764
55761.92821163764
55761.92821163764
55761.92821163764
55761.92821163764
55761.92821163764
55761.92821163764
55761.92821163764
55761.92821163764
55761.92821163764
55761.92821163764
55761.92821163764
55761.92821163764
55761.92821163764
55761.92821163764
55761.92821163764
55761.92821163764
55761.92821163764
55761.92821163764
55761.92821163764
55761.92821163764
55761.92821163764
55761.92821163764
55761.92821163764
55761.92821163764
55761.92821163764
55761.92821163764
55761.92821163764
55761.92821163764
55761.92821163764
55761.92821163764
55761.92821163764
55761.92821163764
55761.92821163764
55761.92821163764
55761.92821163764
55761.92821163764
55761.92821163764
55761.92821163764
55761.92821163764
55761.92821163764
55761.92821163764
55761.92821163764
55761.92821163764
55761.92821163764
55761.92821163764
55761.92821163764
55761.92821163764
55761.92821163764
55761.92821163764
55761.92821163764
55761.92821163764
55761.92821163764
55761.92821163764
55761.92821163764
55761.92821163764
55761.92821163764
55761.92821163764
55761.92821163764
55761.92821163764
55761.92821163764
55761.92821163764
55761.92821163764
55761.92821163764
55761.92821163764
55761.92821163764
55761.92821163764
55761.92821163764
55761.92821163764
55761.92821163764
55761.92821163764
55761.92821163764
55761.92821163764
55761.92821163764
55761.92821163764
55761.92821163764
55761.92821163764
55761.92821163764
55761.92821163764
55761.92821163764
55761.92821163764
55761.92821163764
55761.92821163764
55761.92821163764
55761.92821163764
55761.92821163764
55761.92821163764
55761.92821163764
55761.92821163764
55761.92821163764
55761.92821163764
55761.92821163764
55761.92821163764
55761.92821163764
55761.92821163764
55761.92821163764
55761.92821163764
55761.92821163764
55761.92821163764
55761.92821163764
55761.92821163764
55761.92821163764
55761.92821163764
55761.92821163764
55761.92821163764
55761.92821163764
55761.92821163764
55761.92821163764
55761.92821163764
55761.92821163764
55761.92821163764
55761.92821163764
55761.92821163764
55761.92821163764
55761.92821163764
55761.92821163764
55761.92821163764
55761.92821163764
55761.92821163764
55761.92821163764
55761.92821163764
55761.92821163764
55761.92821163764
55761.92821163764
55761.92821163764
55761.92821163764
55761.92821163764
55761.92821163764
55761.92821163764
55761.92821163764
55761.92821163764
55761.92821163764
55761.92821163764
55761.92821163764
55761.92821163764
55761.92821163764
55761.92821163764
55761.92821163764
55761.92821163764
55761.92821163764
55761.92821163764
55761.92821163764
55761.92821163764
55761.92821163764
55761.92821163764
55761.92821163764
55761.92821163764
55761.92821163764
55761.92821163764
55761.92821163764
55761.92821163764
55761.92821163764
55761.92821163764
55761.92821163764
55761.92821163764
55761.92821163764
55619.34181478915
55619.34181478915
54932.31684522252
54932.31684522252
54932.31684522252
54932.31684522252
54932.31684522252
54932.31684522252
54932.31684522252
54932.31684522252
54932.31684522252
54932.31684522252
54932.31684522252
54932.31684522252
54932.31684522252
54932.31684522252
54932.31684522252
54932.31684522252
54932.31684522252
54932.31684522252
54932.31684522252
54932.31684522252
54932.31684522252
54932.31684522252
54932.31684522252
54932.31684522252
54932.31684522252
54932.31684522252
54932.31684522252
54130.11884387383
54130.11884387383
54130.11884387383
54130.11884387383
54130.11884387383
54130.11884387383
54130.11884387383
54130.11884387383
54130.11884387383
54130.11884387383
54130.11884387383
54130.11884387383
54130.11884387383
54130.11884387383
52846.70814068801
52846.70814068801
52846.70814068801
52846.70814068801
52846.70814068801
52846.70814068801
52440.87941210151
52440.87941210151
52440.87941210151
52440.87941210151
52440.87941210151
52440.87941210151
52440.87941210151
52440.87941210151
52440.87941210151
52440.87941210151
52440.87941210151
52440.8794121015
52440.8794121015
52440.8794121015
52440.8794121015
52318.78838340939
52318.78838340939
52318.78838340939
52318.78838340939
52318.78838340939
52318.78838340939
52318.78838340939
52318.78838340939
52318.78838340939
52318.78838340939
52318.78838340939
52318.78838340939
52318.78838340939
52318.78838340939
52318.78838340939
52318.78838340939
51453.9194371427
51453.9194371427
51453.9194371427
51453.9194371427
51453.9194371427
51453.9194371427
51453.9194371427
51453.9194371427
51453.9194371427
51453.9194371427
51453.9194371427
51453.9194371427
51453.9194371427
51453.9194371427
51453.9194371427
51453.9194371427
51453.9194371427
51453.9194371427
51453.9194371427
51453.9194371427
51453.9194371427
51453.9194371427
51453.9194371427
51453.9194371427
51453.9194371427
51453.9194371427
51453.9194371427
51453.9194371427
51453.9194371427
51453.9194371427
51453.9194371427
51453.9194371427
51453.9194371427
51453.9194371427
51453.9194371427
51453.9194371427
51453.9194371427
51453.9194371427
51453.9194371427
51453.9194371427
51453.9194371427
51453.9194371427
51453.9194371427
51453.9194371427
51453.9194371427
51453.9194371427
51453.9194371427
51453.9194371427
51453.9194371427
51453.9194371427
51453.9194371427
51453.9194371427
51453.9194371427
51453.9194371427
51453.9194371427
51453.9194371427
51453.9194371427
51453.9194371427
51453.9194371427
51453.9194371427
51453.9194371427
51453.9194371427
51453.9194371427
51453.9194371427
51453.9194371427
51453.9194371427
51453.9194371427
51453.9194371427
51453.9194371427
51453.9194371427
51453.9194371427
51453.9194371427
51453.9194371427
51453.9194371427
51453.9194371427
51453.9194371427
51453.9194371427
51453.9194371427
51453.9194371427
51453.9194371427
51453.9194371427
51453.9194371427
51453.9194371427
51453.9194371427
51453.9194371427
51453.9194371427
51453.9194371427
51453.9194371427
51453.9194371427
51453.9194371427
51453.9194371427
51453.9194371427
51453.9194371427
51453.9194371427
51453.9194371427
51453.9194371427
51453.9194371427
51453.9194371427
51453.9194371427
51453.9194371427
51453.9194371427
51453.9194371427
51453.9194371427
51453.9194371427
51453.9194371427
51453.9194371427
51453.9194371427
51453.9194371427
51453.9194371427
51453.9194371427
51453.9194371427
51453.9194371427
51453.9194371427
51453.9194371427
51453.9194371427
51453.9194371427
51453.9194371427
51453.9194371427
51453.9194371427
51453.9194371427
51453.9194371427
51453.9194371427
51453.9194371427
51453.9194371427
51453.9194371427
51453.9194371427
51453.9194371427
51453.9194371427
51453.9194371427
51453.9194371427
51453.9194371427
51453.9194371427
51453.9194371427
51453.9194371427
51453.9194371427
51453.9194371427
51453.9194371427
51453.9194371427
51453.9194371427
51453.9194371427
51453.9194371427
51453.9194371427
51453.9194371427
51453.9194371427
51453.9194371427
51453.9194371427
51453.9194371427
51453.9194371427
51453.9194371427
51453.9194371427
51453.9194371427
51453.9194371427
51453.9194371427
51453.9194371427
51453.9194371427
51453.9194371427
51453.9194371427
51453.9194371427
51453.9194371427
51453.9194371427
51453.9194371427
51453.9194371427
51453.9194371427
51453.9194371427
51453.9194371427
51332.097908350894
51332.097908350894
51332.097908350894
51332.097908350894
51332.097908350894
51332.097908350894
51332.097908350894
51332.097908350894
51332.097908350894
51332.097908350894
51332.097908350894
51332.097908350894
51332.097908350894
51332.097908350894
51332.097908350894
51332.097908350894
51332.097908350894
51332.097908350894
51332.097908350894
51332.097908350894
51332.097908350894
51332.097908350894
51332.097908350894
51332.097908350894
51332.097908350894
51332.097908350894
51332.097908350894
51332.097908350894
51332.097908350894
51332.097908350894
51332.097908350894
51278.565296251145
51278.565296251145
51278.565296251145
51278.565296251145
51278.565296251145
51278.565296251145
51278.565296251145
51278.565296251145
51278.565296251145
51278.565296251145
51278.565296251145
51227.11664228903
50984.36577912016
50984.36577912016
50984.36577912016
50984.36577912016
50855.230304655204
50855.230304655204
50855.230304655204
50855.230304655204
50855.230304655204
50855.230304655204
50855.230304655204
50855.230304655204
50855.230304655204
50855.230304655204
50855.230304655204
50855.230304655204
50855.230304655204
50855.230304655204
50855.230304655204
50855.230304655204
50855.230304655204
50855.230304655204
50855.230304655204
50855.230304655204
50855.230304655204
50855.230304655204
50855.230304655204
50855.230304655204
50855.230304655204
50855.230304655204
50855.230304655204
50855.230304655204
50855.230304655204
50679.37240745762
50679.37240745762
50679.37240745762
50679.37240745762
50679.37240745762
50679.37240745762
50679.37240745762
50679.37240745762
50679.37240745762
50679.37240745762
50679.37240745762
50679.37240745762
50679.37240745762
50679.37240745762
50679.37240745762
50679.37240745762
50679.37240745762
50679.37240745762
50679.37240745762
50679.37240745762
50679.37240745762
50679.37240745762
50679.37240745762
50679.37240745762
50679.37240745762
50679.37240745762
50679.37240745762
50679.37240745762
50679.37240745762
50679.37240745762
50679.37240745762
50679.37240745762
50679.37240745762
50679.37240745762
50679.37240745762
50679.37240745762
50679.37240745762
50679.37240745762
50679.37240745762
50679.37240745762
50679.37240745762
50679.37240745762
50679.37240745762
50679.37240745762
50679.37240745762
50679.37240745762
50679.37240745762
50679.37240745762
50679.37240745762
50679.37240745762
50679.37240745762
50679.37240745762
50679.37240745762
50679.37240745762
50679.37240745762
50679.37240745762
50679.37240745762
50679.37240745762
50679.37240745762
50679.37240745762
50679.37240745762
50679.37240745762
50679.37240745762
50679.37240745762
50679.37240745762
50679.37240745762
50679.37240745762
50679.37240745762
50679.37240745762
50679.37240745762
50679.37240745762
50679.37240745762
50679.37240745762
50679.37240745762
50634.63685941236
50634.63685941236
50634.63685941236
50634.63685941236
50634.63685941236
50634.63685941236
50634.63685941236
50634.63685941236
50634.63685941236
50634.63685941236
50634.63685941236
50634.63685941236
50495.09660517343
50495.09660517343
50495.09660517343
50495.09660517343
50495.09660517343
50279.933584778504
50279.933584778504
50279.933584778504
50279.933584778504
50092.33333102866
50092.33333102866
50092.33333102866
50092.33333102866
50092.33333102866
50092.33333102866
50092.33333102866
50092.33333102866
50092.33333102866
50092.33333102866
50092.33333102866
50092.33333102866
50092.33333102866
50092.33333102866
50092.33333102866
50092.33333102866
50092.33333102866
50092.33333102866
50092.33333102866
50092.33333102866
50092.33333102866
50092.33333102866
49869.37424803081
49869.37424803081
49869.37424803081
49869.37424803081
49869.37424803081
49869.37424803081
49869.37424803081
49869.37424803081
49869.37424803081
49869.37424803081
49869.37424803081
49869.37424803081
49869.37424803081
49869.37424803081
49869.37424803081
49869.37424803081
49869.37424803081
49869.37424803081
49869.37424803081
49869.37424803081
49869.37424803081
49869.37424803081
49869.37424803081
49869.37424803081
49869.37424803081
49869.37424803081
49869.37424803081
49869.37424803081
49869.37424803081
49576.9096470291
49576.9096470291
49576.9096470291
49576.9096470291
49576.9096470291
49576.9096470291
49576.9096470291
49576.9096470291
49576.9096470291
49576.9096470291
49576.9096470291
49576.9096470291
49576.9096470291
49576.9096470291
49576.9096470291
49576.9096470291
49576.9096470291
49576.9096470291
49490.16279373397
49490.16279373397
49490.16279373397
49490.16279373397
49490.16279373397
48788.676744295684
48788.676744295684
48788.676744295684
48788.676744295684
48788.676744295684
48788.676744295684
48788.676744295684
48788.676744295684
48715.987029804885
48715.987029804885
48715.987029804885
48715.987029804885
48715.987029804885
48715.987029804885
48715.987029804885
48715.987029804885
48715.987029804885
48715.987029804885
48715.987029804885
48715.987029804885
48715.987029804885
48715.987029804885
48678.4712308978
48678.4712308978
48678.4712308978
48678.4712308978
48678.4712308978
48678.4712308978
48678.4712308978
48678.4712308978
48678.4712308978
48678.4712308978
48678.4712308978
48678.4712308978
48678.4712308978
48678.4712308978
48678.4712308978
48678.4712308978
48678.4712308978
48678.4712308978
48678.4712308978
48678.4712308978
48678.4712308978
48678.4712308978
48678.4712308978
48678.4712308978
48678.4712308978
48678.4712308978
48678.4712308978
48678.4712308978
48579.941456812616
48579.941456812616
48579.941456812616
48579.941456812616
48579.941456812616
48579.941456812616
48579.941456812616
47800.137214685856
47800.137214685856
47800.137214685856
47800.137214685856
47800.137214685856
47800.137214685856
47800.137214685856
47800.137214685856
47800.137214685856
47800.137214685856
47800.137214685856
47800.137214685856
47800.137214685856
47800.137214685856
47800.137214685856
47800.137214685856
47800.137214685856
47800.137214685856
47800.137214685856
47800.137214685856
47800.137214685856
47800.137214685856
47800.137214685856
47800.137214685856
47800.137214685856
47800.137214685856
47800.137214685856
47800.137214685856
47800.137214685856
47800.137214685856
47800.137214685856
47800.137214685856
47800.137214685856
47800.137214685856
47800.137214685856
47800.137214685856
47800.137214685856
47800.137214685856
47800.137214685856
47800.137214685856
47800.137214685856
47800.137214685856
47800.137214685856
47800.137214685856
47800.137214685856
47800.137214685856
47800.137214685856
47800.137214685856
47800.137214685856
47800.137214685856
47800.137214685856
47800.137214685856
47800.137214685856
47800.137214685856
47800.137214685856
47800.137214685856
47800.137214685856
47800.137214685856
47800.137214685856
47800.137214685856
47800.137214685856
47800.137214685856
47800.137214685856
47800.137214685856
47800.137214685856
47800.137214685856
47800.137214685856
47800.137214685856
47800.137214685856
47800.137214685856
47800.137214685856
46342.58494872157
46342.58494872157
46342.58494872157
46342.58494872157
46342.58494872157
46342.58494872157
46342.58494872157
46342.58494872157
46342.58494872157
46342.58494872157
46342.58494872157
46342.58494872157
46342.58494872157
46342.58494872157
46342.58494872157
46342.58494872157
46342.58494872157
46342.58494872157
46342.58494872157
46342.58494872157
46342.58494872157
46342.58494872157
46342.58494872157
46342.58494872157
46342.58494872157
46342.58494872157
46342.58494872157
46342.58494872157
46342.58494872157
46342.58494872157
46342.58494872157
46342.58494872157
46342.58494872157
46342.58494872157
46342.58494872157
46342.58494872157
46342.58494872157
46342.58494872157
46342.58494872157
46342.58494872157
46342.58494872157
46342.58494872157
46342.58494872157
46342.58494872157
46342.58494872157
46152.1531159597
46152.1531159597
46152.1531159597
46152.1531159597
46152.1531159597
46152.1531159597
46152.1531159597
46152.1531159597
46152.1531159597
46152.1531159597
46152.1531159597
46152.1531159597
46152.1531159597
46152.1531159597
46152.1531159597
46152.1531159597
46152.1531159597
46152.1531159597
46152.1531159597
46152.1531159597
46152.1531159597
46152.1531159597
46152.1531159597
46152.1531159597
46152.1531159597
46152.1531159597
46152.1531159597
46152.1531159597
46152.1531159597
46152.1531159597
46152.1531159597
46152.1531159597
46152.1531159597
46152.1531159597
46152.1531159597
46152.1531159597
46152.1531159597
46152.1531159597
46152.1531159597
46152.1531159597
46152.1531159597
46152.1531159597
46152.1531159597
46152.1531159597
46152.1531159597
46152.1531159597
46152.1531159597
46152.1531159597
46152.1531159597
46152.1531159597
46152.1531159597
46152.1531159597
46152.1531159597
46152.1531159597
46152.1531159597
46152.1531159597
46152.1531159597
46152.1531159597
46152.1531159597
46152.1531159597
46152.1531159597
46152.1531159597
46152.1531159597
46152.1531159597
46152.1531159597
46152.1531159597
46152.1531159597
46152.1531159597
46152.1531159597
46152.1531159597
46152.1531159597
46152.1531159597
46152.1531159597
46152.1531159597
46152.1531159597
46152.1531159597
46152.1531159597
46152.1531159597
46152.1531159597
46152.1531159597
46152.1531159597
46152.1531159597
46152.1531159597
46152.1531159597
46152.1531159597
46152.1531159597
46152.1531159597
46152.1531159597
46152.1531159597
46152.1531159597
46152.1531159597
46152.1531159597
46152.1531159597
46152.1531159597
46152.1531159597
46152.1531159597
46152.1531159597
46152.1531159597
46152.1531159597
46152.1531159597
46152.1531159597
46152.1531159597
46152.1531159597
46152.1531159597
46152.1531159597
46152.1531159597
46152.1531159597
46152.1531159597
46152.1531159597
46152.1531159597
46152.1531159597
46152.1531159597
46152.1531159597
46152.1531159597
46152.1531159597
46152.1531159597
46152.1531159597
46152.1531159597
46152.1531159597
46152.1531159597
46152.1531159597
46152.1531159597
46152.1531159597
46152.1531159597
46152.1531159597
46152.1531159597
46152.1531159597
46152.1531159597
46152.1531159597
46152.1531159597
46152.1531159597
46152.1531159597
46152.1531159597
46095.39917716373
46095.39917716373
46095.39917716373
46095.39917716373
46095.39917716373
46095.39917716373
46095.39917716373
46095.39917716373
46095.39917716373
46095.39917716373
46095.39917716373
46095.39917716373
46095.39917716373
46095.39917716373
46095.39917716373
46095.39917716373
46095.39917716373
46095.39917716373
46095.39917716373
46095.39917716373
46095.39917716373
46095.39917716373
46095.39917716373
46095.39917716373
46095.39917716373
46095.39917716373
46095.39917716373
46095.39917716373
46095.39917716373
46095.39917716373
46095.39917716373
46095.39917716373
46095.39917716373
46095.39917716373
46095.39917716373
46095.39917716373
46095.39917716373
46095.39917716373
46095.39917716373
46095.39917716373
46095.39917716373
46095.39917716373
46095.39917716373
46095.39917716373
46095.39917716373
46095.39917716373
46095.39917716373
46095.39917716373
46095.39917716373
46095.39917716373
46095.39917716373
46095.39917716373
46095.39917716373
46095.39917716373
46095.39917716373
46095.39917716373
46095.39917716373
46095.39917716373
46095.39917716373
46095.39917716373
46041.644104331
46041.644104331
46041.644104331
46041.644104331
46041.644104331
45843.61945291476
45843.61945291476
45843.61945291476
45843.61945291476
45843.61945291476
45122.41710242543
45122.41710242543
45122.41710242543
45122.41710242543
45122.41710242543
45122.41710242543
45122.41710242543
45122.41710242543
45122.41710242543
45122.41710242543
45122.41710242543
45122.41710242543
45122.41710242543
45122.41710242543
45122.41710242543
45122.41710242543
45122.41710242543
45122.41710242543
45122.41710242543
45122.41710242543
45122.41710242543
45122.41710242543
45122.41710242543
45122.41710242543
45122.41710242543
45122.41710242543
45122.41710242543
45122.41710242543
45122.41710242543
45122.41710242543
45122.41710242543
45122.41710242543
45122.41710242543
45122.41710242543
45122.41710242543
45122.41710242543
45122.41710242543
45122.41710242543
45122.41710242543
45122.41710242543
45122.41710242543
45122.41710242543
45122.41710242543
45122.41710242543
45122.41710242543
45122.41710242543
45122.41710242543
45122.41710242543
45122.41710242543
45122.41710242543
45122.41710242543
45122.41710242543
45122.41710242543
45122.41710242543
45122.41710242543
45122.41710242543
45122.41710242543
45122.41710242543
45122.41710242543
45122.41710242543
45122.41710242543
45122.41710242543
45122.41710242543
45122.41710242543
45122.41710242543
45122.41710242543
45122.41710242543
45122.41710242543
45122.41710242543
45122.41710242543
45122.41710242543
45122.41710242543
45122.41710242543
45122.41710242543
45122.41710242543
45122.41710242543
45122.41710242543
45122.41710242543
45122.41710242543
45122.41710242543
45122.41710242543
45122.41710242543
45122.41710242543
45122.41710242543
45122.41710242543
45122.41710242543
45122.41710242543
45122.41710242543
45122.41710242543
45020.5863815995
45020.5863815995
45020.5863815995
45020.5863815995
45020.5863815995
45020.5863815995
45020.5863815995
45020.5863815995
45020.5863815995
45020.5863815995
45020.5863815995
45020.5863815995
45020.5863815995
45020.5863815995
45020.5863815995
45020.5863815995
45020.5863815995
45020.5863815995
45020.5863815995
45020.5863815995
45020.5863815995
45020.5863815995
45020.5863815995
45020.5863815995
44954.01948662285
44954.01948662285
44954.01948662285
44954.01948662285
44954.01948662285
44954.01948662285
44954.01948662285
44954.01948662285
44954.01948662285
44954.01948662285
44954.01948662285
44954.01948662285
44954.01948662285
44954.01948662285
44954.01948662285
44954.01948662285
44954.01948662285
44954.01948662285
44954.01948662285
44954.01948662285
44954.01948662285
44954.01948662285
44954.01948662285
44954.01948662285
44954.01948662285
44954.01948662285
44954.01948662285
44954.01948662285
44954.01948662285
44954.01948662285
44954.01948662285
44954.01948662285
44954.01948662285
44954.01948662285
44954.01948662285
44954.01948662285
44954.01948662285
44954.01948662285
44954.01948662285
44954.01948662285
44954.01948662285
44954.01948662285
44954.01948662285
44954.01948662285
44954.01948662285
44954.01948662285
44954.01948662285
44954.01948662285
44954.01948662285
44954.01948662285
44954.01948662285
44954.01948662285
44871.19539255808
44871.19539255808
44871.19539255808
44871.19539255808
44871.19539255808
44871.19539255808
44871.19539255808
44871.19539255808
44871.19539255808
44871.19539255808
44871.19539255808
44871.19539255808
44871.19539255808
44871.19539255808
44871.19539255808
44871.19539255808
44871.19539255808
44871.19539255808
44871.19539255808
44871.19539255808
44871.19539255808
44871.19539255808
44871.19539255808
44871.19539255808
44871.19539255808
44871.19539255808
44871.19539255808
44871.19539255808
44775.33554399489
44775.33554399489
44775.33554399489
44775.33554399489
44775.33554399489
44775.33554399489
44775.33554399489
44775.33554399489
44775.33554399489
44775.33554399489
44775.33554399489
44775.33554399489
44775.33554399489
44775.33554399489
44552.624696228915
44552.624696228915
44163.678090843
44163.678090843
44163.678090843
44163.678090843
44163.678090843
44163.678090843
44163.678090843
44163.678090843
44163.678090843
44163.678090843
44163.678090843
44163.678090843
44163.678090843
44163.678090843
44163.678090843
44163.678090843
44163.678090843
44163.678090843
44163.678090843
44163.678090843
44163.678090843
44163.678090843
44163.678090843
44163.678090843
44163.678090843
44163.678090843
44163.678090843
44163.678090843
44163.678090843
44163.678090843
44163.678090843
44163.678090843
44163.678090843
44163.678090843
44163.678090843
44163.678090843
44163.678090843
44163.678090843
44163.678090843
44163.678090843
44163.678090843
44163.678090843
44163.678090843
44163.678090843
44163.678090843
44163.678090843
44163.678090843
44163.678090843
44163.678090843
44163.678090843
44163.678090843
44163.678090843
44163.678090843
44163.678090843
44163.678090843
44163.678090843
44163.678090843
44163.678090843
44163.678090843
44163.678090843
44163.678090843
44163.678090843
44163.678090843
44163.678090843
44163.678090843
44163.678090843
44163.678090843
44163.678090843
44163.678090843
44163.678090843
44163.678090843
44163.678090843
44163.678090843
44163.678090843
44163.678090843
44163.678090843
44163.678090843
44163.678090843
44163.678090843
44163.678090843
44163.678090843
44163.678090843
44163.678090843
44163.678090843
44163.678090843
44163.678090843
44163.678090843
44163.678090843
44163.678090843
44163.678090843
44163.678090843
44163.678090843
44163.678090843
44163.678090843
44163.678090843
44163.678090843
44163.678090843
44163.678090843
44163.678090843
44163.678090843
44163.678090843
44163.678090843
44163.678090843
44163.678090843
44163.678090843
44163.678090843
44163.678090843
44163.678090843
43765.80296377469
43765.80296377469
43765.80296377469
43765.80296377469
43765.80296377469
43765.80296377469
43765.80296377469
43765.80296377469
43765.80296377469
43765.80296377469
43765.80296377469
43765.80296377469
43765.80296377469
43765.80296377469
43765.80296377469
43765.80296377469
43765.80296377469
43765.80296377469
43765.80296377469
43765.80296377469
43765.80296377469
43765.80296377469
43765.80296377469
43765.80296377469
43765.80296377469
43765.80296377469
43765.80296377469
43765.80296377469
43765.80296377469
43765.80296377469
43765.80296377469
43765.80296377469
43765.80296377469
43765.80296377469
43765.80296377469
43765.80296377469
43765.80296377469
43765.80296377469
43765.80296377469
43765.80296377469
43765.80296377469
43765.80296377469
43765.80296377469
43765.80296377469
43765.80296377469
43765.80296377469
43765.80296377469
43765.80296377469
43765.80296377469
43765.80296377469
43765.80296377469
43765.80296377469
43765.80296377469
43765.80296377469
43765.80296377469
43765.80296377469
43765.80296377469
43765.80296377469
43765.80296377469
43765.80296377469
43765.80296377469
43765.80296377469
43765.80296377469
43765.80296377469
43765.80296377469
43765.80296377469
43765.80296377469
43765.80296377469
43765.80296377469
43765.80296377469
43765.80296377469
43765.80296377469
43765.80296377469
43765.80296377469
43765.80296377469
43765.80296377469
43765.80296377469
43765.80296377469
43765.80296377469
43765.80296377469
43765.80296377469
43765.80296377469
43765.80296377469
43765.80296377469
43765.80296377469
43765.80296377469
43765.80296377469
43765.80296377469
43765.80296377469
43765.80296377469
43765.80296377469
43765.80296377469
43765.80296377469
43765.80296377469
43765.80296377469
43765.80296377469
43765.80296377469
43765.80296377469
43765.80296377469
43765.80296377469
43765.80296377469
43765.80296377469
43765.80296377469
43765.80296377469
43765.80296377469
43765.80296377469
43765.80296377469
43765.80296377469
43765.80296377469
43765.80296377469
43765.80296377469
43765.80296377469
43765.80296377469
43765.80296377469
43765.80296377469
43765.80296377469
43724.67181450434
43724.67181450434
43724.67181450434
43708.076690726215
43708.076690726215
43708.076690726215
43708.076690726215
43708.076690726215
43708.076690726215
43708.076690726215
43708.076690726215
43708.076690726215
43626.576476141
43626.576476141
43626.576476141
43626.576476141
43626.576476141
43626.576476141
43626.576476141
43626.576476141
43626.576476141
43626.576476141
43626.576476141
43316.29102953391
43316.29102953391
43316.29102953391
43316.29102953391
43316.29102953391
43316.29102953391
43316.29102953391
43316.29102953391
43316.29102953391
43316.29102953391
43316.29102953391
43316.29102953391
43316.29102953391
43316.29102953391
43316.29102953391
43316.29102953391
43316.29102953391
43316.29102953391
43316.29102953391
43316.29102953391
43316.29102953391
43316.29102953391
43316.29102953391
43316.29102953391
43316.29102953391
43316.29102953391
43316.29102953391
43316.29102953391
43316.29102953391
43316.29102953391
43316.29102953391
43316.29102953391
43316.29102953391
43316.29102953391
43316.29102953391
43316.29102953391
43316.29102953391
43316.29102953391
43316.29102953391
43316.29102953391
43316.29102953391
43316.29102953391
43316.29102953391
43316.29102953391
43316.29102953391
43316.29102953391
43316.29102953391
43316.29102953391
43316.29102953391
43316.29102953391
43316.29102953391
43316.29102953391
43316.29102953391
43316.29102953391
43316.29102953391
43316.29102953391
43316.29102953391
43316.29102953391
43316.29102953391
43307.28319485879
43307.28319485879
43307.28319485879
43307.28319485879
43307.28319485879
43307.28319485879
43307.28319485879
43307.28319485879
43307.28319485879
43307.28319485879
43244.92168262013
43244.92168262013
43244.92168262013
43244.92168262013
43244.92168262013
43244.92168262013
43244.92168262013
43244.92168262013
43244.92168262013
43244.92168262013
43244.92168262013
43244.92168262013
43244.92168262013
43244.92168262013
43244.92168262013
43244.92168262013
43244.92168262013
43244.92168262013
43244.92168262013
43244.92168262013
43244.92168262013
43201.59567944616
43201.59567944616
43201.59567944616
43201.59567944616
43201.59567944616
43201.59567944616
43201.59567944616
43201.59567944616
43201.59567944616
43201.59567944616
43201.59567944616
43201.59567944616
43201.59567944616
43201.59567944616
43201.59567944616
43201.59567944616
43201.59567944616
43201.59567944616
43201.59567944616
43201.59567944616
43201.59567944616
43201.59567944616
43201.59567944616
43201.59567944616
43201.59567944616
43201.59567944616
43201.59567944616
43201.59567944616
43201.59567944616
43201.59567944616
43139.21055276157
43139.21055276157
43139.21055276157
43139.21055276157
43139.21055276157
43139.21055276157
43139.21055276157
43139.21055276157
43139.21055276157
43139.21055276157
43139.21055276157
43139.21055276157
43139.21055276157
43139.21055276157
43139.21055276157
43139.21055276157
43139.21055276157
43139.21055276157
43139.21055276157
43139.21055276157
43139.21055276157
43139.21055276157
43139.21055276157
43139.21055276157
43139.21055276157
43139.21055276157
43139.21055276157
43139.21055276157
43139.21055276157
43139.21055276157
43139.21055276157
43139.21055276157
43139.21055276157
43139.21055276157
43139.21055276157
43139.21055276157
43139.21055276157
42685.50313521114
42685.50313521114
42685.50313521114
42685.50313521114
42685.50313521114
42685.50313521114
42685.50313521114
42685.50313521114
42685.50313521114
42685.50313521114
42685.50313521114
42685.50313521114
42685.50313521114
42685.50313521114
42685.50313521114
42685.50313521114
42685.50313521114
42685.50313521114
42685.50313521114
42685.50313521114
42685.50313521114
42685.50313521114
42685.50313521114
42685.50313521114
42685.50313521114
42685.50313521114
42685.50313521114
42685.50313521114
42685.50313521114
42685.50313521114
42685.50313521114
42685.50313521114
42685.50313521114
42685.50313521114
42277.58657334643
42277.58657334643
42277.58657334643
42277.58657334643
42277.58657334643
42277.58657334643
42277.58657334643
42277.58657334643
42277.58657334643
42277.58657334643
42277.58657334643
42277.58657334643
42277.58657334643
42277.58657334643
42277.58657334643
42277.58657334643
42277.58657334643
42277.58657334643
42277.58657334643
42277.58657334643
42277.58657334643
42277.58657334643
42277.58657334643
42277.58657334643
42277.58657334643
42277.58657334643
42277.58657334643
42277.58657334643
42277.58657334643
42277.58657334643
42277.58657334643
42277.58657334643
42277.58657334643
42132.12346255624
42132.12346255624
42132.12346255624
42132.12346255624
42132.12346255624
42132.12346255624
42132.12346255624
42132.12346255624
42132.12346255624
42132.12346255624
42132.12346255624
42132.12346255624
42132.12346255624
42132.12346255624
42132.12346255624
42132.12346255624
42132.12346255624
42132.12346255624
42132.12346255624
42132.12346255624
42132.12346255624
42132.12346255624
42132.12346255624
42132.12346255624
42132.12346255624
42132.12346255624
42132.12346255624
42132.12346255624
42132.12346255624
42132.12346255624
42132.12346255624
42132.12346255624
42132.12346255624
42132.12346255624
42132.12346255624
42132.12346255624
42132.12346255624
42037.44815620595
42037.44815620595
42037.44815620595
42037.44815620595
42037.44815620595
42037.44815620595
42037.44815620595
42037.44815620595
42037.44815620595
42037.44815620595
42037.44815620595
42037.44815620595
42037.44815620595
41932.39354058366
41932.39354058366
41932.39354058366
41932.39354058366
41932.39354058366
41932.39354058366
41932.39354058366
41932.39354058366
41932.39354058366
41932.39354058366
41932.39354058366
41932.39354058366
41932.39354058366
41932.39354058366
41932.39354058366
41724.9267895291
41724.9267895291
41724.9267895291
41724.9267895291
41724.9267895291
41724.9267895291
41724.9267895291
41724.9267895291
41724.9267895291
41724.9267895291
41724.9267895291
41724.9267895291
41724.9267895291
41636.65466033853
41636.65466033853
41636.65466033853
41636.65466033853
41636.65466033853
41636.65466033853
41636.65466033853
41636.65466033853
41636.65466033853
41636.65466033853
41636.65466033853
41636.65466033853
41533.997326634824
41533.997326634824
41533.997326634824
41533.997326634824
41533.997326634824
41533.997326634824
41533.997326634824
41533.997326634824
41533.997326634824
41533.997326634824
41533.997326634824
41533.997326634824
41533.997326634824
41533.997326634824
41533.997326634824
41533.997326634824
41533.997326634824
41533.997326634824
41533.997326634824
41198.629586869676
41198.629586869676
41198.629586869676
41198.629586869676
41198.629586869676
41198.629586869676
41198.629586869676
41198.629586869676
41198.629586869676
41198.629586869676
41198.629586869676
41198.629586869676
41198.629586869676
41198.629586869676
41122.333504973525
41122.333504973525
41122.333504973525
41122.333504973525
41122.333504973525
41122.333504973525
41122.333504973525
41122.333504973525
41122.333504973525
41122.333504973525
41122.333504973525
41122.333504973525
41122.333504973525
40747.03841599276
40747.03841599276
40747.03841599276
40747.03841599276
40747.03841599276
40747.03841599276
40747.03841599276
40747.03841599276
40747.03841599276
40747.03841599276
40747.03841599276
40747.03841599276
40747.03841599276
40747.03841599276
40747.03841599276
40747.03841599276
40747.03841599276
40747.03841599276
40747.03841599276
40747.03841599276
40747.03841599276
40747.03841599276
40747.03841599276
40747.03841599276
40747.03841599276
40747.03841599276
40747.03841599276
40747.03841599276
40747.03841599276
40747.03841599276
40747.03841599276
40747.03841599276
40747.03841599276
40747.03841599276
40747.03841599276
40747.03841599276
40747.03841599276
40747.03841599276
40747.03841599276
40747.03841599276
40747.03841599276
40747.03841599276
40747.03841599276
40747.03841599276
40747.03841599276
40747.03841599276
40747.03841599276
40747.03841599276
40747.03841599276
40747.03841599276
40747.03841599276
40747.03841599276
40747.03841599276
40747.03841599276
40747.03841599276
40747.03841599276
40747.03841599276
40747.03841599276
40747.03841599276
40747.03841599276
40747.03841599276
40747.03841599276
40747.03841599276
40747.03841599276
40747.03841599276
40747.03841599276
40747.03841599276
40747.03841599276
40747.03841599276
40747.03841599276
40747.03841599276
40747.03841599276
40747.03841599276
40747.03841599276
40747.03841599276
40747.03841599276
40747.03841599276
40747.03841599276
40747.03841599276
40747.03841599276
40675.552041884635
40675.552041884635
40675.552041884635
40675.552041884635
40675.552041884635
40675.552041884635
40675.552041884635
40675.552041884635
40675.552041884635
40675.552041884635
40675.552041884635
40675.552041884635
40675.552041884635
40675.552041884635
40675.552041884635
40675.552041884635
40675.552041884635
40675.552041884635
40675.552041884635
40675.552041884635
40675.552041884635
40675.552041884635
40675.552041884635
40675.552041884635
40675.552041884635
40675.552041884635
40675.552041884635
40675.552041884635
40675.552041884635
40675.552041884635
40675.552041884635
40675.552041884635
40675.552041884635
40675.552041884635
40675.552041884635
40675.552041884635
40675.552041884635
40675.552041884635
40675.552041884635
40675.552041884635
40675.552041884635
40675.552041884635
40675.552041884635
40675.552041884635
40675.552041884635
40675.552041884635
40675.552041884635
40675.552041884635
40675.552041884635
40675.552041884635
40675.552041884635
40675.552041884635
40675.552041884635
40675.552041884635
40486.857288103514
40486.857288103514
40486.857288103514
40486.857288103514
40486.857288103514
40486.857288103514
40486.857288103514
40486.857288103514
40486.857288103514
40486.857288103514
40486.857288103514
40486.857288103514
40486.857288103514
40486.857288103514
40486.857288103514
40486.857288103514
40486.857288103514
40486.857288103514
40486.857288103514
40486.857288103514
40486.857288103514
40486.857288103514
40471.865324415645
40471.865324415645
40471.865324415645
40471.865324415645
40471.865324415645
40471.865324415645
40471.865324415645
40471.865324415645
40471.865324415645
40471.865324415645
40471.865324415645
40471.865324415645
40471.865324415645
40471.865324415645
40471.865324415645
40471.865324415645
40471.865324415645
40471.865324415645
40471.865324415645
40471.865324415645
40471.865324415645
40098.985362569976
40098.985362569976
40098.985362569976
40098.985362569976
40098.985362569976
40098.985362569976
40098.985362569976
40098.985362569976
40098.985362569976
40098.985362569976
40098.985362569976
40098.985362569976
40098.985362569976
40098.985362569976
40098.985362569976
40098.985362569976
40098.985362569976
40098.985362569976
40098.985362569976
40098.985362569976
40098.985362569976
40098.985362569976
40098.985362569976
40098.985362569976
40098.985362569976
40098.985362569976
40098.985362569976
40098.985362569976
40098.985362569976
40098.985362569976
40098.985362569976
40098.985362569976
40098.985362569976
40092.95572959629
39708.715069253965
39708.715069253965
39708.715069253965
39708.715069253965
39708.715069253965
39708.715069253965
39708.715069253965
39708.715069253965
39708.715069253965
39708.715069253965
39708.715069253965
39708.715069253965
39708.715069253965
39708.715069253965
39708.715069253965
39708.715069253965
39708.715069253965
39708.715069253965
39708.715069253965
39708.715069253965
39708.715069253965
39708.715069253965
39708.715069253965
39708.715069253965
39708.715069253965
39708.715069253965
39708.715069253965
39708.715069253965
39708.715069253965
39708.715069253965
39708.715069253965
39708.715069253965
39708.715069253965
39708.715069253965
39708.715069253965
39708.715069253965
39708.715069253965
39708.715069253965
39708.715069253965
39708.715069253965
39708.715069253965
39708.715069253965
39708.715069253965
39708.715069253965
39708.715069253965
39708.715069253965
39708.715069253965
39708.715069253965
39708.715069253965
39708.715069253965
39708.715069253965
39708.715069253965
39708.715069253965
39708.715069253965
39708.715069253965
39708.715069253965
39708.715069253965
39708.715069253965
39708.715069253965
39708.715069253965
39225.22271175908
39225.22271175908
39225.22271175908
39225.22271175908
39225.22271175908
39225.22271175908
39225.22271175908
39225.22271175908
39225.22271175908
39225.22271175908
39225.22271175908
39225.22271175908
39225.22271175908
39225.22271175908
39225.22271175908
39225.22271175908
39225.22271175908
39225.22271175908
39225.22271175908
39225.22271175908
39225.22271175908
39225.22271175908
39225.22271175908
39225.22271175908
39225.22271175908
39225.22271175908
39225.22271175908
39225.22271175908
39225.22271175908
39225.22271175908
39225.22271175908
39225.22271175908
39225.22271175908
39225.22271175908
39225.22271175908
39225.22271175908
39225.22271175908
39225.22271175908
39225.22271175908
39225.22271175908
39225.22271175908
39225.22271175908
39225.22271175908
39225.22271175908
39225.22271175908
39225.22271175908
39225.22271175908
39225.22271175908
39225.22271175908
39225.22271175908
39225.22271175908
39225.22271175908
39225.22271175908
39225.22271175908
39225.22271175908
39225.22271175908
39225.22271175908
39225.22271175908
39225.22271175908
39225.22271175908
39225.22271175908
39225.22271175908
39225.22271175908
39225.22271175908
39225.22271175908
39225.22271175908
39225.22271175908
39225.22271175908
39225.22271175908
39225.22271175908
39225.22271175908
39225.22271175908
39225.22271175908
39225.22271175908
39225.22271175908
39225.22271175908
39225.22271175908
39225.22271175908
39225.22271175908
39225.22271175908
39225.22271175908
39225.22271175908
39225.22271175908
39225.22271175908
39225.22271175908
39225.22271175908
39225.22271175908
39225.22271175908
39225.22271175908
39225.22271175908
39225.22271175908
39225.22271175908
39225.22271175908
39225.22271175908
39225.22271175908
39225.22271175908
39225.22271175908
39225.22271175908
39225.22271175908
39225.22271175908
39225.22271175908
39225.22271175908
39225.22271175908
39225.22271175908
39225.22271175908
39225.22271175908
39225.22271175908
39225.22271175908
39225.22271175908
39225.22271175908
39225.22271175908
39225.22271175908
39225.22271175908
39225.22271175908
39225.22271175908
39225.22271175908
39225.22271175908
39225.22271175908
39225.22271175908
39225.22271175908
39225.22271175908
39225.22271175908
39225.22271175908
39225.22271175908
39225.22271175908
39225.22271175908
39225.22271175908
39225.22271175908
39225.22271175908
39225.22271175908
39225.22271175908
39225.22271175908
39225.22271175908
39225.22271175908
39225.22271175908
39225.22271175908
39225.22271175908
39225.22271175908
39225.22271175908
39225.22271175908
39225.22271175908
39225.22271175908
39225.22271175908
39225.22271175908
39225.22271175908
39225.22271175908
39225.22271175908
39225.22271175908
39225.22271175908
39225.22271175908
39225.22271175908
39225.22271175908
38939.98031653101
38939.98031653101
38939.98031653101
38939.98031653101
38939.98031653101
38939.98031653101
38939.98031653101
38939.98031653101
38939.98031653101
38939.98031653101
38939.98031653101
38939.98031653101
38939.98031653101
38939.98031653101
38939.98031653101
38939.98031653101
38939.98031653101
38939.98031653101
38939.98031653101
38939.98031653101
38939.98031653101
38939.98031653101
38939.98031653101
38939.98031653101
38939.98031653101
38939.98031653101
38939.98031653101
38716.49076063971
38716.49076063971
38716.49076063971
38716.49076063971
38716.49076063971
38716.49076063971
38716.49076063971
38716.49076063971
38716.49076063971
38716.49076063971
38716.49076063971
38716.49076063971
38716.49076063971
38716.49076063971
38716.49076063971
38716.49076063971
38716.49076063971
38716.49076063971
38716.49076063971
38716.49076063971
38716.49076063971
38716.49076063971
38716.49076063971
38716.49076063971
38716.49076063971
38716.49076063971
38716.49076063971
38716.49076063971
38716.49076063971
38716.49076063971
38716.49076063971
38716.49076063971
38716.49076063971
38716.49076063971
38716.49076063971
38716.49076063971
38716.49076063971
38716.49076063971
38716.49076063971
38716.49076063971
38716.49076063971
38716.49076063971
38716.49076063971
38716.49076063971
38716.49076063971
38573.33938435737
38573.33938435737
38573.33938435737
37750.53598252669
37750.53598252669
37750.53598252669
37750.53598252669
37750.53598252669
37750.53598252669
37750.53598252669
37750.53598252669
37750.53598252669
37750.53598252669
37750.53598252669
37750.53598252669
37750.53598252669
37750.53598252669
37750.53598252669
37750.53598252669
37750.53598252669
37750.53598252669
37750.53598252669
37750.53598252669
37750.53598252669
37750.53598252669
37750.53598252669
37750.53598252669
37750.53598252669
37750.53598252669
37750.53598252669
37750.53598252669
37750.53598252669
37750.53598252669
37750.53598252669
37750.53598252669
37750.53598252669
37750.53598252669
37750.53598252669
37750.53598252669
37750.53598252669
37750.53598252669
37750.53598252669
37750.53598252669
37750.53598252669
37750.53598252669
37750.53598252669
37750.53598252669
37750.53598252669
37750.53598252669
37750.53598252669
37750.53598252669
37750.53598252669
37750.53598252669
37750.53598252669
37750.53598252669
37750.53598252669
37750.53598252669
37750.53598252669
37750.53598252669
37750.53598252669
37750.53598252669
37750.53598252669
37750.53598252669
37750.53598252669
37750.53598252669
37750.53598252669
37750.53598252669
37750.53598252669
37750.53598252669
37750.53598252669
37750.53598252669
37750.53598252669
37750.53598252669
37750.53598252669
37750.53598252669
37750.53598252669
37750.53598252669
37750.53598252669
37750.53598252669
37750.53598252669
37750.53598252669
37750.53598252669
37750.53598252669
37750.53598252669
37750.53598252669
37750.53598252669
37750.53598252669
37750.53598252669
37750.53598252669
37750.53598252669
37750.53598252669
37750.53598252669
37750.53598252669
37750.53598252669
37750.53598252669
37750.53598252669
37750.53598252669
37750.53598252669
37750.53598252669
37750.53598252669
37750.53598252669
37750.53598252669
37750.53598252669
37750.53598252669
37750.53598252669
37750.53598252669
37750.53598252669
37750.53598252669
37750.53598252669
37750.53598252669
37750.53598252669
37750.53598252669
37750.53598252669
37750.53598252669
37750.53598252669
37750.53598252669
37750.53598252669
37750.53598252669
37750.53598252669
37750.53598252669
37750.53598252669
37750.53598252669
37750.53598252669
37750.53598252669
37750.53598252669
37750.53598252669
37750.53598252669
37750.53598252669
37750.53598252669
37750.53598252669
37750.53598252669
37750.53598252669
37750.53598252669
37750.53598252669
37750.53598252669
37750.53598252669
37750.53598252669
37750.53598252669
37750.53598252669
37750.53598252669
37750.53598252669
37750.53598252669
37750.53598252669
37750.53598252669
37750.53598252669
37750.53598252669
37750.53598252669
37750.53598252669
37750.53598252669
37750.53598252669
37750.53598252669
37750.53598252669
37750.53598252669
37750.53598252669
37750.53598252669
37750.53598252669
37750.53598252669
37750.53598252669
37750.53598252669
37750.53598252669
37750.53598252669
37750.53598252669
37750.53598252669
37750.53598252669
37750.53598252669
37750.53598252669
37750.53598252669
37750.53598252669
37750.53598252669
37750.53598252669
37750.53598252669
37750.53598252669
37750.53598252669
37750.53598252669
37750.53598252669
37750.53598252669
37750.53598252669
37750.53598252669
37750.53598252669
37750.53598252669
37750.53598252669
37750.53598252669
37750.53598252669
37750.53598252669
37750.53598252669
37750.53598252669
37750.53598252669
37750.53598252669
37750.53598252669
37750.53598252669
37750.53598252669
37750.53598252669
37750.53598252669
37750.53598252669
37750.53598252669
37750.53598252669
37750.53598252669
37750.53598252669
37750.53598252669
37750.53598252669
37750.53598252669
37750.53598252669
37750.53598252669
37750.53598252669
37750.53598252669
37750.53598252669
37750.53598252669
37750.53598252669
37750.53598252669
37750.53598252669
37750.53598252669
37750.53598252669
37750.53598252669
37750.53598252669
37750.53598252669
37750.53598252669
37750.53598252669
37750.53598252669
37750.53598252669
37750.53598252669
37750.53598252669
37750.53598252669
37750.53598252669
37750.53598252669
37750.53598252669
37750.53598252669
37544.380721292335
37544.380721292335
37544.380721292335
37544.380721292335
37544.380721292335
37544.380721292335
37544.380721292335
37544.380721292335
37544.380721292335
37544.380721292335
37544.380721292335
37544.380721292335
37544.380721292335
37544.380721292335
37544.380721292335
37544.380721292335
37544.380721292335
37544.380721292335
37544.380721292335
37544.380721292335
37544.380721292335
37544.380721292335
37544.380721292335
37544.380721292335
37544.380721292335
37544.380721292335
37544.380721292335
37544.380721292335
37544.380721292335
37544.380721292335
37544.380721292335
37544.380721292335
37544.380721292335
37544.380721292335
37544.380721292335
37544.380721292335
37544.380721292335
37544.380721292335
37544.380721292335
37544.380721292335
37544.380721292335
37544.380721292335
37544.380721292335
37544.380721292335
37544.380721292335
37544.380721292335
37544.380721292335
37544.380721292335
37544.380721292335
37544.380721292335
37544.380721292335
37544.380721292335
37544.380721292335
37544.380721292335
37544.380721292335
37544.380721292335
37544.380721292335
37544.380721292335
37544.380721292335
37544.380721292335
37544.380721292335
37544.380721292335
37544.380721292335
37544.380721292335
37544.380721292335
37544.380721292335
37544.380721292335
37544.380721292335
37544.380721292335
37544.380721292335
37544.380721292335
37544.380721292335
37544.380721292335
37544.380721292335
37544.380721292335
37544.380721292335
37544.380721292335
37544.380721292335
37544.380721292335
37544.380721292335
37544.380721292335
37544.380721292335
37544.380721292335
37544.380721292335
37544.380721292335
37544.380721292335
37544.380721292335
37544.380721292335
37544.380721292335
37544.380721292335
37544.380721292335
37544.380721292335
37544.380721292335
37544.380721292335
37544.380721292335
37544.380721292335
37544.380721292335
37544.380721292335
37544.380721292335
37544.380721292335
37544.380721292335
37544.380721292335
37544.380721292335
37544.380721292335
37544.380721292335
37544.380721292335
37544.380721292335
37544.380721292335
37544.380721292335
37544.380721292335
37544.380721292335
37544.380721292335
37544.380721292335
37544.380721292335
37544.380721292335
37544.380721292335
37544.380721292335
37544.380721292335
37544.380721292335
37544.380721292335
37544.380721292335
37544.380721292335
37544.380721292335
37544.380721292335
37544.380721292335
37544.380721292335
37544.380721292335
37544.380721292335
37544.380721292335
37544.380721292335
37544.380721292335
37544.380721292335
37544.380721292335
37544.380721292335
37544.380721292335
37544.380721292335
37544.380721292335
37544.380721292335
37544.380721292335
37544.380721292335
37544.380721292335
37544.380721292335
37428.99284432175
37428.99284432175
37428.99284432175
37428.99284432175
37428.99284432175
37428.99284432175
37428.99284432175
37428.99284432175
37428.99284432175
37428.99284432175
37428.99284432175
37428.99284432175
37428.99284432175
37428.99284432175
37428.99284432175
37428.99284432175
37428.99284432175
37428.99284432175
37428.99284432175
37428.99284432175
37428.99284432175
37428.99284432175
37428.99284432175
37428.99284432175
37428.99284432175
37428.99284432175
37428.99284432175
37428.99284432175
37428.99284432175
37428.99284432175
37428.99284432175
37428.99284432175
37428.99284432175
37428.99284432175
37428.99284432175
37428.99284432175
37428.99284432175
37428.99284432175
37428.99284432175
37428.99284432175
37428.99284432175
37428.99284432175
37428.99284432175
37428.99284432175
37428.99284432175
37428.99284432175
37428.99284432175
37428.99284432175
37428.99284432175
37428.99284432175
37428.99284432175
37428.99284432175
37428.99284432175
37428.99284432175
37428.99284432175
37428.99284432175
37428.99284432175
37428.99284432175
37428.99284432175
37428.99284432175
37428.99284432175
37428.99284432175
37428.99284432175
37428.99284432175
37428.99284432175
37428.99284432175
37428.99284432175
37428.99284432175
37428.99284432175
37428.99284432175
37428.99284432175
37428.99284432175
37396.30708184649
37396.30708184649
37396.30708184649
37396.30708184649
37396.30708184649
37396.30708184649
37396.30708184649
37396.30708184649
37396.30708184649
37396.30708184649
37396.30708184649
37396.30708184649
37396.30708184649
37396.30708184649
37396.30708184649
37396.30708184649
37396.30708184649
37396.30708184649
37396.30708184649
37396.30708184649
37396.30708184649
37396.30708184649
37396.30708184649
37396.30708184649
37396.30708184649
37396.30708184649
37396.30708184649
37396.30708184649
37396.30708184649
37388.410149161835
37388.410149161835
37388.410149161835
37388.410149161835
37388.410149161835
37388.410149161835
37388.410149161835
37388.410149161835
37388.410149161835
37388.410149161835
37388.410149161835
37388.410149161835
37388.410149161835
37388.410149161835
37388.410149161835
37388.410149161835
37388.410149161835
37388.410149161835
37388.410149161835
37388.410149161835
37388.410149161835
37388.410149161835
37388.410149161835
37388.410149161835
37388.410149161835
37388.410149161835
37388.410149161835
37388.410149161835
37388.410149161835
37388.410149161835
37388.410149161835
37388.410149161835
37388.410149161835
37388.410149161835
37388.410149161835
37388.410149161835
37388.410149161835
37388.410149161835
37388.410149161835
37388.410149161835
37388.410149161835
37388.410149161835
37388.410149161835
37388.410149161835
37388.410149161835
37388.410149161835
37388.410149161835
37388.410149161835
37388.410149161835
37388.410149161835
37388.410149161835
37388.410149161835
37388.410149161835
37388.410149161835
37388.410149161835
37388.410149161835
37388.410149161835
37388.410149161835
37388.410149161835
37388.410149161835
37388.410149161835
37388.410149161835
37388.410149161835
37388.410149161835
37388.410149161835
37388.410149161835
37388.410149161835
37388.410149161835
37388.410149161835
37388.410149161835
37388.410149161835
37388.410149161835
37388.410149161835
37388.410149161835
37388.410149161835
37388.410149161835
37388.410149161835
37388.410149161835
37388.410149161835
37388.410149161835
37388.410149161835
37388.410149161835
37388.410149161835
37388.410149161835
37388.410149161835
37388.410149161835
37388.410149161835
37388.410149161835
37388.410149161835
37388.410149161835
37388.410149161835
37388.410149161835
37388.410149161835
37388.410149161835
37388.410149161835
37388.410149161835
37388.410149161835
37388.410149161835
37388.410149161835
37388.410149161835
37388.410149161835
37388.410149161835
37388.410149161835
37388.410149161835
37388.410149161835
37388.410149161835
37388.410149161835
37388.410149161835
37388.410149161835
37388.410149161835
37388.410149161835
37388.410149161835
37096.30795961643
37096.30795961643
37096.30795961643
37096.30795961643
37096.30795961643
37096.30795961643
37096.30795961643
37096.30795961643
37096.30795961643
37096.30795961643
37096.30795961643
37096.30795961643
37096.30795961643
37096.30795961643
37096.30795961643
37096.30795961643
37096.30795961643
37096.30795961643
37096.30795961643
37096.30795961643
37096.30795961643
37096.30795961643
37096.30795961643
37096.30795961643
37096.30795961643
37096.30795961643
37096.30795961643
37096.30795961643
37096.30795961643
37096.30795961643
37096.30795961643
37096.30795961643
37096.30795961643
37096.30795961643
37096.30795961643
37096.30795961643
37096.30795961643
37096.30795961643
37096.30795961643
37096.30795961643
37096.30795961643
37096.30795961643
37096.30795961643
37096.30795961643
37096.30795961643
37096.30795961643
37096.30795961643
37096.30795961643
37096.30795961643
37096.30795961643
37096.30795961643
37096.30795961643
37096.30795961643
37096.30795961643
37096.30795961643
37096.30795961643
37096.30795961643
37096.30795961643
37096.30795961643
37096.30795961643
37096.30795961643
37096.30795961643
37096.30795961643
37096.30795961643
37096.30795961643
37096.30795961643
37096.30795961643
37096.30795961643
37096.30795961643
37096.30795961643
37096.30795961643
37096.30795961643
37096.30795961643
37096.30795961643
37096.30795961643
37096.30795961643
37096.30795961643
37096.30795961643
37096.30795961643
37096.30795961643
37096.30795961643
37096.30795961643
37096.30795961643
37096.30795961643
37096.30795961643
37096.30795961643
37096.30795961643
37096.30795961643
37096.30795961643
37096.30795961643
37096.30795961643
37096.30795961643
37096.30795961643
37096.30795961643
37096.30795961643
37096.30795961643
37096.30795961643
37096.30795961643
37096.30795961643
37096.30795961643
37096.30795961643
37096.30795961643
37096.30795961643
37096.30795961643
37096.30795961643
37096.30795961643
37096.30795961643
37096.30795961643
37096.30795961643
37096.30795961643
37096.30795961643
37096.30795961643
37096.30795961643
37096.30795961643
37096.30795961643
37096.30795961643
37096.30795961643
37096.30795961643
37096.30795961643
37096.30795961643
37096.30795961643
37096.30795961643
37096.30795961643
37096.30795961643
37096.30795961643
37096.30795961643
37096.30795961643
37096.30795961643
37096.30795961643
37096.30795961643
37096.30795961643
37096.30795961643
37096.30795961643
37096.30795961643
37096.30795961643
37096.30795961643
37096.30795961643
37096.30795961643
37096.30795961643
37096.30795961643
37096.30795961643
37096.30795961643
37096.30795961643
37096.30795961643
37096.30795961643
37096.30795961643
37096.30795961643
37096.30795961643
37096.30795961643
37096.30795961643
37096.30795961643
37096.30795961643
37096.30795961643
37096.30795961643
37096.30795961643
37096.30795961643
37096.30795961643
37096.30795961643
37096.30795961643
37096.30795961643
37096.30795961643
37096.30795961643
37096.30795961643
37096.30795961643
37096.30795961643
37096.30795961643
37096.30795961643
37096.30795961643
37096.30795961643
37096.30795961643
37096.30795961643
37096.30795961643
37096.30795961643
37096.30795961643
37096.30795961643
37096.30795961643
37096.30795961643
37096.30795961643
37096.30795961643
37096.30795961643
37096.30795961643
37096.30795961643
37096.30795961643
37096.30795961643
37096.30795961643
37096.30795961643
37096.30795961643
37096.30795961643
37096.30795961643
37096.30795961643
37096.30795961643
37096.30795961643
37096.30795961643
37096.30795961643
37096.30795961643
37096.30795961643
37096.30795961643
37096.30795961643
37096.30795961643
37096.30795961643
37096.30795961643
37037.71857951933
37037.71857951933
36907.92414128687
36907.92414128687
36907.92414128687
36907.92414128687
36907.92414128687
36907.92414128687
36907.92414128687
36907.92414128687
36907.92414128687
36907.92414128687
36907.92414128687
36907.92414128687
36907.92414128687
36907.92414128687
36907.92414128687
36907.92414128687
36907.92414128687
36907.92414128687
36907.92414128687
36907.92414128687
36907.92414128687
36907.92414128687
36907.92414128687
36907.92414128687
36907.92414128687
36907.92414128687
36907.92414128687
36907.92414128687
36907.92414128687
36907.92414128687
36907.92414128687
36907.92414128687
36907.92414128687
36907.92414128687
36907.92414128687
36907.92414128687
36907.92414128687
36907.92414128687
36820.006673548705
36820.006673548705
36820.006673548705
36820.006673548705
36820.006673548705
36820.006673548705
36673.322820548645
36673.322820548645
36673.322820548645
36673.322820548645
36673.322820548645
36673.322820548645
36673.322820548645
36673.322820548645
36673.322820548645
36673.322820548645
36673.322820548645
36673.322820548645
36673.322820548645
36673.322820548645
36673.322820548645
36673.322820548645
36673.322820548645
36673.322820548645
36673.322820548645
36673.322820548645
36673.322820548645
36673.322820548645
36673.322820548645
36673.322820548645
36673.322820548645
36673.322820548645
36673.322820548645
36673.322820548645
36673.322820548645
36673.322820548645
36496.78804103827
36496.78804103827
36496.78804103827
36496.78804103827
36496.78804103827
36496.78804103827
36496.78804103827
36496.78804103827
36496.78804103827
36496.78804103827
36496.78804103827
36496.78804103827
36496.78804103827
36496.78804103827
36496.78804103827
36496.78804103827
36496.78804103827
36496.78804103827
36496.78804103827
36496.78804103827
36496.78804103827
36496.78804103827
36496.78804103827
36496.78804103827
36496.78804103827
36496.78804103827
36496.78804103827
36496.78804103827
36496.78804103827
36496.78804103827
36496.78804103827
36496.78804103827
36496.78804103827
36496.78804103827
36496.78804103827
36496.78804103827
36496.78804103827
36496.78804103827
36496.78804103827
36496.78804103827
36496.78804103827
36496.78804103827
36496.78804103827
36496.78804103827
36496.78804103827
36496.78804103827
36496.78804103827
36496.78804103827
36496.78804103827
36496.78804103827
36496.78804103827
36496.78804103827
36496.78804103827
36496.78804103827
36496.78804103827
36496.78804103827
36496.78804103827
36496.78804103827
36496.78804103827
36496.78804103827
36496.78804103827
36496.78804103827
36496.78804103827
36496.78804103827
36496.78804103827
36496.78804103827
36496.78804103827
36496.78804103827
36496.78804103827
36496.78804103827
36496.78804103827
36496.78804103827
36496.78804103827
36496.78804103827
36496.78804103827
36496.78804103827
36496.78804103827
36496.78804103827
36086.54445373983
36086.54445373983
36086.54445373983
36086.54445373983
36086.54445373983
36086.54445373983
36086.54445373983
36086.54445373983
36086.54445373983
36086.54445373983
36086.54445373983
36086.54445373983
36086.54445373983
36086.54445373983
36086.54445373983
36086.54445373983
36086.54445373983
36086.54445373983
36086.54445373983
36086.54445373983
36086.54445373983
36086.54445373983
36086.54445373983
36086.54445373983
36086.54445373983
36086.54445373983
36086.54445373983
36086.54445373983
36086.54445373983
36086.54445373983
36086.54445373983
36086.54445373983
36086.54445373983
36086.54445373983
36086.54445373983
36086.54445373983
36086.54445373983
36086.54445373983
36086.54445373983
36086.54445373983
36086.54445373983
36086.54445373983
36086.54445373983
36086.54445373983
36086.54445373983
36086.54445373983
36086.54445373983
36086.54445373983
36086.54445373983
36086.54445373983
36086.54445373983
36086.54445373983
36086.54445373983
36086.54445373983
36086.54445373983
36086.54445373983
36086.54445373983
36086.54445373983
36086.54445373983
36086.54445373983
36086.54445373983
36086.54445373983
36086.54445373983
36086.54445373983
36086.54445373983
36086.54445373983
36086.54445373983
36086.54445373983
36086.54445373983
36086.54445373983
36086.54445373983
36086.54445373983
36086.54445373983
36086.54445373983
36086.54445373983
36086.54445373983
36086.54445373983
36086.54445373983
36086.54445373983
36086.54445373983
36086.54445373983
36086.54445373983
36086.54445373983
36086.54445373983
36086.54445373983
36086.54445373983
36086.54445373983
36086.54445373983
36086.54445373983
36086.54445373983
36086.54445373983
36086.54445373983
36086.54445373983
35994.85716895746
35994.85716895746
35994.85716895746
35994.85716895746
35994.85716895746
35994.85716895746
35994.85716895746
35994.85716895746
35994.85716895746
35994.85716895746
35994.85716895746
35901.92031177263
35901.92031177263
35901.92031177263
35901.92031177263
35901.92031177263
35901.92031177263
35901.92031177263
35901.92031177263
35901.92031177263
35901.92031177263
35901.92031177263
35901.92031177263
35901.92031177263
35901.92031177263
35901.92031177263
35901.92031177263
35901.92031177263
35901.92031177263
35901.92031177263
35901.92031177263
35901.92031177263
35901.92031177263
35901.92031177263
35901.92031177263
35901.92031177263
35901.92031177263
35901.92031177263
35901.92031177263
35901.92031177263
35901.92031177263
35901.92031177263
35901.92031177263
35901.92031177263
35901.92031177263
35901.92031177263
35901.92031177263
35901.92031177263
35901.92031177263
35901.92031177263
35901.92031177263
35901.92031177263
35901.92031177263
35879.02896305095
35879.02896305095
35879.02896305095
35689.46189111848
35689.46189111848
35689.46189111848
35689.46189111848
35689.46189111848
35689.46189111848
35689.46189111848
35689.46189111848
35689.46189111848
35689.46189111848
35689.46189111848
35689.46189111848
35689.46189111848
35689.46189111848
35689.46189111848
35689.46189111848
35689.46189111848
35689.46189111848
35689.46189111848
35689.46189111848
35689.46189111848
35689.46189111848
35689.46189111848
35689.46189111848
35689.46189111848
35689.46189111848
35689.46189111848
35689.46189111848
35689.46189111848
35689.46189111848
35689.46189111848
35689.46189111848
35689.46189111848
35689.46189111848
35689.46189111848
35689.46189111848
35689.46189111848
35689.46189111848
35689.46189111848
35689.46189111848
35689.46189111848
35689.46189111848
35689.46189111848
35689.46189111848
35689.46189111848
35689.46189111848
35689.46189111848
35689.46189111848
35689.46189111848
35689.46189111848
35689.46189111848
35689.46189111848
35689.46189111848
35689.46189111848
35689.46189111848
35689.46189111848
35689.46189111848
35689.46189111848
35689.46189111848
35689.46189111848
35689.46189111848
35689.46189111848
35689.46189111848
35689.46189111848
35689.46189111848
35689.46189111848
35689.46189111848
35689.46189111848
35689.46189111848
35689.46189111848
35689.46189111848
35689.46189111848
35689.46189111848
35689.46189111848
35689.46189111848
35689.46189111848
35689.46189111848
35689.46189111848
35689.46189111848
35689.46189111848
35689.46189111848
35689.46189111848
35689.46189111848
35689.46189111848
35689.46189111848
35689.46189111848
35689.46189111848
35689.46189111848
35689.46189111848
35689.46189111848
35689.46189111848
35689.46189111848
35689.46189111848
35689.46189111848
35689.46189111848
35689.46189111848
35689.46189111848
35689.46189111848
35689.46189111848
35689.46189111848
35689.46189111848
35689.46189111848
35689.46189111848
35689.46189111848
35689.46189111848
35689.46189111848
35689.46189111848
35689.46189111848
35689.46189111848
35689.46189111848
35689.46189111848
35689.46189111848
35689.46189111848
35689.46189111848
35689.46189111848
35689.46189111848
35689.46189111848
35689.46189111848
35689.46189111848
35689.46189111848
35689.46189111848
35689.46189111848
35689.46189111848
35689.46189111848
35689.46189111848
35689.46189111848
35689.46189111848
35689.46189111848
35689.46189111848
35689.46189111848
35689.46189111848
35689.46189111848
35689.46189111848
35689.46189111848
35689.46189111848
35689.46189111848
35689.46189111848
35689.46189111848
35689.46189111848
35689.46189111848
35689.46189111848
35689.46189111848
35643.09566909611
35643.09566909611
35643.09566909611
35643.09566909611
35643.09566909611
35643.09566909611
35643.09566909611
35643.09566909611
35027.80346352977
35027.80346352977
35027.80346352977
35027.80346352977
35027.80346352977
35027.80346352977
35027.80346352977
35027.80346352977
35027.80346352977
35027.80346352977
35027.80346352977
35027.80346352977
35027.80346352977
35027.80346352977
35027.80346352977
35027.80346352977
35027.80346352977
35027.80346352977
35027.80346352977
35027.80346352977
35027.80346352977
35027.80346352977
35027.80346352977
35027.80346352977
35027.80346352977
35027.80346352977
35027.80346352977
35027.80346352977
35027.80346352977
35027.80346352977
35027.80346352977
35027.80346352977
35027.80346352977
35027.80346352977
35027.80346352977
35027.80346352977
35027.80346352977
35027.80346352977
35027.80346352977
35027.80346352977
35027.80346352977
35027.80346352977
35027.80346352977
35027.80346352977
35027.80346352977
35027.80346352977
35027.80346352977
35027.80346352977
35027.80346352977
35027.80346352977
35027.80346352977
35027.80346352977
35027.80346352977
35027.80346352977
35027.80346352977
35027.80346352977
35027.80346352977
35027.80346352977
35027.80346352977
35027.80346352977
35027.80346352977
35027.80346352977
35027.80346352977
35027.80346352977
35027.80346352977
35027.80346352977
35027.80346352977
35027.80346352977
35027.80346352977
35027.80346352977
35027.80346352977
35027.80346352977
35027.80346352977
35027.80346352977
35027.80346352977
35027.80346352977
35027.80346352977
35027.80346352977
35027.80346352977
35027.80346352977
35027.80346352977
35027.80346352977
35027.80346352977
35027.80346352977
35027.80346352977
35027.80346352977
35027.80346352977
35027.80346352977
35027.80346352977
35027.80346352977
35027.80346352977
35027.80346352977
35027.80346352977
35027.80346352977
35027.80346352977
35027.80346352977
35027.80346352977
35027.80346352977
35027.80346352977
35027.80346352977
35027.80346352977
35027.80346352977
35027.80346352977
35027.80346352977
35027.80346352977
35027.80346352977
35027.80346352977
35027.80346352977
35027.80346352977
35027.80346352977
35027.80346352977
35027.80346352977
35027.80346352977
35027.80346352977
35027.80346352977
35027.80346352977
35027.80346352977
35027.80346352977
35027.80346352977
35027.80346352977
35027.80346352977
35027.80346352977
35027.80346352977
35027.80346352977
35027.80346352977
35027.80346352977
35027.80346352977
35027.80346352977
35027.80346352977
35027.80346352977
35027.80346352977
35027.80346352977
35027.80346352977
35027.80346352977
35027.80346352977
35027.80346352977
35027.80346352977
35027.80346352977
35027.80346352977
35027.80346352977
35027.80346352977
35027.80346352977
35027.80346352977
35027.80346352977
35027.80346352977
35027.80346352977
35027.80346352977
35027.80346352977
35027.80346352977
35027.80346352977
35027.80346352977
35027.80346352977
35027.80346352977
35027.80346352977
35027.80346352977
35027.80346352977
35027.80346352977
35027.80346352977
35027.80346352977
35027.80346352977
35027.80346352977
35027.80346352977
35027.80346352977
35027.80346352977
35027.80346352977
35027.80346352977
35027.80346352977
35027.80346352977
35027.80346352977
35027.80346352977
35027.80346352977
35027.80346352977
35027.80346352977
35027.80346352977
35027.80346352977
35027.80346352977
35027.80346352977
35027.80346352977
35027.80346352977
35027.80346352977
35027.80346352977
35027.80346352977
35027.80346352977
35027.80346352977
35027.80346352977
35027.80346352977
35027.80346352977
35027.80346352977
35027.80346352977
35027.80346352977
35027.80346352977
35027.80346352977
35027.80346352977
35027.80346352977
35027.80346352977
35027.80346352977
35027.80346352977
35027.80346352977
35027.80346352977
35027.80346352977
35027.80346352977
35027.80346352977
35027.80346352977
35027.80346352977
35027.80346352977
35027.80346352977
35027.80346352977
35027.80346352977
35027.80346352977
35027.80346352977
35027.80346352977
35027.80346352977
35027.80346352977
35027.80346352977
35027.80346352977
35027.80346352977
35027.80346352977
35027.80346352977
35027.80346352977
35027.80346352977
35027.80346352977
35027.80346352977
35027.80346352977
35013.62052446147
35013.62052446147
35013.62052446147
35013.62052446147
35013.62052446147
35013.62052446147
35013.62052446147
35013.62052446147
35013.62052446147
35013.62052446147
35013.62052446147
35013.62052446147
35013.62052446147
35013.62052446147
35013.62052446147
35013.62052446147
35013.62052446147
35013.62052446147
35013.62052446147
35013.62052446147
35013.62052446147
35013.62052446147
35013.62052446147
35013.62052446147
35013.62052446147
35013.62052446147
35013.62052446147
35013.62052446147
35013.62052446147
35013.62052446147
35013.62052446147
35013.62052446147
35013.62052446147
35013.62052446147
35013.62052446147
35013.62052446147
35013.62052446147
35013.62052446147
35013.62052446147
35013.62052446147
35013.62052446147
35013.62052446147
35013.62052446147
35013.62052446147
35013.62052446147
35013.62052446147
35013.62052446147
35013.62052446147
35013.62052446147
35013.62052446147
35013.62052446147
35013.62052446147
35013.62052446147
35013.62052446147
34941.580046058276
34941.580046058276
34941.580046058276
34941.580046058276
34941.580046058276
34941.580046058276
34941.580046058276
34941.580046058276
34941.580046058276
34941.580046058276
34941.580046058276
34941.580046058276
34584.00592529656
34584.00592529656
34584.00592529656
34584.00592529656
34584.00592529656
34584.00592529656
34584.00592529656
34584.00592529656
34584.00592529656
34584.00592529656
34584.00592529656
34584.00592529656
34584.00592529656
34584.00592529656
34584.00592529656
34584.00592529656
34584.00592529656
34584.00592529656
34584.00592529656
34584.00592529656
34584.00592529656
34584.00592529656
34584.00592529656
34584.00592529656
34584.00592529656
34584.00592529656
34584.00592529656
34584.00592529656
34584.00592529656
34584.00592529656
34584.00592529656
34584.00592529656
34584.00592529656
34584.00592529656
34584.00592529656
34584.00592529656
34584.00592529656
34584.00592529656
34584.00592529656
34584.00592529656
34584.00592529656
34584.00592529656
34584.00592529656
34584.00592529656
34584.00592529656
34584.00592529656
34584.00592529656
34584.00592529656
34584.00592529656
34584.00592529656
34584.00592529656
Time: 24.51020622253418 seconds 
Best solution: 34584.00592529656 [18, 9, 36, 27, 17, 34, 35, 13, 19, 25, 45, 49, 33, 32, 30, 22, 29, 103, 15, 11, 12, 20, 28, 31, 23, 24, 26, 104, 43, 40, 48, 64, 83, 91, 96, 102, 101, 98, 99, 93, 97, 92, 85, 79, 87, 90, 81, 80, 74, 69, 105, 53, 52, 47, 42, 38, 39, 14, 94, 95, 89, 46, 66, 5, 54, 62, 100, 41, 50, 56, 73, 88, 37, 4, 61, 60, 44, 77, 82, 71, 68, 67, 78, 84, 76, 75, 70, 65, 63, 58, 51, 55, 59, 86, 72, 57, 21, 10, 6, 2, 1, 7, 3, 8, 16]
Avg solution: 47523.01964902825