Alg:2, Run: 8, file: C:\Users\gabri\Documents\AN 3 SEM 2\AI\Lab\Lab3\\lin105.tsp, population number: 100, generations: 5000 
108624.54781771952
108624.54781771952
108624.54781771952
108624.54781771952
108571.69137777653
108571.69137777653
108293.052524183
103708.05838246223
103708.05838246223
103708.05838246223
103708.05838246223
103708.05838246223
103708.05838246223
103708.05838246223
103708.05838246223
98416.03759372997
98416.03759372997
98416.03759372997
98416.03759372997
98416.03759372997
98416.03759372997
98416.03759372997
98416.03759372997
98416.03759372997
98416.03759372997
96125.62167547684
96125.62167547684
94342.43950857669
94342.43950857669
94342.43950857669
94342.43950857669
94342.43950857669
94342.43950857669
94342.43950857669
94342.43950857669
94342.43950857669
94342.43950857669
94342.43950857669
94342.43950857669
94139.8444308934
94139.8444308934
94139.8444308934
94139.8444308934
94139.8444308934
94139.8444308934
93323.5958201783
93323.5958201783
93323.5958201783
93323.5958201783
93323.5958201783
93323.5958201783
93323.5958201783
91953.53705947989
91953.53705947989
91953.53705947989
91953.53705947989
91953.53705947989
91953.53705947989
91953.53705947989
91953.53705947989
91953.53705947989
90678.84387254622
90678.84387254622
90678.84387254622
90678.84387254622
90678.84387254622
90678.84387254622
90678.84387254622
90678.84387254622
89391.98623991225
89391.98623991225
87917.83670710826
87917.83670710826
87917.83670710826
87917.83670710826
87917.83670710826
87917.83670710826
87690.03384524443
87690.03384524443
87690.03384524443
87690.03384524443
85919.89586371709
85919.89586371709
85919.89586371709
85919.89586371709
85919.89586371709
85919.89586371709
85919.89586371709
85919.89586371709
85919.89586371709
83408.71556909214
83408.71556909214
82402.84681867686
82402.84681867686
82402.84681867686
82402.84681867686
82402.84681867686
82402.84681867686
82402.84681867686
82402.84681867686
82402.84681867686
82402.84681867686
82402.84681867686
81902.54559773648
81902.54559773648
81902.54559773648
78950.08421681088
77494.71966452297
77494.71966452297
77494.71966452297
77494.71966452297
77494.71966452297
77494.71966452297
77494.71966452297
77494.71966452297
77494.71966452297
77494.71966452297
77494.71966452297
77494.71966452297
77494.71966452297
77494.71966452297
77494.71966452297
77494.71966452297
77494.71966452297
77494.71966452297
77494.71966452297
77494.71966452297
77494.71966452297
77494.71966452297
77494.71966452297
77494.71966452297
77494.71966452297
77494.71966452297
77494.71966452297
77494.71966452297
77494.71966452297
77494.71966452297
77494.71966452297
77494.71966452297
77494.71966452297
77494.71966452297
77494.71966452297
77494.71966452297
77494.71966452297
77494.71966452297
77494.71966452297
77494.71966452297
77494.71966452297
77494.71966452297
77494.71966452297
77494.71966452297
77494.71966452297
77494.71966452297
77494.71966452297
77494.71966452297
77494.71966452297
77494.71966452297
77494.71966452297
77494.71966452297
77494.71966452297
77494.71966452297
77381.53314400977
77381.53314400977
77381.53314400977
77381.53314400977
77381.53314400977
77381.53314400977
77381.53314400977
77381.53314400977
74428.76962654802
74428.76962654802
74428.76962654802
74428.76962654802
74428.76962654802
74428.76962654802
74428.76962654802
74428.76962654802
74428.76962654802
74428.76962654802
74428.76962654802
74428.76962654802
74428.76962654802
74428.76962654802
74428.76962654802
74428.76962654802
74428.76962654802
74428.76962654802
74428.76962654802
74428.76962654802
74428.76962654802
74428.76962654802
74428.76962654802
74428.76962654802
74428.76962654802
74428.76962654802
74428.76962654802
74428.76962654802
74428.76962654802
74428.76962654802
74428.76962654802
74428.76962654802
74428.76962654802
74428.76962654802
74428.76962654802
74428.76962654802
74428.76962654802
74428.76962654802
74428.76962654802
74428.76962654802
74428.76962654802
74428.76962654802
74428.76962654802
74428.76962654802
74428.76962654802
74428.76962654802
74428.76962654802
74428.76962654802
74428.76962654802
74428.76962654802
74428.76962654802
74428.76962654802
74428.76962654802
74428.76962654802
74428.76962654802
74428.76962654802
74428.76962654802
74428.76962654802
74428.76962654802
74428.76962654802
74428.76962654802
74034.70464684078
74034.70464684078
74034.70464684078
74034.70464684078
74034.70464684078
74034.70464684078
74034.70464684078
74034.70464684078
74034.70464684078
74034.70464684078
73753.3865656146
73753.3865656146
71822.47194403083
71822.47194403083
71822.47194403083
71822.47194403083
71822.47194403083
71822.47194403083
71822.47194403083
71822.47194403083
71822.47194403083
71822.47194403083
71822.47194403083
71822.47194403083
71822.47194403083
71822.47194403083
71822.47194403083
71822.47194403083
71822.47194403083
71822.47194403083
71822.47194403083
71822.47194403083
71822.47194403083
71822.47194403083
71822.47194403083
71822.47194403083
71822.47194403083
71822.47194403083
71822.47194403083
71822.47194403083
71822.47194403083
71822.47194403083
71822.47194403083
71822.47194403083
71822.47194403083
71822.47194403083
71822.47194403083
71822.47194403083
71822.47194403083
71822.47194403083
71822.47194403083
71822.47194403083
71822.47194403083
71822.47194403083
71822.47194403083
71822.47194403083
71822.47194403083
71822.47194403083
71822.47194403083
71822.47194403083
71822.47194403083
71822.47194403083
71822.47194403083
71822.47194403083
71822.47194403083
71822.47194403083
71822.47194403083
71822.47194403083
71822.47194403083
71822.47194403083
71822.47194403083
71822.47194403083
71822.47194403083
71822.47194403083
71822.47194403083
71822.47194403083
71822.47194403083
71822.47194403083
71822.47194403083
71822.47194403083
71822.47194403083
71822.47194403083
71822.47194403083
71822.47194403083
71822.47194403083
71822.47194403083
71822.47194403083
71822.47194403083
71822.47194403083
71822.47194403083
71822.47194403083
71822.47194403083
71822.47194403083
71822.47194403083
71745.49364098161
71745.49364098161
71745.49364098161
71745.49364098161
71745.49364098161
71745.49364098161
71745.49364098161
71745.49364098161
71745.49364098161
71074.34495024304
71074.34495024304
71074.34495024304
71074.34495024304
71074.34495024304
71074.34495024304
71074.34495024304
71074.34495024304
71074.34495024304
71074.34495024304
71074.34495024304
71074.34495024304
71074.34495024304
71074.34495024304
71074.34495024304
71074.34495024304
71074.34495024304
71074.34495024304
71074.34495024304
71074.34495024304
71074.34495024304
71074.34495024304
71074.34495024304
71074.34495024304
71074.34495024304
71074.34495024304
71074.34495024304
71074.34495024304
71074.34495024304
71074.34495024304
71074.34495024304
71074.34495024304
71074.34495024304
70356.67583879219
70356.67583879219
70356.67583879219
70356.67583879219
70356.67583879219
70356.67583879219
70356.67583879219
70356.67583879219
70356.67583879219
70356.67583879219
70356.67583879219
70356.67583879219
70356.67583879219
70356.67583879219
70356.67583879219
70356.67583879219
70356.67583879219
70356.67583879219
70356.67583879219
70356.67583879219
70356.67583879219
70356.67583879219
70356.67583879219
70356.67583879219
70356.67583879219
70356.67583879219
70356.67583879219
70356.67583879219
70356.67583879219
70356.67583879219
70356.67583879219
70356.67583879219
70356.67583879219
70356.67583879219
69943.21533855435
69943.21533855435
69943.21533855435
69943.21533855435
69943.21533855435
69943.21533855435
69943.21533855435
69943.21533855435
69943.21533855435
69943.21533855435
69943.21533855435
69943.21533855435
69943.21533855435
69943.21533855435
69943.21533855435
69943.21533855435
69943.21533855435
69943.21533855435
69943.21533855435
69943.21533855435
69943.21533855435
69943.21533855435
69943.21533855435
69943.21533855435
69943.21533855435
69943.21533855435
69943.21533855435
69943.21533855435
69943.21533855435
69943.21533855435
69943.21533855435
69943.21533855435
69943.21533855435
69943.21533855435
69943.21533855435
69943.21533855435
69943.21533855435
69943.21533855435
69943.21533855435
69943.21533855435
68583.29016542493
68583.29016542493
68583.29016542493
68583.29016542493
68583.29016542493
68583.29016542493
68583.29016542493
68583.29016542493
68583.29016542493
68583.29016542493
68583.29016542493
68167.61919318979
68167.61919318979
68167.61919318979
68167.61919318979
68167.61919318979
68167.61919318979
68167.61919318979
68167.61919318979
68167.61919318979
68167.61919318979
68167.61919318979
68167.61919318979
68167.61919318979
68167.61919318979
68167.61919318979
68167.61919318979
68167.61919318979
68167.61919318979
68167.61919318979
68167.61919318979
68167.61919318979
68167.61919318979
68167.61919318979
68167.61919318979
68167.61919318979
68167.61919318979
68167.61919318979
68167.61919318979
68167.61919318979
68167.61919318979
68167.61919318979
68167.61919318979
68167.61919318979
68167.61919318979
68167.61919318979
68167.61919318979
68167.61919318979
68167.61919318979
68167.61919318979
68167.61919318979
68167.61919318979
68167.61919318979
68167.61919318979
68167.61919318979
68167.61919318979
68167.61919318979
68167.61919318979
68167.61919318979
68167.61919318979
68167.61919318979
68167.61919318979
68167.61919318979
68167.61919318979
68167.61919318979
68167.61919318979
68167.61919318979
68167.61919318979
68167.61919318979
68167.61919318979
68167.61919318979
68167.61919318979
68167.61919318979
68167.61919318979
64070.20859309772
64070.20859309772
64070.20859309772
64070.20859309772
64070.20859309772
64070.20859309772
64070.20859309772
64070.20859309772
64070.20859309772
64070.20859309772
64070.20859309772
64070.20859309772
64070.20859309772
64070.20859309772
64070.20859309772
64070.20859309772
64070.20859309772
64070.20859309772
64070.20859309772
64070.20859309772
64070.20859309772
64070.20859309772
64070.20859309772
64070.20859309772
64070.20859309772
64070.20859309772
64070.20859309772
64070.20859309772
64070.20859309772
64070.20859309772
64070.20859309772
64070.20859309772
64070.20859309772
64070.20859309772
64070.20859309772
64070.20859309772
64070.20859309772
64070.20859309772
64070.20859309772
64070.20859309772
64070.20859309772
64070.20859309772
64070.20859309772
64070.20859309772
64070.20859309772
64070.20859309772
64070.20859309772
64070.20859309772
64070.20859309772
64070.20859309772
64070.20859309772
64070.20859309772
64070.20859309772
64070.20859309772
64070.20859309772
64070.20859309772
64070.20859309772
64070.20859309772
64070.20859309772
64070.20859309772
64070.20859309772
64070.20859309772
64070.20859309772
63793.27783334643
63793.27783334643
63793.27783334643
63793.27783334643
60372.15437612362
60372.15437612362
60372.15437612362
60372.15437612362
60372.15437612362
60372.15437612362
60372.15437612362
60372.15437612362
60372.15437612362
60372.15437612362
60372.15437612362
60372.15437612362
60372.15437612362
60372.15437612362
60372.15437612362
60372.15437612362
60372.15437612362
60372.15437612362
60372.15437612362
60372.15437612362
60372.15437612362
60372.15437612362
60372.15437612362
60372.15437612362
60372.15437612362
60372.15437612362
60372.15437612362
60372.15437612362
60372.15437612362
60372.15437612362
60372.15437612362
60372.15437612362
60372.15437612362
60372.15437612362
60372.15437612362
60372.15437612362
60372.15437612362
60372.15437612362
60372.15437612362
60372.15437612362
60372.15437612362
60372.15437612362
60372.15437612362
60372.15437612362
60372.15437612362
60372.15437612362
60372.15437612362
60372.15437612362
60372.15437612362
60372.15437612362
60372.15437612362
60372.15437612362
60372.15437612362
60372.15437612362
60372.15437612362
60372.15437612362
60372.15437612362
60372.15437612362
60372.15437612362
60372.15437612362
60372.15437612362
60372.15437612362
60372.15437612362
60372.15437612362
60372.15437612362
60372.15437612362
60372.15437612362
60372.15437612362
60372.15437612362
60372.15437612362
60372.15437612362
60372.15437612362
60372.15437612362
60372.15437612362
60372.15437612362
60372.15437612362
60372.15437612362
60372.15437612362
60372.15437612362
60372.15437612362
60372.15437612362
60372.15437612362
60372.15437612362
60372.15437612362
60372.15437612362
60372.15437612362
60372.15437612362
60372.15437612362
60372.15437612362
60372.15437612362
60372.15437612362
60372.15437612362
60372.15437612362
60372.15437612362
60372.15437612362
60372.15437612362
60372.15437612362
60372.15437612362
60372.15437612362
60372.15437612362
60372.15437612362
60372.15437612362
60372.15437612362
60372.15437612362
60372.15437612362
60372.15437612362
60372.15437612362
60372.15437612362
60372.15437612362
60372.15437612362
60372.15437612362
60372.15437612362
60372.15437612362
60372.15437612362
60372.15437612362
60372.15437612362
60372.15437612362
60372.15437612362
60372.15437612362
60372.15437612362
60372.15437612362
60372.15437612362
60372.15437612362
60372.15437612362
60372.15437612362
60372.15437612362
60372.15437612362
60372.15437612362
60372.15437612362
60372.15437612362
60372.15437612362
60372.15437612362
60372.15437612362
60372.15437612362
60372.15437612362
60372.15437612362
60372.15437612362
60372.15437612362
60372.15437612362
60372.15437612362
60372.15437612362
60372.15437612362
60372.15437612362
60372.15437612362
60372.15437612362
60372.15437612362
60372.15437612362
60372.15437612362
60372.15437612362
60372.15437612362
60372.15437612362
60372.15437612362
60372.15437612362
60372.15437612362
60372.15437612362
60372.15437612362
60372.15437612362
60372.15437612362
60372.15437612362
60372.15437612362
60372.15437612362
60372.15437612362
60372.15437612362
60372.15437612362
60372.15437612362
60372.15437612362
60372.15437612362
60372.15437612362
60372.15437612362
60372.15437612362
60372.15437612362
60372.15437612362
60372.15437612362
60372.15437612362
60372.15437612362
60372.15437612362
60372.15437612362
60372.15437612362
60372.15437612362
60372.15437612362
60372.15437612362
60372.15437612362
60372.15437612362
60372.15437612362
60372.15437612362
60372.15437612362
60372.15437612362
60372.15437612362
60372.15437612362
60372.15437612362
60372.15437612362
60372.15437612362
60372.15437612362
60372.15437612362
60372.15437612362
60372.15437612362
60372.15437612362
60372.15437612362
60372.15437612362
60372.15437612362
60372.15437612362
60372.15437612362
60372.15437612362
60372.15437612362
60372.15437612362
60372.15437612362
60372.15437612362
60372.15437612362
60372.15437612362
60372.15437612362
60372.15437612362
60372.15437612362
60372.15437612362
60372.15437612362
60372.15437612362
60372.15437612362
60372.15437612362
60372.15437612362
60372.15437612362
60372.15437612362
60372.15437612362
60372.15437612362
60372.15437612362
60372.15437612362
60372.15437612362
60372.15437612362
60372.15437612362
60372.15437612362
60372.15437612362
60372.15437612362
60372.15437612362
60302.515022038795
60302.515022038795
60302.515022038795
60302.515022038795
60302.515022038795
60302.515022038795
60302.515022038795
60302.515022038795
60302.515022038795
60302.515022038795
60302.515022038795
60302.515022038795
60302.515022038795
60302.515022038795
60302.515022038795
60302.515022038795
60302.515022038795
60302.515022038795
60302.515022038795
60302.515022038795
60302.515022038795
60302.515022038795
60302.515022038795
60097.6520454535
60097.6520454535
60097.6520454535
60097.6520454535
60097.6520454535
60097.6520454535
60097.6520454535
60097.6520454535
60097.6520454535
60097.6520454535
60097.6520454535
60097.6520454535
60097.6520454535
60097.6520454535
60097.6520454535
60097.6520454535
60097.6520454535
60097.6520454535
60097.6520454535
60097.6520454535
60097.6520454535
60097.6520454535
60097.6520454535
60097.6520454535
59944.143629805505
59944.143629805505
59944.143629805505
59944.143629805505
59944.143629805505
59944.143629805505
59944.143629805505
59294.5715844007
59294.5715844007
59294.5715844007
59294.5715844007
59294.5715844007
59294.5715844007
59294.5715844007
59294.5715844007
59294.5715844007
59294.5715844007
59294.5715844007
59294.5715844007
59294.5715844007
59294.5715844007
59294.5715844007
59294.5715844007
59294.5715844007
59294.5715844007
59294.5715844007
59294.5715844007
59294.5715844007
59294.5715844007
59294.5715844007
59294.5715844007
59294.5715844007
59294.5715844007
59294.5715844007
59294.5715844007
59294.5715844007
59294.5715844007
59294.5715844007
59294.5715844007
59294.5715844007
59294.5715844007
59294.5715844007
59294.5715844007
59294.5715844007
59294.5715844007
59294.5715844007
59294.5715844007
59294.5715844007
59294.5715844007
59294.5715844007
59294.5715844007
59294.5715844007
59294.5715844007
59294.5715844007
59294.5715844007
59294.5715844007
59294.5715844007
59294.5715844007
59294.5715844007
59294.5715844007
59294.5715844007
59294.5715844007
59294.5715844007
59294.5715844007
59294.5715844007
59294.5715844007
59294.5715844007
59294.5715844007
59294.5715844007
59294.5715844007
59294.5715844007
59294.5715844007
59294.5715844007
59294.5715844007
59294.5715844007
59294.5715844007
59294.5715844007
59294.5715844007
59294.5715844007
58076.99269985724
58076.99269985724
58076.99269985724
58076.99269985724
58076.99269985724
58076.99269985724
58076.99269985724
58076.99269985724
58076.99269985724
58076.99269985724
58076.99269985724
58076.99269985724
58076.99269985724
58076.99269985724
58076.99269985724
58076.99269985724
58076.99269985724
58076.99269985724
58076.99269985724
58076.99269985724
58076.99269985724
58076.99269985724
58076.99269985724
58076.99269985724
58076.99269985724
58076.99269985724
58076.99269985724
58076.99269985724
58076.99269985724
58076.99269985724
58076.99269985724
58076.99269985724
58076.99269985724
58076.99269985724
58076.99269985724
58076.99269985724
58076.99269985724
58076.99269985724
58076.99269985724
58076.99269985724
58076.99269985724
58076.99269985724
58076.99269985724
58076.99269985724
58076.99269985724
58076.99269985724
58076.99269985724
58076.99269985724
58076.99269985724
58076.99269985724
58076.99269985724
58076.99269985724
58076.99269985724
58076.99269985724
58076.99269985724
58076.99269985724
58076.99269985724
58076.99269985724
58076.99269985724
58076.99269985724
58076.99269985724
58076.99269985724
58076.99269985724
58076.99269985724
58076.99269985724
58076.99269985724
58076.99269985724
58076.99269985724
58076.99269985724
58076.99269985724
58076.99269985724
58076.99269985724
58076.99269985724
58076.99269985724
58076.99269985724
58076.99269985724
58076.99269985724
58076.99269985724
58076.99269985724
58076.99269985724
58076.99269985724
58076.99269985724
58076.99269985724
58076.99269985724
58076.99269985724
58076.99269985724
58076.99269985724
58076.99269985724
58076.99269985724
58076.99269985724
58076.99269985724
58076.99269985724
58076.99269985724
58076.99269985724
58076.99269985724
58076.99269985724
58076.99269985724
58076.99269985724
58076.99269985724
58076.99269985724
58076.99269985724
58076.99269985724
58076.99269985724
58076.99269985724
58076.99269985724
58076.99269985724
58076.99269985724
58076.99269985724
58076.99269985724
58076.99269985724
58076.99269985724
58076.99269985724
58076.99269985724
58076.99269985724
58076.99269985724
58076.99269985724
58076.99269985724
58076.99269985724
58076.99269985724
58076.99269985724
58076.99269985724
58076.99269985724
58076.99269985724
58076.99269985724
58076.99269985724
58076.99269985724
58076.99269985724
58076.99269985724
58076.99269985724
58076.99269985724
58076.99269985724
58076.99269985724
58076.99269985724
58076.99269985724
58076.99269985724
58076.99269985724
58076.99269985724
58076.99269985724
58076.99269985724
58076.99269985724
58076.99269985724
58076.99269985724
58076.99269985724
58076.99269985724
58076.99269985724
58076.99269985724
58076.99269985724
58076.99269985724
58076.99269985724
58076.99269985724
57568.21554443018
57568.21554443018
57568.21554443018
57568.21554443018
57568.21554443018
57568.21554443018
57568.21554443018
57568.21554443018
57568.21554443018
57568.21554443018
57568.21554443018
57568.21554443018
57568.21554443018
57568.21554443018
57568.21554443018
57568.21554443018
57568.21554443018
57568.21554443018
57568.21554443018
57568.21554443018
57568.21554443018
57368.01815364711
57368.01815364711
57368.01815364711
57368.01815364711
57368.01815364711
57368.01815364711
57368.01815364711
57368.01815364711
57368.01815364711
57368.01815364711
57368.01815364711
57368.01815364711
57368.01815364711
57368.01815364711
57368.01815364711
57368.01815364711
57368.01815364711
57368.01815364711
57368.01815364711
57368.01815364711
57368.01815364711
57368.01815364711
57368.01815364711
57368.01815364711
57368.01815364711
57368.01815364711
57368.01815364711
57368.01815364711
57368.01815364711
57368.01815364711
57368.01815364711
57368.01815364711
57368.01815364711
57368.01815364711
57368.01815364711
57368.01815364711
56845.59336876072
56845.59336876072
56845.59336876072
56845.59336876072
56845.59336876072
56845.59336876072
56845.59336876072
56845.59336876072
56845.59336876072
56845.59336876072
56845.59336876072
56845.59336876072
56845.59336876072
56845.59336876072
56845.59336876072
56845.59336876072
56845.59336876072
56845.59336876072
56845.59336876072
56845.59336876072
56845.59336876072
56845.59336876072
56845.59336876072
56845.59336876072
56845.59336876072
56845.59336876072
56845.59336876072
56845.59336876072
56845.59336876072
56845.59336876072
56845.59336876072
56845.59336876072
56845.59336876072
56845.59336876072
56845.59336876072
56845.59336876072
56845.59336876072
56828.96942356394
56828.96942356394
56828.96942356394
56828.96942356394
56828.96942356394
56828.96942356394
56828.96942356394
56828.96942356394
56828.96942356394
56828.96942356394
56828.96942356394
56828.96942356394
56828.96942356394
56828.96942356394
56828.96942356394
56828.96942356394
56828.96942356394
56828.96942356394
56828.96942356394
56828.96942356394
56828.96942356394
56828.96942356394
56287.235962878956
56287.235962878956
56287.235962878956
56287.235962878956
56287.235962878956
56287.235962878956
56287.235962878956
56287.235962878956
56287.235962878956
56287.235962878956
56287.235962878956
56287.235962878956
56287.235962878956
56287.235962878956
56287.235962878956
56287.235962878956
56287.235962878956
56215.120261455326
56215.120261455326
56215.120261455326
56215.120261455326
56215.120261455326
56215.120261455326
56215.120261455326
56215.120261455326
56215.120261455326
56215.120261455326
56215.120261455326
56215.120261455326
56215.120261455326
56215.120261455326
56215.120261455326
56215.120261455326
56215.120261455326
56003.476005444485
54660.46440562086
54660.46440562086
54660.46440562086
54660.46440562086
54660.46440562086
54660.46440562086
54660.46440562086
54660.46440562086
54660.46440562086
54660.46440562086
54660.46440562086
54660.46440562086
54660.46440562086
54660.46440562086
54660.46440562086
54660.46440562086
54660.46440562086
54660.46440562086
54660.46440562086
54660.46440562086
54660.46440562086
54660.46440562086
54660.46440562086
54660.46440562086
54660.46440562086
54660.46440562086
54660.46440562086
54660.46440562086
54660.46440562086
54660.46440562086
54660.46440562086
54660.46440562086
54660.46440562086
54660.46440562086
54660.46440562086
54660.46440562086
54660.46440562086
54660.46440562086
54660.46440562086
54660.46440562086
54660.46440562086
54660.46440562086
54660.46440562086
54660.46440562086
54660.46440562086
54660.46440562086
54660.46440562086
54660.46440562086
54660.46440562086
54660.46440562086
54660.46440562086
54660.46440562086
54660.46440562086
54660.46440562086
54660.46440562086
54660.46440562086
54660.46440562086
54660.46440562086
54660.46440562086
54660.46440562086
54660.46440562086
54660.46440562086
54660.46440562086
54660.46440562086
54660.46440562086
54660.46440562086
54660.46440562086
54660.46440562086
54660.46440562086
54660.46440562086
54660.46440562086
54660.46440562086
54660.46440562086
54660.46440562086
54660.46440562086
54660.46440562086
54660.46440562086
54660.46440562086
54660.46440562086
54660.46440562086
54660.46440562086
54660.46440562086
54660.46440562086
54660.46440562086
54660.46440562086
54660.46440562086
54660.46440562086
54660.46440562086
54660.46440562086
54660.46440562086
54660.46440562086
54660.46440562086
54660.46440562086
54660.46440562086
54660.46440562086
54660.46440562086
54660.46440562086
54660.46440562086
54660.46440562086
54660.46440562086
54660.46440562086
54660.46440562086
54660.46440562086
54660.46440562086
54660.46440562086
54660.46440562086
54660.46440562086
54660.46440562086
54660.46440562086
54660.46440562086
54660.46440562086
54660.46440562086
54660.46440562086
54660.46440562086
54660.46440562086
54660.46440562086
54660.46440562086
54660.46440562086
54660.46440562086
54660.46440562086
54660.46440562086
54660.46440562086
54660.46440562086
54660.46440562086
54660.46440562086
54660.46440562086
54660.46440562086
54660.46440562086
54660.46440562086
54660.46440562086
54660.46440562086
54660.46440562086
54660.46440562086
54660.46440562086
54660.46440562086
54660.46440562086
54660.46440562086
54660.46440562086
54660.46440562086
54660.46440562086
54660.46440562086
54660.46440562086
54660.46440562086
54660.46440562086
54660.46440562086
54660.46440562086
54660.46440562086
54660.46440562086
54660.46440562086
54660.46440562086
54660.46440562086
54660.46440562086
54660.46440562086
54660.46440562086
54660.46440562086
54660.46440562086
54660.46440562086
54660.46440562086
54660.46440562086
54660.46440562086
54660.46440562086
54660.46440562086
54660.46440562086
54660.46440562086
54660.46440562086
54660.46440562086
54660.46440562086
54660.46440562086
54660.46440562086
54660.46440562086
54660.46440562086
54660.46440562086
54660.46440562086
54660.46440562086
54660.46440562086
54660.46440562086
54660.46440562086
54660.46440562086
54660.46440562086
54660.46440562086
54236.59234748454
54236.59234748454
54236.59234748454
54236.59234748454
54236.59234748454
52830.45013334876
52830.45013334876
52830.45013334876
52830.45013334876
52830.45013334876
52830.45013334876
52830.45013334876
52830.45013334876
52830.45013334876
52830.45013334876
52830.45013334876
52830.45013334876
52830.45013334876
52830.45013334876
52830.45013334876
52830.45013334876
52830.45013334876
52830.45013334876
52830.45013334876
52830.45013334876
52830.45013334876
52830.45013334876
52830.45013334876
52830.45013334876
52830.45013334876
52830.45013334876
52830.45013334876
52830.45013334876
52830.45013334876
52830.45013334876
52830.45013334876
52830.45013334876
52830.45013334876
52830.45013334876
52830.45013334876
52830.45013334876
52830.45013334876
52830.45013334876
52830.45013334876
52830.45013334876
52830.45013334876
52830.45013334876
52830.45013334876
52830.45013334876
52830.45013334876
52830.45013334876
52830.45013334876
52830.45013334876
52830.45013334876
52830.45013334876
52830.45013334876
52830.45013334876
52830.45013334876
52830.45013334876
52830.45013334876
52830.45013334876
52830.45013334876
52830.45013334876
52830.45013334876
52830.45013334876
52830.45013334876
52830.45013334876
52830.45013334876
52830.45013334876
52830.45013334876
52830.45013334876
52830.45013334876
52830.45013334876
52830.45013334876
52830.45013334876
52830.45013334876
52830.45013334876
52830.45013334876
52830.45013334876
52830.45013334876
52830.45013334876
52830.45013334876
52830.45013334876
52830.45013334876
52830.45013334876
52830.45013334876
52830.45013334876
52830.45013334876
52830.45013334876
52830.45013334876
52830.45013334876
52830.45013334876
52830.45013334876
52830.45013334876
52830.45013334876
52830.45013334876
52830.45013334876
52830.45013334876
52830.45013334876
52830.45013334876
52830.45013334876
52830.45013334876
52830.45013334876
52830.45013334876
52830.45013334876
52830.45013334876
52830.45013334876
52830.45013334876
52830.45013334876
52830.45013334876
52830.45013334876
52830.45013334876
52830.45013334876
52830.45013334876
52830.45013334876
52830.45013334876
52830.45013334876
52830.45013334876
52830.45013334876
52830.45013334874
52830.45013334874
52830.45013334874
52330.829466576535
52330.829466576535
52330.829466576535
52330.829466576535
52330.829466576535
52330.829466576535
52330.829466576535
52261.3653617565
52261.3653617565
52261.3653617565
52261.3653617565
52261.3653617565
52261.3653617565
52261.3653617565
52261.3653617565
52261.3653617565
52261.3653617565
52261.3653617565
52261.3653617565
52261.3653617565
52261.3653617565
52261.3653617565
52261.3653617565
51960.55922483818
51960.55922483818
51960.55922483818
51960.55922483818
51960.55922483818
51960.55922483818
51960.55922483818
51960.55922483818
51960.55922483818
51960.55922483818
51960.55922483818
51960.55922483818
51487.68946981187
51487.68946981187
51487.68946981187
51487.68946981187
51487.68946981187
51487.68946981187
51487.68946981187
51487.68946981187
51487.68946981187
51487.68946981187
51487.68946981187
51487.68946981187
51487.68946981187
51487.68946981187
51487.68946981187
51487.68946981187
51487.68946981187
51487.68946981187
51487.68946981187
51487.68946981187
51487.68946981187
51487.68946981187
51487.68946981187
51487.68946981187
51487.68946981187
51487.68946981187
51487.68946981187
51487.68946981187
51487.68946981187
51487.68946981187
51487.68946981187
51487.68946981187
51487.68946981187
51487.68946981187
51487.68946981187
51487.68946981187
51487.68946981187
51487.68946981187
51487.68946981187
51487.68946981187
51487.68946981187
51487.68946981187
51487.68946981187
51487.68946981187
51487.68946981187
51487.68946981187
51487.68946981187
51487.68946981187
51487.68946981187
51487.68946981187
51487.68946981187
51487.68946981187
51487.68946981187
51487.68946981187
51487.68946981187
51487.68946981187
51487.68946981187
51487.68946981187
51483.978668993455
51483.978668993455
51483.978668993455
51483.978668993455
51483.978668993455
51483.978668993455
51483.978668993455
51483.978668993455
51483.978668993455
51483.978668993455
51483.978668993455
51483.978668993455
51483.978668993455
51483.978668993455
51483.978668993455
51483.978668993455
51483.978668993455
51483.978668993455
51483.978668993455
51483.978668993455
51483.978668993455
51483.978668993455
51483.978668993455
51483.978668993455
51483.978668993455
51378.97602439697
51378.97602439697
51378.97602439697
51378.97602439697
51378.97602439697
51378.97602439697
51378.97602439697
51378.97602439697
51378.97602439697
51378.97602439697
51378.97602439697
51378.97602439697
51378.97602439697
51378.97602439697
51378.97602439697
51378.97602439697
51378.97602439697
51378.97602439697
51378.97602439697
51378.97602439697
51378.97602439697
51378.97602439697
51378.97602439697
51378.97602439697
51378.97602439697
51378.97602439697
51378.97602439697
51378.97602439697
51378.97602439697
51378.97602439697
51378.97602439697
51378.97602439697
51378.97602439697
51378.97602439697
51378.97602439697
51378.97602439697
51378.97602439697
51378.97602439697
51378.97602439697
51378.97602439697
51378.97602439697
51378.97602439697
51378.97602439697
51378.97602439697
51378.97602439697
51378.97602439697
51378.97602439697
51378.97602439697
51378.97602439697
51378.97602439697
51378.97602439697
51378.97602439697
51378.97602439697
51378.97602439697
51378.97602439697
51378.97602439697
51378.97602439697
51378.97602439697
51378.97602439697
51378.97602439697
51378.97602439697
51378.97602439697
51378.97602439697
51378.97602439697
51378.97602439697
51378.97602439697
51378.97602439697
51378.97602439697
51378.97602439697
50557.0293040486
50557.0293040486
50557.0293040486
50557.0293040486
50557.0293040486
50557.0293040486
50557.0293040486
50557.0293040486
50557.0293040486
50557.0293040486
50557.0293040486
50557.0293040486
50557.0293040486
50557.0293040486
50557.0293040486
50258.683466995666
50258.683466995666
50258.683466995666
50258.683466995666
50258.683466995666
50258.683466995666
50258.683466995666
50258.683466995666
50258.683466995666
50258.683466995666
50258.683466995666
50258.683466995666
50258.683466995666
50258.683466995666
50258.683466995666
50258.683466995666
50258.683466995666
50258.683466995666
50258.683466995666
50258.683466995666
50258.683466995666
50258.683466995666
50258.683466995666
50258.683466995666
50258.683466995666
50258.683466995666
50258.683466995666
50258.683466995666
50258.683466995666
50258.683466995666
50258.683466995666
50258.683466995666
49796.97291665165
49796.97291665165
49796.97291665165
49796.97291665165
49796.97291665165
49796.97291665165
49796.97291665165
49796.97291665165
49796.97291665165
49796.97291665165
49796.97291665165
49796.97291665165
49796.97291665165
49796.97291665165
49796.97291665165
49796.97291665165
49796.97291665165
49796.97291665165
49796.97291665165
49796.97291665165
49796.97291665165
49796.97291665165
49796.97291665165
49796.97291665165
49796.97291665165
49796.97291665165
49796.97291665165
49796.97291665165
49796.97291665165
49796.97291665165
49796.97291665165
49796.97291665165
49796.97291665165
49796.97291665165
49796.97291665165
49796.97291665165
49796.97291665165
49796.97291665165
49796.97291665165
49796.97291665165
49796.97291665165
49796.97291665165
49731.50803543046
49731.50803543046
49731.50803543046
49731.50803543046
49731.50803543046
49731.50803543046
49731.50803543046
49731.50803543046
49731.50803543046
49731.50803543046
49731.50803543046
49731.50803543046
49731.50803543046
49731.50803543046
49731.50803543046
49731.50803543046
49731.50803543046
49731.50803543046
49731.50803543046
49731.50803543046
49731.50803543046
49731.50803543046
49731.50803543046
49731.50803543046
49731.50803543046
49731.50803543046
49731.50803543046
49731.50803543046
49731.50803543046
49731.50803543046
49731.50803543046
49731.50803543046
49731.50803543046
49731.50803543046
49731.50803543046
49731.50803543046
49731.50803543046
49731.50803543046
49731.50803543046
49731.50803543046
49731.50803543046
49731.50803543046
49035.63999426814
49035.63999426814
49035.63999426814
49035.63999426814
49035.63999426814
49035.63999426814
49035.63999426814
49035.63999426814
49035.63999426814
49035.63999426814
49035.63999426814
49035.63999426814
49035.63999426814
49035.63999426814
49035.63999426814
49035.63999426814
49035.63999426814
49035.63999426814
49035.63999426814
49035.63999426814
49035.63999426814
49035.63999426814
49035.63999426814
49035.63999426814
49035.63999426814
49035.63999426814
49035.63999426814
49035.63999426814
49035.63999426814
49035.63999426814
49035.63999426814
49035.63999426814
49035.63999426814
49035.63999426814
49035.63999426814
49035.63999426814
49035.63999426814
49035.63999426814
49035.63999426814
49035.63999426814
49035.63999426814
49035.63999426814
49035.63999426814
49035.63999426814
49035.63999426814
49035.63999426814
49035.63999426814
48748.24071201497
48748.24071201497
48748.24071201497
48748.24071201497
48748.24071201497
48748.24071201497
48464.77984042693
48464.77984042693
48464.77984042693
48464.77984042693
48464.77984042693
48464.77984042693
48464.77984042693
48464.77984042693
48464.77984042693
48464.77984042693
48464.77984042693
48392.908571933534
48392.908571933534
48392.908571933534
48392.908571933534
48392.908571933534
48392.908571933534
48280.907280575106
48280.907280575106
48280.907280575106
48280.907280575106
48280.907280575106
48280.907280575106
48280.907280575106
48280.907280575106
48280.907280575106
48280.907280575106
48280.907280575106
48280.907280575106
48280.907280575106
48280.907280575106
48280.907280575106
48280.907280575106
48280.907280575106
48157.709739064594
48157.709739064594
48157.709739064594
48157.709739064594
48157.709739064594
48157.709739064594
48157.709739064594
48157.709739064594
48157.709739064594
48157.709739064594
48157.709739064594
48157.709739064594
48157.709739064594
48157.709739064594
48157.709739064594
48157.709739064594
48157.709739064594
48157.709739064594
48157.709739064594
48157.709739064594
48157.709739064594
48157.709739064594
47952.86448387986
47952.86448387986
47952.86448387986
47952.86448387986
47952.86448387986
47952.86448387986
47952.86448387986
47952.86448387986
47952.86448387986
47952.86448387986
47952.86448387986
47952.86448387986
47952.86448387986
47952.86448387986
47952.86448387986
47952.86448387986
47952.86448387986
47952.86448387986
47952.86448387986
47952.86448387986
47952.86448387986
47952.86448387986
47952.86448387986
47802.72501790426
47802.72501790426
47802.72501790426
47475.76762373773
47475.76762373773
47475.76762373773
47475.76762373773
47475.76762373773
47475.76762373773
47475.76762373773
47475.76762373773
47475.76762373773
47475.76762373773
47475.76762373773
47475.76762373773
47475.76762373773
47475.76762373773
47475.76762373773
47475.76762373773
47475.76762373773
47475.76762373773
47475.76762373773
47475.76762373773
47475.76762373773
47475.76762373773
47475.76762373773
47475.76762373773
47475.76762373773
46950.2851049094
46950.2851049094
46950.2851049094
46950.2851049094
46950.2851049094
46950.2851049094
46950.2851049094
46950.2851049094
46950.2851049094
46950.2851049094
46950.2851049094
46950.2851049094
46950.2851049094
46950.2851049094
46950.2851049094
46950.2851049094
46950.2851049094
46950.2851049094
46950.2851049094
46950.2851049094
46950.2851049094
46950.2851049094
46950.2851049094
46950.2851049094
46950.2851049094
46950.2851049094
46950.2851049094
46950.2851049094
46950.2851049094
46950.2851049094
46950.2851049094
46950.2851049094
46950.2851049094
46950.2851049094
46857.16601629998
46857.16601629998
46857.16601629998
46736.75155549176
46736.75155549176
46736.75155549176
46736.75155549176
46736.75155549176
46736.75155549176
46736.75155549176
46456.09251659385
46456.09251659385
46456.09251659385
46456.09251659385
46456.09251659385
46456.09251659385
46456.09251659385
46456.09251659385
46456.09251659385
46456.09251659385
46456.09251659385
46456.09251659385
46456.09251659385
46456.09251659385
46456.09251659385
46456.09251659385
46456.09251659385
46456.09251659385
46456.09251659385
46456.09251659385
46456.09251659385
46456.09251659385
46456.09251659385
46456.09251659385
46396.67587884765
46396.67587884765
46396.67587884765
46396.67587884765
46396.67587884765
46396.67587884765
46396.67587884765
46396.67587884765
46396.67587884765
46396.67587884765
46396.67587884765
46396.67587884765
46396.67587884765
46396.67587884765
46396.67587884765
46396.67587884765
46396.67587884765
46396.67587884765
46396.67587884765
46396.67587884765
46396.67587884765
46396.67587884765
46396.67587884765
46396.67587884765
46396.67587884765
46396.67587884765
46396.67587884765
46113.689354422604
46113.689354422604
46113.689354422604
46113.689354422604
46113.689354422604
46113.689354422604
46113.689354422604
46113.689354422604
46113.689354422604
46113.689354422604
46113.689354422604
46113.689354422604
46113.689354422604
46113.689354422604
46113.689354422604
46113.689354422604
46113.689354422604
46113.689354422604
46113.689354422604
46113.689354422604
46113.689354422604
46113.689354422604
46113.689354422604
46113.689354422604
46113.689354422604
46113.689354422604
46113.689354422604
46113.689354422604
46113.689354422604
46113.689354422604
45783.64893823921
45783.64893823921
45783.64893823921
45783.64893823921
45783.64893823921
45783.64893823921
45783.64893823921
45783.64893823921
45783.64893823921
45783.64893823921
45783.64893823921
45783.64893823921
45783.64893823921
45783.64893823921
45783.64893823921
45783.64893823921
45783.64893823921
45783.64893823921
45783.64893823921
45783.64893823921
45783.64893823921
45783.64893823921
45783.64893823921
45783.64893823921
45783.64893823921
45783.64893823921
45783.64893823921
45783.64893823921
45783.64893823921
45783.64893823921
45783.64893823921
45783.64893823921
45783.64893823921
45783.64893823921
45783.64893823921
45783.64893823921
45783.64893823921
45783.64893823921
45783.64893823921
45783.64893823921
45783.64893823921
45783.64893823921
45783.64893823921
45783.64893823921
45783.64893823921
45783.64893823921
45783.64893823921
45783.64893823921
45783.64893823921
45783.64893823921
45783.64893823921
45783.64893823921
45783.64893823921
45783.64893823921
45783.64893823921
45783.64893823921
45783.64893823921
45783.64893823921
45783.64893823921
45783.64893823921
45783.64893823921
45783.64893823921
45783.64893823921
45783.64893823921
45783.64893823921
45783.64893823921
45783.64893823921
45783.64893823921
45783.64893823921
45783.64893823921
45783.64893823921
45783.64893823921
45783.64893823921
45783.64893823921
45783.64893823921
45783.64893823921
45783.64893823921
45783.64893823921
45783.64893823921
45783.64893823921
45783.64893823921
45783.64893823921
45783.64893823921
45783.64893823921
45783.64893823921
45783.64893823921
45783.64893823921
45783.64893823921
45783.64893823921
45783.64893823921
45783.64893823921
45783.64893823921
45783.64893823921
45783.64893823921
45783.64893823921
45783.64893823921
45783.64893823921
45783.64893823921
45783.64893823921
45783.64893823921
45783.64893823921
45783.64893823921
45783.64893823921
45783.64893823921
45783.64893823921
45783.64893823921
45783.64893823921
45783.64893823921
45783.64893823921
45783.64893823921
45783.64893823921
45783.64893823921
45472.553798650595
45472.553798650595
45472.553798650595
45472.553798650595
45472.553798650595
45386.686999522564
45386.686999522564
45386.686999522564
45386.686999522564
45386.686999522564
45386.686999522564
45386.686999522564
45386.686999522564
45386.686999522564
45386.686999522564
45386.686999522564
45386.686999522564
45386.686999522564
45386.686999522564
45386.686999522564
45386.686999522564
45386.686999522564
45386.686999522564
45386.686999522564
45386.686999522564
45386.686999522564
45386.686999522564
45386.686999522564
45386.686999522564
45386.686999522564
45386.686999522564
45386.686999522564
45386.686999522564
45386.686999522564
45386.686999522564
45386.686999522564
45386.686999522564
45386.686999522564
45386.686999522564
45386.686999522564
45386.686999522564
45386.686999522564
45386.686999522564
45386.686999522564
45386.686999522564
45386.686999522564
45386.686999522564
45386.686999522564
45386.686999522564
45386.686999522564
45386.686999522564
45386.686999522564
45386.686999522564
45386.686999522564
45386.686999522564
45386.686999522564
45386.686999522564
45386.686999522564
45386.686999522564
45386.686999522564
45386.686999522564
45386.686999522564
45386.686999522564
45386.686999522564
45386.686999522564
45386.686999522564
45386.686999522564
45386.686999522564
45386.686999522564
45386.686999522564
45386.686999522564
45386.686999522564
45386.686999522564
45386.686999522564
45386.686999522564
45386.686999522564
45386.686999522564
45386.686999522564
45386.686999522564
45386.686999522564
45386.686999522564
45386.686999522564
45386.686999522564
45386.686999522564
45386.686999522564
45386.686999522564
45386.686999522564
45386.686999522564
45386.686999522564
45386.686999522564
45386.686999522564
45386.686999522564
45386.686999522564
45386.686999522564
45386.686999522564
45386.686999522564
45386.686999522564
45386.686999522564
45386.686999522564
44909.92856132258
44909.92856132258
44909.92856132258
44909.92856132258
44909.92856132258
44909.92856132258
44909.92856132258
44909.92856132258
44909.92856132258
44909.92856132258
44909.92856132258
44909.92856132258
44909.92856132258
44909.92856132258
44909.92856132258
44909.92856132258
44909.92856132258
44909.92856132258
44909.92856132258
44909.92856132258
44909.92856132258
44909.92856132258
44909.92856132258
44909.92856132258
44909.92856132258
44909.92856132258
44909.92856132258
44909.92856132258
44909.92856132258
44909.92856132258
44909.92856132258
44909.92856132258
44909.92856132258
44909.92856132258
44909.92856132258
44625.83587679218
44625.83587679218
44625.83587679218
44625.83587679218
44625.83587679218
44625.83587679218
44625.83587679218
44625.83587679218
44625.83587679218
44625.83587679218
44625.83587679218
44625.83587679218
44625.83587679218
44625.83587679218
44625.83587679218
44625.83587679218
44625.83587679218
44625.83587679218
44625.83587679218
44625.83587679218
44625.83587679218
44625.83587679218
44625.83587679218
44625.83587679218
44625.83587679218
44625.83587679218
44625.83587679218
44625.83587679218
44625.83587679218
44625.83587679218
44625.83587679218
44625.83587679218
44625.83587679218
44625.83587679218
44255.289180217515
44255.289180217515
44255.289180217515
44255.289180217515
44255.289180217515
44255.289180217515
44255.289180217515
44255.289180217515
44255.289180217515
44255.289180217515
44255.289180217515
44255.289180217515
44255.289180217515
44255.289180217515
44255.289180217515
44255.289180217515
44255.289180217515
44255.289180217515
43959.6558072093
43959.6558072093
43959.6558072093
43959.6558072093
43959.6558072093
43959.6558072093
43959.6558072093
43959.6558072093
43959.6558072093
43959.6558072093
43959.6558072093
43959.6558072093
43959.6558072093
43959.6558072093
43959.6558072093
43959.6558072093
43959.6558072093
43959.6558072093
43959.6558072093
43959.6558072093
43959.6558072093
43959.6558072093
43959.6558072093
43959.6558072093
43959.6558072093
43959.6558072093
43959.6558072093
43959.6558072093
43959.6558072093
43959.6558072093
43959.6558072093
43959.6558072093
43959.6558072093
43959.6558072093
43959.6558072093
43959.6558072093
43959.6558072093
43959.6558072093
43959.6558072093
43959.6558072093
43959.6558072093
43959.6558072093
43959.6558072093
43959.6558072093
43959.6558072093
43959.6558072093
43959.6558072093
43959.6558072093
43959.6558072093
43959.6558072093
43959.6558072093
43959.6558072093
43959.6558072093
43959.6558072093
43959.6558072093
43959.6558072093
43959.6558072093
43959.6558072093
43959.6558072093
43959.6558072093
43959.6558072093
43959.6558072093
43959.6558072093
43959.6558072093
43959.6558072093
43959.6558072093
43959.6558072093
43959.6558072093
43959.6558072093
43959.6558072093
43959.6558072093
43959.6558072093
43959.6558072093
43959.6558072093
43959.6558072093
43959.6558072093
43959.6558072093
43959.6558072093
43959.6558072093
43959.6558072093
43959.6558072093
43959.6558072093
43959.6558072093
43959.6558072093
43959.6558072093
43959.6558072093
43959.6558072093
43959.6558072093
43959.6558072093
43959.6558072093
43959.6558072093
43959.6558072093
43959.6558072093
43959.6558072093
43959.6558072093
43959.6558072093
43959.6558072093
43959.6558072093
43959.6558072093
43959.6558072093
43959.6558072093
43959.6558072093
43959.6558072093
43959.6558072093
43959.6558072093
43959.6558072093
43958.05094568853
43958.05094568853
43870.590728456205
43870.590728456205
43870.590728456205
43870.590728456205
43870.590728456205
43870.590728456205
43870.590728456205
43870.590728456205
43870.590728456205
43870.590728456205
43870.590728456205
43870.590728456205
43870.590728456205
43870.590728456205
43870.590728456205
43870.590728456205
43870.590728456205
43870.590728456205
43870.590728456205
43870.590728456205
43870.590728456205
43870.590728456205
43870.590728456205
43870.590728456205
43870.590728456205
43870.590728456205
43870.590728456205
43870.590728456205
43870.590728456205
43870.590728456205
43870.590728456205
43870.590728456205
43870.590728456205
43870.590728456205
43870.590728456205
43870.590728456205
43870.590728456205
43870.590728456205
43870.590728456205
43870.590728456205
43566.83264277131
43566.83264277131
43566.83264277131
43566.83264277131
43566.83264277131
43566.83264277131
43566.83264277131
43566.83264277131
43566.83264277131
43566.83264277131
43566.83264277131
43566.83264277131
43566.83264277131
43566.83264277131
43566.83264277131
43566.83264277131
43566.83264277131
43566.83264277131
43566.83264277131
43566.83264277131
43566.83264277131
43566.83264277131
43566.83264277131
43566.83264277131
43566.83264277131
43566.83264277131
43566.83264277131
43566.83264277131
43566.83264277131
43566.83264277131
43566.83264277131
43566.83264277131
43566.83264277131
43566.83264277131
43566.83264277131
43566.83264277131
43566.83264277131
43566.83264277131
43566.83264277131
43566.83264277131
43566.83264277131
43566.83264277131
43566.83264277131
43566.83264277131
43566.83264277131
43566.83264277131
43566.83264277131
43566.83264277131
43566.83264277131
43566.83264277131
43566.83264277131
43566.83264277131
43566.83264277131
43566.83264277131
43566.83264277131
43566.83264277131
43566.83264277131
43566.83264277131
43566.83264277131
43566.83264277131
43566.83264277131
43566.83264277131
43566.83264277131
43566.83264277131
43566.83264277131
43566.83264277131
43566.83264277131
43566.83264277131
43566.83264277131
43566.83264277131
43566.83264277131
43566.83264277131
43566.83264277131
43566.83264277131
43566.83264277131
43566.83264277131
43566.83264277131
43566.83264277131
43566.83264277131
43566.83264277131
43566.83264277131
43077.42374258292
43077.42374258292
43077.42374258292
43077.42374258292
43077.42374258292
43020.364876317086
43020.364876317086
43020.364876317086
43020.364876317086
43020.364876317086
43020.364876317086
43020.364876317086
43020.364876317086
43020.364876317086
43020.364876317086
43020.364876317086
43020.364876317086
43020.364876317086
43020.364876317086
43020.364876317086
43020.364876317086
43020.364876317086
43020.364876317086
43020.364876317086
43020.364876317086
43020.364876317086
43020.364876317086
43020.364876317086
43020.364876317086
43020.364876317086
43020.364876317086
43020.364876317086
43020.364876317086
43020.364876317086
43020.364876317086
43020.364876317086
43020.364876317086
43020.364876317086
43020.364876317086
43020.364876317086
43020.364876317086
43020.364876317086
43020.364876317086
43020.364876317086
43020.364876317086
43020.364876317086
43020.364876317086
43020.364876317086
43020.364876317086
43020.364876317086
43020.364876317086
43020.364876317086
43020.364876317086
43020.364876317086
43020.364876317086
43020.364876317086
43020.364876317086
43020.364876317086
43020.364876317086
43020.364876317086
43020.364876317086
43020.364876317086
43020.364876317086
43020.364876317086
43020.364876317086
43020.364876317086
43020.364876317086
42526.096112450556
42526.096112450556
42526.096112450556
42526.096112450556
42526.096112450556
42526.096112450556
42526.096112450556
42526.096112450556
42526.096112450556
42526.096112450556
42526.096112450556
42526.096112450556
42526.096112450556
42526.096112450556
42526.096112450556
42526.096112450556
42526.096112450556
42526.096112450556
42526.096112450556
42526.096112450556
42526.096112450556
42526.096112450556
42476.457854301814
42476.457854301814
42476.457854301814
42476.457854301814
42476.457854301814
42476.457854301814
42476.457854301814
42476.457854301814
42476.457854301814
42476.457854301814
42476.457854301814
42476.457854301814
42476.457854301814
42476.457854301814
42476.457854301814
42476.457854301814
42476.457854301814
42476.457854301814
42476.457854301814
42476.457854301814
42476.457854301814
42476.457854301814
42476.457854301814
42476.457854301814
42476.457854301814
42476.457854301814
42476.457854301814
42476.457854301814
42476.457854301814
42476.457854301814
42476.457854301814
42476.457854301814
42476.457854301814
42476.457854301814
42476.457854301814
42476.457854301814
42476.457854301814
42476.457854301814
42476.457854301814
42476.457854301814
42476.457854301814
42476.457854301814
42476.457854301814
42476.457854301814
42476.457854301814
42476.457854301814
42476.457854301814
42476.457854301814
42476.457854301814
42476.457854301814
42476.457854301814
42476.457854301814
42476.457854301814
42476.457854301814
42476.457854301814
42476.457854301814
42476.457854301814
42476.457854301814
42476.457854301814
42476.457854301814
42476.457854301814
42476.457854301814
42476.457854301814
42476.457854301814
42476.457854301814
42476.457854301814
42476.457854301814
42476.457854301814
42476.457854301814
42476.457854301814
42476.457854301814
42476.457854301814
42476.457854301814
42476.457854301814
42476.457854301814
42476.457854301814
42429.6510110798
42429.6510110798
42429.6510110798
42429.6510110798
42429.6510110798
42429.6510110798
42429.6510110798
42429.6510110798
42429.6510110798
42429.6510110798
42429.6510110798
42429.6510110798
42429.6510110798
42429.6510110798
42429.6510110798
42429.6510110798
42429.6510110798
42429.6510110798
42429.6510110798
42429.6510110798
42429.6510110798
42429.6510110798
42429.6510110798
42429.6510110798
42429.6510110798
42429.6510110798
42429.6510110798
42265.14184117196
42265.14184117196
42265.14184117196
42265.14184117196
42265.14184117196
42265.14184117196
41884.693980227494
41884.693980227494
41884.693980227494
41884.693980227494
41884.693980227494
41884.693980227494
41884.693980227494
41884.693980227494
41884.693980227494
41884.693980227494
41884.693980227494
41884.693980227494
41884.693980227494
41884.693980227494
41884.693980227494
41884.693980227494
41884.693980227494
41884.693980227494
41884.693980227494
41884.693980227494
41884.693980227494
41884.693980227494
41884.693980227494
41884.693980227494
41884.693980227494
41884.693980227494
41884.693980227494
41884.693980227494
41884.693980227494
41884.693980227494
41884.693980227494
41884.693980227494
41884.693980227494
41884.693980227494
41884.693980227494
41884.693980227494
41884.693980227494
41884.693980227494
41884.693980227494
41884.693980227494
41884.693980227494
41884.693980227494
41884.693980227494
41884.693980227494
41884.693980227494
41884.693980227494
41884.693980227494
41884.693980227494
41884.693980227494
41884.693980227494
41884.693980227494
41884.693980227494
41884.693980227494
41689.49205673348
41689.49205673348
41689.49205673348
41689.49205673348
41689.49205673348
41689.49205673348
41689.49205673348
41689.49205673348
41689.49205673348
41689.49205673348
41689.49205673348
41689.49205673348
41689.49205673348
41689.49205673348
41689.49205673348
41689.49205673348
41689.49205673348
41689.49205673348
41689.49205673348
41689.49205673348
41689.49205673348
41689.49205673348
41689.49205673348
41689.49205673348
41689.49205673348
41689.49205673348
41689.49205673348
41689.49205673348
41689.49205673348
41689.49205673348
41689.49205673348
41689.49205673348
41689.49205673348
41689.49205673348
41689.49205673348
41689.49205673348
41689.49205673348
41689.49205673348
41689.49205673348
41689.49205673348
41689.49205673348
41689.49205673348
41689.49205673348
41689.49205673348
41689.49205673348
41689.49205673348
41689.49205673348
41689.49205673348
41689.49205673348
41689.49205673348
41689.49205673348
41689.49205673348
41689.49205673348
41689.49205673348
41689.49205673348
41689.49205673348
41689.49205673348
41689.49205673348
41689.49205673348
41689.49205673348
41689.49205673348
41689.49205673348
41689.49205673348
41689.49205673348
41689.49205673348
41689.49205673348
41689.49205673348
41689.49205673348
41689.49205673348
41689.49205673348
41689.49205673348
41689.49205673348
41689.49205673348
41689.49205673348
41689.49205673348
41689.49205673348
41689.49205673348
41689.49205673348
41689.49205673348
41689.49205673348
41689.49205673348
41689.49205673348
41689.49205673348
41689.49205673348
41689.49205673348
41689.49205673348
41689.49205673348
41689.49205673348
41689.49205673348
41689.49205673348
41689.49205673348
41689.49205673348
41689.49205673348
41689.49205673348
41689.49205673348
41689.49205673348
41689.49205673348
41689.49205673348
41689.49205673348
41689.49205673348
41689.49205673348
41689.49205673348
41689.49205673348
41689.49205673348
41689.49205673348
41689.49205673348
41689.49205673348
41689.49205673348
41689.49205673348
41689.49205673348
41689.49205673348
41689.49205673348
41689.49205673348
41689.49205673348
41689.49205673348
41689.49205673348
41689.49205673348
41689.49205673348
41689.49205673348
41689.49205673348
41689.49205673348
41689.49205673348
41689.49205673348
41689.49205673348
40823.389611615465
40823.389611615465
40823.389611615465
40823.389611615465
40823.389611615465
40823.389611615465
40823.389611615465
40823.389611615465
40823.389611615465
40823.389611615465
40823.389611615465
40823.389611615465
40823.389611615465
40823.389611615465
40823.389611615465
40823.389611615465
40823.389611615465
40823.389611615465
40823.389611615465
40823.389611615465
40823.389611615465
40823.389611615465
40823.389611615465
40823.389611615465
40823.389611615465
40823.389611615465
40823.389611615465
40823.389611615465
40823.389611615465
40823.389611615465
40823.389611615465
40823.389611615465
40823.389611615465
40823.389611615465
40823.389611615465
40823.389611615465
40823.389611615465
40823.389611615465
40823.389611615465
40823.389611615465
40823.389611615465
40823.389611615465
40823.389611615465
40823.389611615465
40823.389611615465
40823.389611615465
40823.389611615465
40823.389611615465
40823.389611615465
40823.389611615465
40823.389611615465
40823.389611615465
40823.389611615465
40823.389611615465
40823.389611615465
40823.389611615465
40823.389611615465
40823.389611615465
40823.389611615465
40823.389611615465
40823.389611615465
40823.389611615465
40823.389611615465
40823.389611615465
40823.389611615465
40823.389611615465
40823.389611615465
40823.389611615465
40823.389611615465
40823.389611615465
40823.389611615465
40823.389611615465
40823.389611615465
40823.389611615465
40823.389611615465
40823.389611615465
40823.389611615465
40823.389611615465
40823.389611615465
40823.389611615465
40823.389611615465
40823.389611615465
40823.389611615465
40823.389611615465
40823.389611615465
40823.389611615465
40823.389611615465
40823.389611615465
40823.389611615465
40823.389611615465
40823.389611615465
40823.389611615465
40823.389611615465
40823.389611615465
40823.389611615465
40823.389611615465
40823.389611615465
40823.389611615465
40823.389611615465
40823.389611615465
40823.389611615465
40823.389611615465
40823.389611615465
40823.389611615465
40823.389611615465
40823.389611615465
40823.389611615465
40823.389611615465
40823.389611615465
40823.389611615465
40823.389611615465
40823.389611615465
40823.389611615465
40823.389611615465
40823.389611615465
40823.389611615465
40823.389611615465
40823.389611615465
40823.389611615465
40823.389611615465
40823.389611615465
40823.389611615465
40823.389611615465
40823.389611615465
40823.389611615465
40823.389611615465
40823.389611615465
40823.389611615465
40823.389611615465
40823.389611615465
40823.389611615465
40823.389611615465
40823.389611615465
40823.389611615465
40823.389611615465
40823.389611615465
40823.389611615465
40823.389611615465
40823.389611615465
40823.389611615465
40823.389611615465
40823.389611615465
40823.389611615465
40823.389611615465
40823.389611615465
40823.389611615465
40823.389611615465
40823.389611615465
40823.389611615465
40823.389611615465
40823.389611615465
40823.389611615465
40823.389611615465
40823.389611615465
40823.389611615465
40823.389611615465
40823.389611615465
40823.389611615465
40823.389611615465
40823.389611615465
40823.389611615465
40823.389611615465
40823.389611615465
40823.389611615465
40823.389611615465
40823.389611615465
40823.389611615465
40823.389611615465
40823.389611615465
40823.389611615465
40823.389611615465
40823.389611615465
40823.389611615465
40823.389611615465
40823.389611615465
40823.389611615465
40823.389611615465
40823.389611615465
40823.389611615465
40823.389611615465
40823.389611615465
40823.389611615465
40823.389611615465
40823.389611615465
40823.389611615465
40823.389611615465
40823.389611615465
40823.389611615465
40823.389611615465
40823.389611615465
40823.389611615465
40823.389611615465
40823.389611615465
40823.389611615465
40823.389611615465
40823.389611615465
40823.389611615465
40823.389611615465
40823.389611615465
40823.389611615465
40823.389611615465
40823.389611615465
40823.389611615465
40823.389611615465
40823.389611615465
40823.389611615465
40823.389611615465
40823.389611615465
40823.389611615465
40823.389611615465
40823.389611615465
40823.389611615465
40823.389611615465
40823.389611615465
40823.389611615465
40823.389611615465
40823.389611615465
40823.389611615465
40823.389611615465
40823.389611615465
40823.389611615465
40823.389611615465
40823.389611615465
40823.389611615465
40823.389611615465
40823.389611615465
40823.389611615465
40823.389611615465
40823.389611615465
40823.389611615465
40823.389611615465
40823.389611615465
40823.389611615465
40823.389611615465
40823.389611615465
40823.389611615465
40823.389611615465
40823.389611615465
40823.389611615465
40823.389611615465
40823.389611615465
40823.389611615465
40823.389611615465
40823.389611615465
40823.389611615465
40823.389611615465
40823.389611615465
40823.389611615465
40823.389611615465
40823.389611615465
40823.389611615465
40823.389611615465
40823.389611615465
40823.389611615465
40823.389611615465
40823.389611615465
40823.389611615465
40823.389611615465
40823.389611615465
40823.389611615465
40823.389611615465
40823.389611615465
40823.389611615465
40823.389611615465
40823.389611615465
40823.389611615465
40823.389611615465
40823.389611615465
40823.389611615465
40823.389611615465
40823.389611615465
40823.389611615465
40823.389611615465
40823.389611615465
40823.389611615465
40823.389611615465
40823.389611615465
40823.389611615465
40823.389611615465
40823.389611615465
40823.389611615465
40823.389611615465
40823.389611615465
40823.389611615465
40823.389611615465
40823.389611615465
40823.389611615465
40823.389611615465
40823.389611615465
40823.389611615465
40823.389611615465
40823.389611615465
40823.389611615465
40823.389611615465
40823.389611615465
40823.389611615465
40823.389611615465
40823.389611615465
40823.389611615465
40823.389611615465
40823.389611615465
40823.389611615465
40823.389611615465
40823.389611615465
40823.389611615465
40823.389611615465
40823.389611615465
40823.389611615465
40823.389611615465
40823.389611615465
40823.389611615465
40823.389611615465
40823.389611615465
40801.832840932395
40801.832840932395
40801.832840932395
40801.832840932395
40801.832840932395
40801.832840932395
40801.832840932395
40801.832840932395
40801.832840932395
40801.832840932395
40801.832840932395
40801.832840932395
40801.832840932395
40801.832840932395
40801.832840932395
40801.832840932395
40801.832840932395
40801.832840932395
40801.832840932395
40801.832840932395
40801.832840932395
40801.832840932395
40801.832840932395
40801.832840932395
40801.832840932395
40801.832840932395
40801.832840932395
40801.832840932395
40801.832840932395
40801.832840932395
40801.832840932395
40801.832840932395
40801.832840932395
40801.832840932395
40801.832840932395
40801.832840932395
40801.832840932395
40801.832840932395
40801.832840932395
40801.832840932395
40801.832840932395
40801.832840932395
40801.832840932395
40801.832840932395
40801.832840932395
40801.832840932395
40801.832840932395
40801.832840932395
40801.832840932395
40801.832840932395
40801.832840932395
40801.832840932395
40801.832840932395
40801.832840932395
40801.832840932395
40801.832840932395
40801.832840932395
40801.832840932395
40801.832840932395
40801.832840932395
40801.832840932395
40801.832840932395
40801.832840932395
40801.832840932395
40801.832840932395
40801.832840932395
40801.832840932395
40801.832840932395
40801.832840932395
40780.56238808122
40780.56238808122
40780.56238808122
40780.56238808122
40780.56238808122
40780.56238808122
40264.05641274994
40264.05641274994
40264.05641274994
40264.05641274994
40264.05641274994
40264.05641274994
40264.05641274994
40264.05641274994
40264.05641274994
40264.05641274994
40264.05641274994
40264.05641274994
40264.05641274994
40264.05641274994
40264.05641274994
40264.05641274994
40264.05641274994
40264.05641274994
40264.05641274994
40264.05641274994
40264.05641274994
40264.05641274994
40264.05641274994
40264.05641274994
40264.05641274994
40264.05641274994
40264.05641274994
40264.05641274994
40264.05641274994
40264.05641274994
40264.05641274994
40264.05641274994
40264.05641274994
40264.05641274994
40264.05641274994
40264.05641274994
40264.05641274994
40264.05641274994
40264.05641274994
40264.05641274994
40264.05641274994
40264.05641274994
40264.05641274994
40264.05641274994
40264.05641274994
40264.05641274994
40264.05641274994
40264.05641274994
40264.05641274994
40264.05641274994
40264.05641274994
40264.05641274994
40264.05641274994
40264.05641274994
40264.05641274994
40264.05641274994
40264.05641274994
40264.05641274994
40264.05641274994
40264.05641274994
40264.05641274994
40264.05641274994
40264.05641274994
40264.05641274994
40264.05641274994
40264.05641274994
40264.05641274994
40264.05641274994
40264.05641274994
40264.05641274994
40264.05641274994
40264.05641274994
40264.05641274994
40264.05641274994
40264.05641274994
40264.05641274994
40264.05641274994
40264.05641274994
40264.05641274994
40264.05641274994
40264.05641274994
40264.05641274994
40264.05641274994
40264.05641274994
40264.05641274994
40264.05641274994
40264.05641274994
40264.05641274994
40264.05641274994
40264.05641274994
40264.05641274994
40264.05641274994
40264.05641274994
40264.05641274994
40264.05641274994
40264.05641274994
40264.05641274994
40264.05641274994
40264.05641274994
40264.05641274994
40264.05641274994
40264.05641274994
40264.05641274994
40264.05641274994
40264.05641274994
40264.05641274994
40264.05641274994
40264.05641274994
40264.05641274994
40264.05641274994
40264.05641274994
40264.05641274994
40264.05641274994
40264.05641274994
40264.05641274994
40264.05641274994
40264.05641274994
40264.05641274994
40264.05641274994
40264.05641274994
40264.05641274994
40264.05641274994
40264.05641274994
40264.05641274994
40264.05641274994
40264.05641274994
40264.05641274994
40264.05641274994
40264.05641274994
40264.05641274994
40264.05641274994
40264.05641274994
40264.05641274994
40264.05641274994
40264.05641274994
40264.05641274994
40264.05641274994
40264.05641274994
40264.05641274994
40264.05641274994
40264.05641274994
40264.05641274994
40264.05641274994
40264.05641274994
40264.05641274994
40264.05641274994
40264.05641274994
40264.05641274994
40264.05641274994
40264.05641274994
40264.05641274994
40264.05641274994
40264.05641274994
40264.05641274994
40264.05641274994
40264.05641274994
40264.05641274994
40264.05641274994
40264.05641274994
40264.05641274994
40264.05641274994
40264.05641274994
40264.05641274994
40264.05641274994
40264.05641274994
40264.05641274994
40264.05641274994
40264.05641274994
40264.05641274994
40264.05641274994
40264.05641274994
40264.05641274994
40264.05641274994
40264.05641274994
40264.05641274994
40264.05641274994
40264.05641274994
40264.05641274994
40264.05641274994
40264.05641274994
40264.05641274994
40264.05641274994
40264.05641274994
40264.05641274994
40264.05641274994
40264.05641274994
40264.05641274994
40264.05641274994
40264.05641274994
40264.05641274994
40264.05641274994
40264.05641274994
40264.05641274994
40264.05641274994
40264.05641274994
40264.05641274994
40264.05641274994
40264.05641274994
40264.05641274994
40264.05641274994
40264.05641274994
40264.05641274994
40264.05641274994
40264.05641274994
40264.05641274994
40264.05641274994
40264.05641274994
40264.05641274994
40264.05641274994
40264.05641274994
40264.05641274994
40264.05641274994
40264.05641274994
40264.05641274994
40264.05641274994
40240.249197788355
40240.249197788355
40240.249197788355
40240.249197788355
40240.249197788355
40240.249197788355
40240.249197788355
40240.249197788355
40240.249197788355
40240.249197788355
40240.249197788355
40240.249197788355
40240.249197788355
40240.249197788355
40240.249197788355
40240.249197788355
40240.249197788355
40240.249197788355
40240.249197788355
40240.249197788355
40240.249197788355
40240.249197788355
40240.249197788355
40240.249197788355
40240.249197788355
40240.249197788355
40240.249197788355
40240.249197788355
40240.249197788355
40240.249197788355
40240.249197788355
40240.249197788355
40240.249197788355
40240.249197788355
40240.249197788355
40240.249197788355
40240.249197788355
40240.249197788355
40240.249197788355
40240.249197788355
40240.249197788355
40240.249197788355
40240.249197788355
40240.249197788355
40240.249197788355
40240.249197788355
40240.249197788355
40240.249197788355
40240.249197788355
40240.249197788355
40240.249197788355
40240.249197788355
40240.249197788355
40046.676835722064
40046.676835722064
40046.676835722064
40046.676835722064
40046.676835722064
40046.676835722064
40046.676835722064
40046.676835722064
40046.676835722064
40046.676835722064
40046.676835722064
40046.676835722064
40046.676835722064
40046.676835722064
40046.676835722064
40046.676835722064
40046.676835722064
40046.676835722064
40046.676835722064
40046.676835722064
40046.676835722064
40046.676835722064
40046.676835722064
40046.676835722064
40046.676835722064
40046.676835722064
40046.676835722064
40046.676835722064
40046.676835722064
40046.676835722064
40046.676835722064
39560.49273951103
39560.49273951103
39560.49273951103
39560.49273951103
39560.49273951103
39560.49273951103
39560.49273951103
39560.49273951103
39560.49273951103
39560.49273951103
39560.49273951103
39560.49273951103
39560.49273951103
39560.49273951103
39560.49273951103
39560.49273951103
39560.49273951103
39560.49273951103
39560.49273951103
39560.49273951103
39560.49273951103
39560.49273951103
39560.49273951103
39560.49273951103
39560.49273951103
39560.49273951103
39560.49273951103
39560.49273951103
39560.49273951103
39560.49273951103
39560.49273951103
39560.49273951103
39560.49273951103
39560.49273951103
39560.49273951103
39560.49273951103
39560.49273951103
39560.49273951103
39560.49273951103
39560.49273951103
39560.49273951103
39560.49273951103
39560.49273951103
39560.49273951103
39560.49273951103
39560.49273951103
39560.49273951103
39560.49273951103
39560.49273951103
39560.49273951103
39560.49273951103
39560.49273951103
39560.49273951103
39560.49273951103
39560.49273951103
39560.49273951103
39560.49273951103
39560.49273951103
39560.49273951103
39560.49273951103
39560.49273951103
39560.49273951103
39560.49273951103
39560.49273951103
39560.49273951103
39560.49273951103
39560.49273951103
39560.49273951103
39560.49273951103
39560.49273951103
39560.49273951103
39560.49273951103
39560.49273951103
39560.49273951103
39560.49273951103
39560.49273951103
39560.49273951103
39560.49273951103
39560.49273951103
39560.49273951103
39560.49273951103
39560.49273951103
39560.49273951103
39560.49273951103
39560.49273951103
39560.49273951103
39560.49273951103
39560.49273951103
39560.49273951103
39560.49273951103
39560.49273951103
39560.49273951103
39560.49273951103
39560.49273951103
39560.49273951103
39560.49273951103
39560.49273951103
39560.49273951103
39560.49273951103
39560.49273951103
39560.49273951103
39560.49273951103
39560.49273951103
39560.49273951103
39560.49273951103
39560.49273951103
39560.49273951103
39560.49273951103
39560.49273951103
39560.49273951103
39560.49273951103
39560.49273951103
39560.49273951103
39560.49273951103
39560.49273951103
39560.49273951103
39560.49273951103
39560.49273951103
39560.49273951103
39560.49273951103
39560.49273951103
39560.49273951103
39560.49273951103
39560.49273951103
39560.49273951103
39560.49273951103
39560.49273951103
39560.49273951103
39560.49273951103
39560.49273951103
39560.49273951103
39560.49273951103
39560.49273951103
39560.49273951103
39560.49273951103
39560.49273951103
39560.49273951103
39560.49273951103
39560.49273951103
39560.49273951103
39560.49273951103
39560.49273951103
39560.49273951103
39560.49273951103
39560.49273951103
39560.49273951103
39560.49273951103
39560.49273951103
39560.49273951103
39560.49273951103
39560.49273951103
39560.49273951103
39560.49273951103
39560.49273951103
39560.49273951103
39560.49273951103
39560.49273951103
39560.49273951103
39560.49273951103
39560.49273951103
39560.49273951103
39560.49273951103
39560.49273951103
39560.49273951103
39560.49273951103
39560.49273951103
39560.49273951103
39560.49273951103
39560.49273951103
39560.49273951103
39560.49273951103
39560.49273951103
39560.49273951103
39560.49273951103
39560.49273951103
39560.49273951103
39560.49273951103
39560.49273951103
39560.49273951103
39560.49273951103
39560.49273951103
39560.49273951103
39560.49273951103
39560.49273951103
39560.49273951103
39560.49273951103
39560.49273951103
39560.49273951103
39560.49273951103
39560.49273951103
39560.49273951103
39560.49273951103
39560.49273951103
39560.49273951103
39560.49273951103
39560.49273951103
39560.49273951103
39560.49273951103
39560.49273951103
39560.49273951103
39560.49273951103
39560.49273951103
39560.49273951103
39560.49273951103
39560.49273951103
39560.49273951103
39560.49273951103
39560.49273951103
39560.49273951103
39560.49273951103
39560.49273951103
39560.49273951103
39560.49273951103
39560.49273951103
39560.49273951103
39560.49273951103
39560.49273951103
39560.49273951103
39560.49273951103
39560.49273951103
39560.49273951103
39560.49273951103
39560.49273951103
39560.49273951103
39560.49273951103
39560.49273951103
39560.49273951103
39560.49273951103
39560.49273951103
39560.49273951103
39560.49273951103
39560.49273951103
39560.49273951103
39560.49273951103
39560.49273951103
39560.49273951103
39560.49273951103
39560.49273951103
39560.49273951103
39560.49273951103
39560.49273951103
39560.49273951103
39560.49273951103
39560.49273951103
39560.49273951103
39560.49273951103
39560.49273951103
39560.49273951103
39560.49273951103
39560.49273951103
39560.49273951103
39560.49273951103
39560.49273951103
39560.49273951103
39560.49273951103
39336.15928703649
39336.15928703649
39336.15928703649
39336.15928703649
39336.15928703649
39336.15928703649
39336.15928703649
39336.15928703649
39336.15928703649
39336.15928703649
39336.15928703649
39336.15928703649
39336.15928703649
39336.15928703649
39336.15928703649
39336.15928703649
39336.15928703649
39336.15928703649
39336.15928703649
39336.15928703649
39336.15928703649
39336.15928703649
39336.15928703649
39336.15928703649
39336.15928703649
39336.15928703649
39336.15928703649
39336.15928703649
39336.15928703649
39336.15928703649
39336.15928703649
39336.15928703649
39336.15928703649
39336.15928703649
39336.15928703649
39336.15928703649
39336.15928703649
39336.15928703649
39336.15928703649
39336.15928703649
39336.15928703649
39336.15928703649
39336.15928703649
39336.15928703649
39336.15928703649
39336.15928703649
39336.15928703649
39336.15928703649
39336.15928703649
39336.15928703649
39336.15928703649
39336.15928703649
39336.15928703649
39336.15928703649
39336.15928703649
39336.15928703649
39336.15928703649
39336.15928703649
39336.15928703649
39336.15928703649
39336.15928703649
39336.15928703649
39336.15928703649
39336.15928703649
39336.15928703649
39336.15928703649
39336.15928703649
39336.15928703649
39336.15928703649
39336.15928703649
39336.15928703649
39336.15928703649
39336.15928703649
39336.15928703649
39336.15928703649
39336.15928703649
39336.15928703649
39336.15928703649
39336.15928703649
39336.15928703649
39336.15928703649
39336.15928703649
39336.15928703649
39336.15928703649
39336.15928703649
39336.15928703649
39336.15928703649
38594.92907534965
38594.92907534965
38594.92907534965
38594.92907534965
38594.92907534965
38594.92907534965
38594.92907534965
38594.92907534965
38594.92907534965
38594.92907534965
38594.92907534965
38594.92907534965
38594.92907534965
38594.92907534965
38594.92907534965
38594.92907534965
38594.92907534965
38594.92907534965
38594.92907534965
38594.92907534965
38594.92907534965
38594.92907534965
38594.92907534965
38594.92907534965
38594.92907534965
38594.92907534965
38594.92907534965
38594.92907534965
38594.92907534965
38594.92907534965
38594.92907534965
38594.92907534965
38594.92907534965
38594.92907534965
38594.92907534965
38594.92907534965
38594.92907534965
38594.92907534965
38594.92907534965
38594.92907534965
38594.92907534965
38594.92907534965
38594.92907534965
38594.92907534965
38594.92907534965
38594.92907534965
38594.92907534965
38594.92907534965
38594.92907534965
38594.92907534965
38594.92907534965
38594.92907534965
38594.92907534965
38594.92907534965
38594.92907534965
38594.92907534965
38594.92907534965
38594.92907534965
38594.92907534965
38594.92907534965
38594.92907534965
38594.92907534965
38594.92907534965
38594.92907534965
38594.92907534965
38594.92907534965
38594.92907534965
38594.92907534965
38594.92907534965
38594.92907534965
38594.92907534965
38594.92907534965
38594.92907534965
38594.92907534965
38594.92907534965
38594.92907534965
38594.92907534965
38594.92907534965
38594.92907534965
38594.92907534965
38594.92907534965
38594.92907534965
38594.92907534965
38594.92907534965
38594.92907534965
38594.92907534965
38594.92907534965
38594.92907534965
38594.92907534965
38594.92907534965
38594.92907534965
38594.92907534965
38594.92907534965
38594.92907534965
38594.92907534965
38594.92907534965
38594.92907534965
38594.92907534965
38594.92907534965
38594.92907534965
38594.92907534965
38594.92907534965
38594.92907534965
38594.92907534965
38594.92907534965
38594.92907534965
38594.92907534965
38594.92907534965
38594.92907534965
38594.92907534965
38594.92907534965
38594.92907534965
38594.92907534965
38594.92907534965
38594.92907534965
38594.92907534965
38594.92907534965
38594.92907534965
38594.92907534965
38594.92907534965
38594.92907534965
38594.92907534965
38594.92907534965
38594.92907534965
38594.92907534965
38594.92907534965
38594.92907534965
38594.92907534965
38594.92907534965
38594.92907534965
38594.92907534965
38594.92907534965
38594.92907534965
38594.92907534965
38594.92907534965
38594.92907534965
38594.92907534965
38594.92907534965
38594.92907534965
38594.92907534965
38594.92907534965
38594.92907534965
38594.92907534965
38594.92907534965
38594.92907534965
38594.92907534965
38594.92907534965
38594.92907534965
38594.92907534965
38594.92907534965
38594.92907534965
38581.635010322934
38581.635010322934
38581.635010322934
38581.635010322934
38581.635010322934
38521.141695216305
38521.141695216305
38521.141695216305
38521.141695216305
38521.141695216305
38521.141695216305
38521.141695216305
38521.141695216305
38521.141695216305
38521.141695216305
38521.141695216305
38521.141695216305
38521.141695216305
38521.141695216305
38521.141695216305
38521.141695216305
38521.141695216305
38521.141695216305
38521.141695216305
38521.141695216305
38521.141695216305
38521.141695216305
38521.141695216305
38521.141695216305
38521.141695216305
38521.141695216305
38521.141695216305
38521.141695216305
38521.141695216305
38521.141695216305
38521.141695216305
38521.141695216305
38521.141695216305
38521.141695216305
38521.141695216305
38521.141695216305
38521.141695216305
38521.141695216305
38521.141695216305
38521.141695216305
38521.141695216305
38521.141695216305
38521.141695216305
38521.141695216305
38521.141695216305
38521.141695216305
38521.141695216305
38521.141695216305
38521.141695216305
38521.141695216305
38521.141695216305
38521.141695216305
38521.141695216305
38369.6977789325
38369.6977789325
38369.6977789325
38369.6977789325
38369.6977789325
38369.6977789325
38369.6977789325
38369.6977789325
38369.6977789325
38369.6977789325
38369.6977789325
38369.6977789325
38369.6977789325
38369.6977789325
38369.6977789325
38369.6977789325
38369.6977789325
38369.6977789325
38369.6977789325
38369.6977789325
38369.6977789325
38369.6977789325
38369.6977789325
38369.6977789325
38369.6977789325
38369.6977789325
38369.6977789325
38369.6977789325
38369.6977789325
38369.6977789325
38369.6977789325
38369.6977789325
38369.6977789325
38369.6977789325
38369.6977789325
38369.6977789325
38369.6977789325
38369.6977789325
38369.6977789325
38369.6977789325
38369.6977789325
38369.6977789325
38369.6977789325
38369.6977789325
38369.6977789325
38369.6977789325
38369.6977789325
38369.6977789325
38369.6977789325
38369.6977789325
38369.6977789325
38369.6977789325
38369.6977789325
38369.6977789325
38369.6977789325
38369.6977789325
38369.6977789325
38369.6977789325
38369.6977789325
38369.6977789325
38369.6977789325
38369.6977789325
38369.6977789325
38369.6977789325
38369.6977789325
38369.6977789325
38369.6977789325
38369.6977789325
38369.6977789325
38369.6977789325
38369.6977789325
38369.6977789325
38369.6977789325
38369.6977789325
38369.6977789325
38369.6977789325
38369.6977789325
38369.6977789325
38369.6977789325
38369.6977789325
38369.6977789325
37983.50587689883
37983.50587689883
37983.50587689883
37983.50587689883
37983.50587689883
37983.50587689883
37983.50587689883
37983.50587689883
37983.50587689883
37983.50587689883
37983.50587689883
37983.50587689883
37983.50587689883
37983.50587689883
37983.50587689883
37983.50587689883
37983.50587689883
37983.50587689883
37983.50587689883
37983.50587689883
37983.50587689883
37983.50587689883
37983.50587689883
37983.50587689883
37983.50587689883
37983.50587689883
37983.50587689883
37983.50587689883
37983.50587689883
37983.50587689883
37983.50587689883
37944.93260597522
37944.93260597522
37944.93260597522
37944.93260597522
37944.93260597522
37944.93260597522
37944.93260597522
37944.93260597522
37944.93260597522
37944.93260597522
37944.93260597522
37944.93260597522
37944.93260597522
37944.93260597522
37944.93260597522
37944.93260597522
37944.93260597522
37944.93260597522
37944.93260597522
37944.93260597522
37944.93260597522
37944.93260597522
37944.93260597522
37944.93260597522
37944.93260597522
37944.93260597522
37944.93260597522
37944.93260597522
37944.93260597522
37944.93260597522
37944.93260597522
37944.93260597522
37944.93260597522
37944.93260597522
37944.93260597522
37944.93260597522
37944.93260597522
37944.93260597522
37944.93260597522
37944.93260597522
37944.93260597522
37944.93260597522
37944.93260597522
37944.93260597522
37944.93260597522
37944.93260597522
37944.93260597522
37944.93260597522
37944.93260597522
37944.93260597522
37944.93260597522
37944.93260597522
37944.93260597522
37944.93260597522
37944.93260597522
37944.93260597522
37944.93260597522
37944.93260597522
37944.93260597522
37944.93260597522
37944.93260597522
37944.93260597522
37944.93260597522
37944.93260597522
37944.93260597522
37944.93260597522
37944.93260597522
37944.93260597522
37944.93260597522
37944.93260597522
37944.93260597522
37944.93260597522
37944.93260597522
37944.93260597522
37944.93260597522
37944.93260597522
37944.93260597522
37944.93260597522
37944.93260597522
37944.93260597522
37944.93260597522
37944.93260597522
37944.93260597522
37944.93260597522
37944.93260597522
37944.93260597522
37944.93260597522
37944.93260597522
37944.93260597522
37944.93260597522
37944.93260597522
37944.93260597522
37944.93260597522
37944.93260597522
37944.93260597522
37944.93260597522
37944.93260597522
37944.93260597522
37944.93260597522
37944.93260597522
37944.93260597522
37944.93260597522
37944.93260597522
37944.93260597522
37944.93260597522
37944.93260597522
37944.93260597522
37944.93260597522
37944.93260597522
37944.93260597522
37944.93260597522
37944.93260597522
37944.93260597522
37944.93260597522
37944.93260597522
37944.93260597522
37944.93260597522
37944.93260597522
37944.93260597522
37944.93260597522
37944.93260597522
37944.93260597522
37944.93260597522
37944.93260597522
37944.93260597522
37944.93260597522
37944.93260597522
37944.93260597522
37944.93260597522
37944.93260597522
37944.93260597522
37944.93260597522
37944.93260597522
37944.93260597522
37944.93260597522
37944.93260597522
37944.93260597522
37944.93260597522
37944.93260597522
37944.93260597522
37944.93260597522
37944.93260597522
37944.93260597522
37944.93260597522
37944.93260597522
37944.93260597522
37944.93260597522
37944.93260597522
37944.93260597522
37944.93260597522
37944.93260597522
37944.93260597522
37944.93260597522
37944.93260597522
37944.93260597522
37944.93260597522
37944.93260597522
37944.93260597522
37944.93260597522
37944.93260597522
37944.93260597522
37944.93260597522
37944.93260597522
37944.93260597522
37944.93260597522
37944.93260597522
37944.93260597522
37944.93260597522
37944.93260597522
37944.93260597522
37944.93260597522
37944.93260597522
37944.93260597522
37944.93260597522
37944.93260597522
37944.93260597522
37944.93260597522
37944.93260597522
37944.93260597522
37944.93260597522
37944.93260597522
37944.93260597522
37944.93260597522
37944.93260597522
37944.93260597522
37944.93260597522
37944.93260597522
37944.93260597522
37944.93260597522
37944.93260597522
37944.93260597522
37944.93260597522
37944.93260597522
37944.93260597522
37944.93260597522
37944.93260597522
37944.93260597522
37944.93260597522
37944.93260597522
37944.93260597522
37944.93260597522
37944.93260597522
37944.93260597522
37944.93260597522
37944.93260597522
37826.690123226086
37826.690123226086
37826.690123226086
37826.690123226086
37826.690123226086
37826.690123226086
37826.690123226086
37826.690123226086
37826.690123226086
37826.690123226086
37826.690123226086
37826.690123226086
37826.690123226086
37826.690123226086
37826.690123226086
37826.690123226086
37826.690123226086
37826.690123226086
37826.690123226086
37826.690123226086
37826.690123226086
37826.690123226086
37826.690123226086
37826.690123226086
37826.690123226086
37826.690123226086
37826.690123226086
37826.690123226086
37826.690123226086
37826.690123226086
37826.690123226086
37826.690123226086
37826.690123226086
37191.13593938139
37191.13593938139
37191.13593938139
37191.13593938139
37191.13593938139
37191.13593938139
37191.13593938139
37191.13593938139
37191.13593938139
37191.13593938139
37191.13593938139
37191.13593938139
37191.13593938139
37191.13593938139
37191.13593938139
37191.13593938139
37191.13593938139
37191.13593938139
37191.13593938139
37191.13593938139
37191.13593938139
37191.13593938139
37191.13593938139
37191.13593938139
37191.13593938139
37191.13593938139
37191.13593938139
37191.13593938139
37191.13593938139
37191.13593938139
37191.13593938139
37191.13593938139
37191.13593938139
37191.13593938139
37191.13593938139
37191.13593938139
37191.13593938139
37191.13593938139
37191.13593938139
37191.13593938139
37191.13593938139
37191.13593938139
37191.13593938139
37191.13593938139
37191.13593938139
37191.13593938139
37191.13593938139
37191.13593938139
37191.13593938139
37191.13593938139
37191.13593938139
37191.13593938139
37191.13593938139
37191.13593938139
37191.13593938139
37191.13593938139
37191.13593938139
37191.13593938139
37191.13593938139
37191.13593938139
37191.13593938139
37191.13593938139
37191.13593938139
37191.13593938139
37191.13593938139
37191.13593938139
37191.13593938139
37191.13593938139
37191.13593938139
37191.13593938139
37191.13593938139
37191.13593938139
37191.13593938139
37191.13593938139
37191.13593938139
37191.13593938139
37191.13593938139
37191.13593938139
37191.13593938139
37191.13593938139
37191.13593938139
37191.13593938139
37191.13593938139
37191.13593938139
37191.13593938139
37191.13593938139
37191.13593938139
37191.13593938139
37191.13593938139
37191.13593938139
37191.13593938139
37191.13593938139
37191.13593938139
37191.13593938139
37191.13593938139
37191.13593938139
37073.70187235139
37073.70187235139
37073.70187235139
37073.70187235139
37073.70187235139
37073.70187235139
37073.70187235139
37073.70187235139
37073.70187235139
37073.70187235139
37073.70187235139
37073.70187235139
37073.70187235139
37073.70187235139
37073.70187235139
37073.70187235139
37073.70187235139
37073.70187235139
37073.70187235139
37073.70187235139
37073.70187235139
37073.70187235139
37073.70187235139
37073.70187235139
37073.70187235139
37073.70187235139
37073.70187235139
37073.70187235139
37073.70187235139
37073.70187235139
37073.70187235139
37073.70187235139
37073.70187235139
37073.70187235139
37073.70187235139
37073.70187235139
37073.70187235139
37073.70187235139
37073.70187235139
37073.70187235139
37073.70187235139
37073.70187235139
37073.70187235139
37073.70187235139
37073.70187235139
37073.70187235139
37073.70187235139
37073.70187235139
37073.70187235139
37073.70187235139
37073.70187235139
37073.70187235139
37073.70187235139
37073.70187235139
37073.70187235139
37073.70187235139
37073.70187235139
37073.70187235139
37073.70187235139
37073.70187235139
37073.70187235139
37073.70187235139
37073.70187235139
37073.70187235139
37073.70187235139
37073.70187235139
37073.70187235139
37073.70187235139
37073.70187235139
37073.70187235139
37073.70187235139
37073.70187235139
37073.70187235139
37073.70187235139
37073.70187235139
37073.70187235139
37073.70187235139
37073.70187235139
37073.70187235139
37073.70187235139
37073.70187235139
37073.70187235139
37073.70187235139
37073.70187235139
37073.70187235139
37073.70187235139
37073.70187235139
37073.70187235139
37073.70187235139
37073.70187235139
37073.70187235139
37073.70187235139
37073.70187235139
37073.70187235139
37073.70187235139
37073.70187235139
37073.70187235139
37073.70187235139
37073.70187235139
37073.70187235139
37073.70187235139
37073.70187235139
37073.70187235139
37073.70187235139
37073.70187235139
37073.70187235139
37073.70187235139
37073.70187235139
37073.70187235139
37073.70187235139
37073.70187235139
37073.70187235139
37073.70187235139
37073.70187235139
37073.70187235139
37073.70187235139
37073.70187235139
37073.70187235139
37073.70187235139
37073.70187235139
37073.70187235139
37073.70187235139
37073.70187235139
37073.70187235139
37073.70187235139
37073.70187235139
37073.70187235139
37073.70187235139
37073.70187235139
37073.70187235139
37073.70187235139
37073.70187235139
37073.70187235139
37073.70187235139
37073.70187235139
37073.70187235139
37073.70187235139
37073.70187235139
37073.70187235139
37073.70187235139
37073.70187235139
37073.70187235139
37073.70187235139
37073.70187235139
37073.70187235139
37073.70187235139
37073.70187235139
37073.70187235139
37073.70187235139
37073.70187235139
37073.70187235139
37073.70187235139
37073.70187235139
37073.70187235139
37073.70187235139
37073.70187235139
37073.70187235139
37073.70187235139
37073.70187235139
37073.70187235139
37073.70187235139
37073.70187235139
37073.70187235139
37073.70187235139
37073.70187235139
37073.70187235139
37073.70187235139
37073.70187235139
37073.70187235139
37073.70187235139
37073.70187235139
37073.70187235139
37073.70187235139
37073.70187235139
37073.70187235139
37073.70187235139
37073.70187235139
37073.70187235139
37073.70187235139
37073.70187235139
37073.70187235139
37073.70187235139
37073.70187235139
36894.84065250056
36894.84065250056
36894.84065250056
36894.84065250056
36894.84065250056
36894.84065250056
36894.84065250056
36894.84065250056
36894.84065250056
36894.84065250056
36894.84065250056
36894.84065250056
36894.84065250056
36894.84065250056
36894.84065250056
36894.84065250056
36894.84065250056
36894.84065250056
36894.84065250056
36894.84065250056
36894.84065250056
36894.84065250056
36894.84065250056
36894.84065250056
36894.84065250056
36894.84065250056
36894.84065250056
36894.84065250056
36894.84065250056
36894.84065250056
36894.84065250056
36894.84065250056
36894.84065250056
36894.84065250056
36894.84065250056
36894.84065250056
35976.53130858913
35976.53130858913
35976.53130858913
35976.53130858913
35976.53130858913
35976.53130858913
35976.53130858913
35976.53130858913
35976.53130858913
35976.53130858913
35976.53130858913
35976.53130858913
35976.53130858913
35976.53130858913
35976.53130858913
35976.53130858913
35976.53130858913
35976.53130858913
35976.53130858913
35976.53130858913
35976.53130858913
35976.53130858913
35976.53130858913
35976.53130858913
35976.53130858913
35976.53130858913
35976.53130858913
35976.53130858913
35976.53130858913
35976.53130858913
35976.53130858913
35976.53130858913
35976.53130858913
35976.53130858913
35976.53130858913
35976.53130858913
35976.53130858913
35976.53130858913
35976.53130858913
35976.53130858913
35976.53130858913
35976.53130858913
35976.53130858913
35976.53130858913
35976.53130858913
35976.53130858913
35976.53130858913
35976.53130858913
35976.53130858913
35976.53130858913
35976.53130858913
Time: 24.474234104156494 seconds 
Best solution: 35976.53130858913 [14, 34, 38, 65, 66, 87, 89, 80, 76, 81, 79, 67, 78, 91, 97, 99, 88, 75, 84, 72, 69, 70, 74, 86, 64, 73, 63, 61, 60, 39, 49, 56, 51, 47, 41, 26, 17, 19, 33, 20, 27, 18, 8, 48, 45, 43, 37, 46, 55, 50, 54, 52, 53, 58, 94, 95, 100, 93, 96, 31, 21, 57, 15, 59, 101, 7, 4, 2, 1, 44, 103, 11, 102, 30, 77, 23, 22, 32, 62, 25, 35, 40, 9, 82, 68, 98, 83, 104, 13, 3, 105, 92, 12, 71, 90, 5, 85, 29, 28, 6, 10, 16, 24, 36, 42]
Avg solution: 48797.81536124824