Alg:2, Run: 3, file: C:\Users\gabri\Documents\AN 3 SEM 2\AI\Lab\Lab3\\lin105.tsp, population number: 100, generations: 5000 
106024.21781136596
106024.21781136596
106024.21781136596
106024.21781136596
106024.21781136596
103869.73620997448
103869.73620997448
102935.8216617351
102935.8216617351
102935.8216617351
100028.40341532326
100028.40341532326
96441.56276123345
96441.56276123345
96441.56276123345
96441.56276123345
96441.56276123345
96441.56276123345
96441.56276123345
96441.56276123345
96441.56276123345
96441.56276123345
96441.56276123345
96441.56276123345
96441.56276123345
96441.56276123345
96441.56276123345
96441.56276123345
96441.56276123345
95783.43808930906
94122.5776139709
94122.5776139709
94122.5776139709
94122.5776139709
92146.49397333272
92146.49397333272
92146.49397333272
92146.49397333272
92146.49397333272
92146.49397333272
92146.49397333272
92146.49397333272
92146.49397333272
92146.49397333272
92146.49397333272
92146.49397333272
92146.49397333272
92146.49397333272
92146.49397333272
92146.49397333272
92146.49397333272
92146.49397333272
92146.49397333272
92146.49397333272
92146.49397333272
92146.49397333272
92146.49397333272
88245.19865778527
88245.19865778527
88245.19865778527
88245.19865778527
88245.19865778527
88245.19865778527
88245.19865778527
88245.19865778527
88245.19865778527
88245.19865778527
88245.19865778527
88245.19865778527
88245.19865778527
88245.19865778527
88245.19865778527
88245.19865778527
88245.19865778527
88245.19865778527
88245.19865778527
88245.19865778527
88245.19865778527
88245.19865778527
88245.19865778527
88245.19865778527
88245.19865778527
88245.19865778527
88245.19865778527
88245.19865778527
88245.19865778527
88245.19865778527
88245.19865778527
88245.19865778527
87198.82394972004
87198.82394972004
87198.82394972004
87198.82394972004
87198.82394972004
87198.82394972004
87198.82394972004
87198.82394972004
87198.82394972004
87198.82394972004
87198.82394972004
87198.82394972004
86467.21292836744
86467.21292836744
86467.21292836744
86467.21292836744
86467.21292836744
86467.21292836744
86467.21292836744
86467.21292836744
86467.21292836744
86467.21292836744
86467.21292836744
86467.21292836744
86467.21292836744
86467.21292836744
85383.57680958408
85383.57680958408
85383.57680958408
85383.57680958408
85383.57680958408
85383.57680958408
85383.57680958408
85383.57680958408
85383.57680958408
85383.57680958408
85383.57680958408
85383.57680958408
85383.57680958408
85383.57680958408
85383.57680958408
85383.57680958408
85383.57680958408
85383.57680958408
85383.57680958408
85346.12782714877
85177.47479707473
85177.47479707473
84322.76572283672
84322.76572283672
84322.76572283672
84322.76572283672
84322.76572283672
84322.76572283672
82473.99801336884
82473.99801336884
82473.99801336884
82473.99801336884
82473.99801336884
82473.99801336884
82473.99801336884
82473.99801336884
82473.99801336884
82473.99801336884
82473.99801336884
82473.99801336884
82473.99801336884
82473.99801336884
82473.99801336884
82473.99801336884
82473.99801336884
82473.99801336884
82473.99801336884
82473.99801336884
82473.99801336884
82473.99801336884
82473.99801336884
82473.99801336884
82473.99801336884
82473.99801336884
82473.99801336884
82473.99801336884
82473.99801336884
82473.99801336884
82473.99801336884
82473.99801336884
82473.99801336884
82473.99801336884
82473.99801336884
82473.99801336884
82473.99801336884
82473.99801336884
82473.99801336884
82473.99801336884
82473.99801336884
82473.99801336884
82473.99801336884
82473.99801336884
82473.99801336884
82473.99801336884
82473.99801336884
82473.99801336884
82473.99801336884
82473.99801336884
82473.99801336884
82473.99801336884
78897.93325823505
78897.93325823505
78897.93325823505
78897.93325823505
78897.93325823505
78897.93325823505
78897.93325823505
78897.93325823505
78897.93325823505
78897.93325823505
78897.93325823505
78897.93325823505
78897.93325823505
78897.93325823505
78897.93325823505
78897.93325823505
78897.93325823505
78897.93325823505
78897.93325823505
78897.93325823505
78897.93325823505
78897.93325823505
78897.93325823505
78897.93325823505
78897.93325823505
78897.93325823505
78897.93325823505
78897.93325823505
78897.93325823505
78897.93325823505
78897.93325823505
78897.93325823505
78897.93325823505
78897.93325823505
78897.93325823505
78897.93325823505
78897.93325823505
78897.93325823505
78897.93325823505
78897.93325823505
78897.93325823505
78897.93325823505
78897.93325823505
78897.93325823505
78897.93325823505
78897.93325823505
78897.93325823505
78897.93325823505
78897.93325823505
78897.93325823505
78897.93325823505
78897.93325823505
78897.93325823505
78897.93325823505
78897.93325823505
78897.93325823505
78897.93325823505
78897.93325823505
78897.93325823505
78897.93325823505
78897.93325823505
78897.93325823505
78897.93325823505
78897.93325823505
78897.93325823505
78897.93325823505
78897.93325823505
78897.93325823505
78897.93325823505
78897.93325823505
78897.93325823505
78897.93325823505
78897.93325823505
78897.93325823505
78897.93325823505
78897.93325823505
78897.93325823505
78897.93325823505
78897.93325823505
78897.93325823505
78897.93325823505
78897.93325823505
78897.93325823505
78897.93325823505
78897.93325823505
78897.93325823505
78897.93325823505
78897.93325823505
78897.93325823505
78897.93325823505
78897.93325823505
78897.93325823505
78897.93325823505
78897.93325823505
78897.93325823505
78897.93325823505
78897.93325823505
78897.93325823505
78897.93325823505
78897.93325823505
78897.93325823505
78897.93325823505
78897.93325823505
78897.93325823505
78897.93325823505
78897.93325823505
78897.93325823505
78897.93325823505
78897.93325823505
78897.93325823505
78897.93325823505
78897.93325823505
78897.93325823505
78897.93325823505
78897.93325823505
78897.93325823505
78897.93325823505
78761.57521910295
78761.57521910295
78761.57521910295
78761.57521910295
78761.57521910295
78761.57521910295
78761.57521910295
78761.57521910295
78761.57521910295
78761.57521910295
78761.57521910295
78761.57521910295
78761.57521910295
78761.57521910295
78761.57521910295
78761.57521910295
78761.57521910295
78761.57521910295
78761.57521910295
78761.57521910295
78761.57521910295
78761.57521910295
78761.57521910295
78761.57521910295
78761.57521910295
78761.57521910295
78761.57521910295
78761.57521910295
78761.57521910295
78761.57521910295
78761.57521910295
78761.57521910295
78761.57521910295
78761.57521910295
78761.57521910295
78761.57521910295
78761.57521910295
78761.57521910295
78320.38972256318
78320.38972256318
78320.38972256318
76791.43904961893
76791.43904961893
76791.43904961893
74568.38915257742
74568.38915257742
74568.38915257742
74568.38915257742
74568.38915257742
74568.38915257742
74568.38915257742
74568.38915257742
74568.38915257742
74568.38915257742
74568.38915257742
74568.38915257742
74568.38915257742
74568.38915257742
74568.38915257742
74568.38915257742
74568.38915257742
74568.38915257742
74568.38915257742
74568.38915257742
74568.38915257742
74568.38915257742
74568.38915257742
74568.38915257742
74568.38915257742
74568.38915257742
74568.38915257742
74568.38915257742
74568.38915257742
74568.38915257742
74568.38915257742
74568.38915257742
74568.38915257742
74568.38915257742
74568.38915257742
74568.38915257742
74568.38915257742
74568.38915257742
74568.38915257742
74568.38915257742
74568.38915257742
74568.38915257742
74568.38915257742
74568.38915257742
74568.38915257742
74568.38915257742
74568.38915257742
74568.38915257742
74568.38915257742
74568.38915257742
74568.38915257742
74568.38915257742
74568.38915257742
74568.38915257742
74568.38915257742
74568.38915257742
74568.38915257742
74568.38915257742
74568.38915257742
74568.38915257742
74568.38915257742
74568.38915257742
74568.38915257742
74568.38915257742
74568.38915257742
74568.38915257742
72251.61576930287
72251.61576930287
72251.61576930287
72251.61576930287
72251.61576930287
72251.61576930287
72251.61576930287
72251.61576930287
72251.61576930287
72251.61576930287
72251.61576930287
72251.61576930287
72251.61576930287
72251.61576930287
72251.61576930287
72251.61576930287
72251.61576930287
72251.61576930287
72251.61576930287
72251.61576930287
72251.61576930287
72251.61576930287
72251.61576930287
72251.61576930287
72251.61576930287
72251.61576930287
72251.61576930287
72251.61576930287
72251.61576930287
72251.61576930287
72251.61576930287
72251.61576930287
72251.61576930287
72251.61576930287
72251.61576930287
72251.61576930287
72251.61576930287
72251.61576930287
72251.61576930287
72251.61576930287
72251.61576930287
72251.61576930287
72251.61576930287
72251.61576930287
70130.18574423382
70130.18574423382
70130.18574423382
70130.18574423382
70130.18574423382
70130.18574423382
70130.18574423382
70130.18574423382
70130.18574423382
70130.18574423382
70130.18574423382
70130.18574423382
70130.18574423382
70130.18574423382
70130.18574423382
70130.18574423382
70130.18574423382
70130.18574423382
70130.18574423382
70130.18574423382
70130.18574423382
70130.18574423382
70130.18574423382
70130.18574423382
70130.18574423382
70130.18574423382
70130.18574423382
70130.18574423382
70130.18574423382
70130.18574423382
70130.18574423382
70130.18574423382
70130.18574423382
70130.18574423382
70130.18574423382
70130.18574423382
70130.18574423382
70130.18574423382
70130.18574423382
70130.18574423382
70130.18574423382
70130.18574423382
70130.18574423382
70130.18574423382
70130.18574423382
70130.18574423382
70130.18574423382
70130.18574423382
70130.18574423382
70130.18574423382
70130.18574423382
69798.77496716219
69798.77496716219
69798.77496716219
69798.77496716219
69798.77496716219
69798.77496716219
69798.77496716219
69798.77496716219
69798.77496716219
69798.77496716219
69798.77496716219
69798.77496716219
69798.77496716219
69133.38244662026
69133.38244662026
69133.38244662026
69133.38244662026
69133.38244662026
69133.38244662026
69133.38244662026
69133.38244662026
69133.38244662026
69133.38244662026
69133.38244662026
69133.38244662026
69133.38244662026
66967.43788669848
66967.43788669848
66967.43788669848
66967.43788669848
66967.43788669848
66967.43788669848
66967.43788669848
66967.43788669848
66967.43788669848
66967.43788669848
66967.43788669848
66967.43788669848
66967.43788669848
66967.43788669848
66967.43788669848
66967.43788669848
66967.43788669848
66967.43788669848
66967.43788669848
66967.43788669848
66967.43788669848
66967.43788669848
66967.43788669848
66967.43788669848
66967.43788669848
66967.43788669848
66967.43788669848
66967.43788669848
66967.43788669848
66967.43788669848
66967.43788669848
66967.43788669848
66967.43788669848
66967.43788669848
66967.43788669848
66967.43788669848
66967.43788669848
66967.43788669848
66967.43788669848
66967.43788669848
66967.43788669848
66967.43788669848
66967.43788669848
66967.43788669848
66967.43788669848
66967.43788669848
66967.43788669848
66967.43788669848
66967.43788669848
66967.43788669848
66967.43788669848
66967.43788669848
66967.43788669848
66967.43788669848
66967.43788669848
66967.43788669848
66967.43788669848
66967.43788669848
66967.43788669848
66967.43788669848
66967.43788669848
66967.43788669848
66967.43788669848
66967.43788669848
66967.43788669848
66967.43788669848
66967.43788669848
66967.43788669848
66967.43788669848
66967.43788669848
66967.43788669848
66967.43788669848
66967.43788669848
66967.43788669848
66967.43788669848
66967.43788669848
66967.43788669848
66967.43788669848
66967.43788669848
66967.43788669848
66967.43788669848
66967.43788669848
66967.43788669848
66967.43788669848
66967.43788669848
66967.43788669848
66967.43788669848
66611.13264332007
66611.13264332007
66611.13264332007
66611.13264332007
66611.13264332007
66611.13264332007
66611.13264332007
66611.13264332007
66611.13264332007
66611.13264332007
66611.13264332007
66611.13264332007
66611.13264332007
66611.13264332007
66611.13264332007
66611.13264332007
66611.13264332007
66611.13264332007
66611.13264332007
66611.13264332007
66611.13264332007
66370.117498435
66370.117498435
66370.117498435
66370.117498435
66249.70037925844
66249.70037925844
66249.70037925844
66249.70037925844
66249.70037925844
66249.70037925844
66249.70037925844
66249.70037925844
66249.70037925844
66249.70037925844
66249.70037925844
66249.70037925844
66249.70037925844
66249.70037925844
66249.70037925844
66249.70037925844
66249.70037925844
66249.70037925844
66249.70037925844
66249.70037925844
66249.70037925844
66249.70037925844
66249.70037925844
66249.70037925844
66249.70037925844
66249.70037925844
66249.70037925844
66249.70037925844
66249.70037925844
66249.70037925844
66249.70037925844
66249.70037925844
65001.09946294932
65001.09946294932
65001.09946294932
65001.09946294932
65001.09946294932
65001.09946294932
65001.09946294932
65001.09946294932
65001.09946294932
65001.09946294932
65001.09946294932
65001.09946294932
65001.09946294932
65001.09946294932
65001.09946294932
65001.09946294932
65001.09946294932
65001.09946294932
65001.09946294932
65001.09946294932
65001.09946294932
65001.09946294932
65001.09946294932
65001.09946294932
65001.09946294932
65001.09946294932
65001.09946294932
65001.09946294932
65001.09946294932
65001.09946294932
65001.09946294932
65001.09946294932
65001.09946294932
65001.09946294932
64688.661637605735
64688.661637605735
64688.661637605735
64688.661637605735
64688.661637605735
64688.661637605735
64688.661637605735
64688.661637605735
64524.83029438565
64524.83029438565
64524.83029438565
62483.02214461272
62483.02214461272
62483.02214461272
62483.02214461272
62483.02214461272
62483.02214461272
62483.02214461272
62483.02214461272
62483.02214461272
62483.02214461272
62483.02214461272
62483.02214461272
62483.02214461272
62483.02214461272
62483.02214461272
62483.02214461272
62483.02214461272
62483.02214461272
62483.02214461272
62483.02214461272
62483.02214461272
62483.02214461272
62483.02214461272
62483.02214461272
62483.02214461272
62483.02214461272
62483.02214461272
62483.02214461272
62483.02214461272
62483.02214461272
62483.02214461272
62483.02214461272
62483.02214461272
62483.02214461272
62483.02214461272
62483.02214461272
62483.02214461272
62483.02214461272
62483.02214461272
62483.02214461272
62483.02214461272
62483.02214461272
62483.02214461272
62483.02214461272
62483.02214461272
62483.02214461272
62483.02214461272
62483.02214461272
62483.02214461272
62483.02214461272
62483.02214461272
62483.02214461272
62483.02214461272
62483.02214461272
62483.02214461272
62483.02214461272
62483.02214461272
62483.02214461272
62483.02214461272
62483.02214461272
62483.02214461272
62311.37385394421
61357.209743722284
61357.209743722284
60608.3531234948
60608.3531234948
60608.3531234948
60608.3531234948
60608.3531234948
60608.3531234948
60608.3531234948
60608.3531234948
60608.3531234948
60608.3531234948
60608.3531234948
60608.3531234948
60608.3531234948
60608.3531234948
60608.3531234948
60608.3531234948
60608.3531234948
60608.3531234948
60608.3531234948
60608.3531234948
60608.3531234948
60608.3531234948
60608.3531234948
60608.3531234948
60608.3531234948
60608.3531234948
60292.061849018515
60292.061849018515
60292.061849018515
60292.061849018515
60292.061849018515
60292.061849018515
60292.061849018515
60292.061849018515
60292.061849018515
60292.061849018515
60292.061849018515
60292.061849018515
60292.061849018515
60292.061849018515
60292.061849018515
60292.061849018515
60292.061849018515
60292.061849018515
60292.061849018515
60292.061849018515
60292.061849018515
60292.061849018515
60292.061849018515
60292.061849018515
59786.16403085201
59786.16403085201
59786.16403085201
59786.16403085201
59786.16403085201
59786.16403085201
59786.16403085201
59786.16403085201
59786.16403085201
59786.16403085201
59786.16403085201
59786.16403085201
59786.16403085201
59786.16403085201
59786.16403085201
59786.16403085201
59786.16403085201
59786.16403085201
59786.16403085201
59786.16403085201
59786.16403085201
59786.16403085201
59786.16403085201
59786.16403085201
59786.16403085201
59786.16403085201
59786.16403085201
59786.16403085201
59786.16403085201
59786.16403085201
59786.16403085201
59786.16403085201
59786.16403085201
59786.16403085201
59786.16403085201
59786.16403085201
59786.16403085201
59786.16403085201
59786.16403085201
59375.494257357306
59375.494257357306
59375.494257357306
59375.494257357306
59375.494257357306
59375.494257357306
59375.494257357306
59375.494257357306
59375.494257357306
59375.494257357306
59375.494257357306
59375.494257357306
59375.494257357306
59375.494257357306
59375.494257357306
59375.494257357306
59375.494257357306
59375.494257357306
59375.494257357306
59375.494257357306
59375.494257357306
59375.494257357306
59375.494257357306
59375.494257357306
59375.494257357306
59375.494257357306
59375.494257357306
59375.494257357306
59375.494257357306
59375.494257357306
59375.494257357306
59375.494257357306
59375.494257357306
59375.494257357306
59375.494257357306
59375.494257357306
59375.494257357306
59375.494257357306
59121.191458832836
59121.191458832836
59121.191458832836
59121.191458832836
59121.191458832836
59121.191458832836
59121.191458832836
59121.191458832836
59121.191458832836
59121.191458832836
59121.191458832836
59121.191458832836
59121.191458832836
59121.191458832836
59121.191458832836
59121.191458832836
59121.191458832836
59121.191458832836
59121.191458832836
59121.191458832836
59121.191458832836
59121.191458832836
59121.191458832836
59121.191458832836
59121.191458832836
59121.191458832836
59121.191458832836
59121.191458832836
59121.191458832836
59121.191458832836
59121.191458832836
59121.191458832836
59121.191458832836
59121.191458832836
59121.191458832836
59121.191458832836
59121.191458832836
58095.76982708912
58095.76982708912
58095.76982708912
58095.76982708912
58095.76982708912
58095.76982708912
58095.76982708912
58095.76982708912
58095.76982708912
58095.76982708912
58095.76982708912
58095.76982708912
58095.76982708912
58095.76982708912
58095.76982708912
58095.76982708912
58095.76982708912
58095.76982708912
58095.76982708912
58095.76982708912
58095.76982708912
58095.76982708912
58095.76982708912
58095.76982708912
58095.76982708912
58095.76982708912
58095.76982708912
58095.76982708912
58095.76982708912
58095.76982708912
58095.76982708912
57075.61689416454
57075.61689416454
57075.61689416454
57075.61689416454
57075.61689416454
57075.61689416454
57075.61689416454
57075.61689416454
57075.61689416454
57075.61689416454
57075.61689416454
57075.61689416454
57075.61689416454
57075.61689416454
57075.61689416454
57075.61689416454
57075.61689416454
57075.61689416454
57075.61689416454
57075.61689416454
57075.61689416454
57075.61689416454
57075.61689416454
57075.61689416454
57075.61689416454
57075.61689416454
57075.61689416454
57075.61689416454
57075.61689416454
57075.61689416454
57075.61689416454
57075.61689416454
57075.61689416454
57075.61689416454
57075.61689416454
57075.61689416454
57075.61689416454
57075.61689416454
57075.61689416454
57075.61689416454
57075.61689416454
57075.61689416454
57075.61689416454
57075.61689416454
57075.61689416454
57075.61689416454
57075.61689416454
57075.61689416454
57075.61689416454
57075.61689416454
57075.61689416454
57075.61689416454
57075.61689416454
57075.61689416454
57075.61689416454
57075.61689416454
57075.61689416454
57075.61689416454
57075.61689416454
57075.61689416454
57075.61689416454
57075.61689416454
57075.61689416454
57075.61689416454
57075.61689416454
57075.61689416454
57075.61689416454
57075.61689416454
57075.61689416454
57075.61689416454
57075.61689416454
57075.61689416454
57075.61689416454
57075.61689416454
57075.61689416454
57075.61689416454
57075.61689416454
57075.61689416454
57075.61689416454
57075.61689416454
57075.61689416454
57075.61689416454
57075.61689416454
57075.61689416454
56852.38143948667
56852.38143948667
56852.38143948667
56852.38143948667
56852.38143948667
56852.38143948667
56852.38143948667
56852.38143948667
56852.38143948667
56852.38143948667
56852.38143948667
56030.52709999506
56030.52709999506
56030.52709999506
56030.52709999506
56030.52709999506
56030.52709999506
56030.52709999506
56030.52709999506
56030.52709999506
56030.52709999506
56030.52709999506
56030.52709999506
56030.52709999506
56030.52709999506
55706.424035045864
55706.424035045864
55706.424035045864
55706.424035045864
55706.424035045864
55706.424035045864
55706.424035045864
55706.424035045864
55706.424035045864
55706.424035045864
55706.424035045864
55706.424035045864
55706.424035045864
55706.424035045864
55706.424035045864
55706.424035045864
55706.424035045864
55706.424035045864
55706.424035045864
55706.424035045864
55706.424035045864
55706.424035045864
55706.424035045864
55706.424035045864
55706.424035045864
55706.424035045864
55706.424035045864
55706.424035045864
55706.424035045864
55706.424035045864
55706.424035045864
55706.424035045864
55706.424035045864
55706.424035045864
55706.424035045864
55706.424035045864
55706.424035045864
55706.424035045864
55706.424035045864
55706.424035045864
55706.424035045864
55706.424035045864
55657.67592050877
55657.67592050877
55657.67592050877
55657.67592050877
55657.67592050877
55657.67592050877
55657.67592050877
55657.67592050877
55657.67592050877
55657.67592050877
55657.67592050877
55657.67592050877
55657.67592050877
55657.67592050877
55657.67592050877
55657.67592050877
55657.67592050877
55657.67592050877
55657.67592050877
55657.67592050877
55657.67592050877
55657.67592050877
55657.67592050877
55657.67592050877
55657.67592050877
55657.67592050877
54680.097397456935
54680.097397456935
54680.097397456935
54680.097397456935
54680.097397456935
54680.097397456935
54680.097397456935
54680.097397456935
54680.097397456935
53654.49561377854
53654.49561377854
53654.49561377854
53654.49561377854
53654.49561377854
53654.49561377854
53654.49561377854
53654.49561377854
53654.49561377854
53654.49561377854
53654.49561377854
53654.49561377854
53654.49561377854
53654.49561377854
53654.49561377854
53654.49561377854
53654.49561377854
53654.49561377854
53654.49561377854
53654.49561377854
53654.49561377854
53654.49561377854
53654.49561377854
53654.49561377854
53654.49561377854
53654.49561377854
52327.37956058158
52327.37956058158
52327.37956058158
52327.37956058158
52327.37956058158
52327.37956058158
52327.37956058158
52327.37956058158
52327.37956058158
52327.37956058158
52327.37956058158
52327.37956058158
52327.37956058158
52327.37956058158
52327.37956058158
52327.37956058158
52327.37956058158
52327.37956058158
52327.37956058158
52327.37956058158
52327.37956058158
52327.37956058158
52327.37956058158
52327.37956058158
52327.37956058158
52327.37956058158
52327.37956058158
52327.37956058158
52327.37956058158
52327.37956058158
52327.37956058158
52327.37956058158
52327.37956058158
52327.37956058158
52327.37956058158
52327.37956058158
52327.37956058158
52327.37956058158
52327.37956058158
52327.37956058158
52327.37956058158
52327.37956058158
52327.37956058158
52327.37956058158
52327.37956058158
52327.37956058158
52327.37956058158
52327.37956058158
52327.37956058158
52327.37956058158
52327.37956058158
52327.37956058158
52327.37956058158
52327.37956058158
52327.37956058158
52327.37956058158
52327.37956058158
52327.37956058158
52327.37956058158
52327.37956058158
52327.37956058158
52327.37956058158
52327.37956058158
52327.37956058158
52327.37956058158
52327.37956058158
52327.37956058158
52327.37956058158
52327.37956058158
52327.37956058158
52327.37956058158
52327.37956058158
52327.37956058158
52327.37956058158
52327.37956058158
52327.37956058158
52327.37956058158
52327.37956058158
52327.37956058158
52327.37956058158
52327.37956058158
52327.37956058158
52327.37956058158
52327.37956058158
52327.37956058158
52327.37956058158
52327.37956058158
51796.786718070136
51796.786718070136
51796.786718070136
51796.786718070136
51796.786718070136
51796.786718070136
51796.786718070136
51796.786718070136
51796.786718070136
51796.786718070136
51796.786718070136
51796.786718070136
51796.786718070136
51796.786718070136
51796.786718070136
51796.786718070136
51796.786718070136
51796.786718070136
51796.786718070136
51796.786718070136
51796.786718070136
51796.786718070136
51796.786718070136
51796.786718070136
51796.786718070136
51796.786718070136
51796.786718070136
51796.786718070136
51796.786718070136
51796.786718070136
51796.786718070136
51796.786718070136
51796.786718070136
51796.786718070136
51796.786718070136
51796.786718070136
51796.786718070136
51796.786718070136
51796.786718070136
51796.786718070136
51796.786718070136
51796.786718070136
51796.786718070136
51796.786718070136
51796.786718070136
51796.786718070136
51796.786718070136
51796.786718070136
51796.786718070136
51796.786718070136
51796.786718070136
51796.786718070136
51796.786718070136
51796.786718070136
51796.786718070136
51796.786718070136
51796.786718070136
51796.786718070136
51796.786718070136
51796.786718070136
51796.786718070136
51796.786718070136
51796.786718070136
51796.786718070136
51796.786718070136
51796.786718070136
51796.786718070136
51796.786718070136
51796.786718070136
51796.786718070136
51796.786718070136
51796.786718070136
51796.786718070136
51796.786718070136
51796.786718070136
51796.786718070136
51796.786718070136
51796.786718070136
51796.786718070136
51796.786718070136
51796.786718070136
51796.786718070136
51796.786718070136
51796.786718070136
51796.786718070136
51106.454544752756
51106.454544752756
51106.454544752756
51106.454544752756
51106.454544752756
51106.454544752756
51106.454544752756
51106.454544752756
51106.454544752756
51106.454544752756
51106.454544752756
51106.454544752756
51106.454544752756
51106.454544752756
51106.454544752756
51106.454544752756
51106.454544752756
51106.454544752756
51106.454544752756
51106.454544752756
51106.454544752756
51106.454544752756
51106.454544752756
51106.454544752756
51106.454544752756
51106.454544752756
51106.454544752756
51106.454544752756
51106.454544752756
51106.454544752756
51106.454544752756
51106.454544752756
51106.454544752756
51106.454544752756
51106.454544752756
51106.454544752756
51106.454544752756
51106.454544752756
51106.454544752756
51106.454544752756
51106.454544752756
51106.454544752756
51106.454544752756
51106.454544752756
51106.454544752756
51106.454544752756
51106.454544752756
51106.454544752756
51106.454544752756
51106.454544752756
51106.454544752756
51106.454544752756
51106.454544752756
51106.454544752756
51106.454544752756
51106.454544752756
51106.454544752756
51106.454544752756
51106.454544752756
51106.454544752756
51106.454544752756
51106.454544752756
51106.454544752756
51106.454544752756
51106.454544752756
51106.454544752756
51106.454544752756
51106.454544752756
51106.454544752756
51106.454544752756
51106.454544752756
51106.454544752756
51106.454544752756
51106.454544752756
51106.454544752756
50744.723694139415
50744.723694139415
50744.723694139415
50744.723694139415
50744.723694139415
50744.723694139415
50744.723694139415
50744.723694139415
50744.723694139415
50744.723694139415
50744.723694139415
50744.723694139415
50744.723694139415
50744.723694139415
50744.723694139415
50744.723694139415
50744.723694139415
50744.723694139415
50744.723694139415
50744.723694139415
50744.723694139415
50744.723694139415
50744.723694139415
50744.723694139415
50744.723694139415
50744.723694139415
50744.723694139415
50744.723694139415
50744.723694139415
50744.723694139415
50744.723694139415
50404.751139276705
50404.751139276705
50404.751139276705
50404.751139276705
50404.751139276705
50404.751139276705
50404.751139276705
50404.751139276705
50404.751139276705
50404.751139276705
50404.751139276705
50404.751139276705
50404.751139276705
50404.751139276705
50404.751139276705
50404.751139276705
50404.751139276705
50404.751139276705
50404.751139276705
50404.751139276705
50404.751139276705
50404.751139276705
50404.751139276705
50404.751139276705
50404.751139276705
50404.751139276705
50404.751139276705
50404.751139276705
50404.751139276705
50404.751139276705
50404.751139276705
50404.751139276705
50404.751139276705
50404.751139276705
50404.751139276705
50404.751139276705
50404.751139276705
50404.751139276705
50404.751139276705
50404.751139276705
50404.751139276705
50404.751139276705
50404.751139276705
50404.751139276705
50404.751139276705
50404.751139276705
50404.751139276705
50404.751139276705
50404.751139276705
50241.44371124879
50241.44371124879
50241.44371124879
50241.44371124879
50241.44371124879
50241.44371124879
50241.44371124879
50241.44371124879
50241.44371124879
50241.44371124879
50241.44371124879
50241.44371124879
50241.44371124879
50241.44371124879
50241.44371124879
49418.580870436876
49418.580870436876
49418.580870436876
49418.580870436876
49418.580870436876
49418.580870436876
49418.580870436876
49418.580870436876
49418.580870436876
49418.580870436876
49418.580870436876
49418.580870436876
49418.580870436876
49418.580870436876
49418.580870436876
49418.580870436876
49418.580870436876
49418.580870436876
49418.580870436876
49418.580870436876
49418.580870436876
49418.580870436876
49418.580870436876
49418.580870436876
49418.580870436876
49418.580870436876
49418.580870436876
49418.580870436876
49418.580870436876
49418.580870436876
49418.580870436876
49418.580870436876
49418.580870436876
49418.580870436876
49418.580870436876
49418.580870436876
49418.580870436876
49418.580870436876
49418.580870436876
49418.580870436876
49418.580870436876
49418.580870436876
49418.580870436876
49418.580870436876
49418.580870436876
49418.580870436876
49418.580870436876
49418.580870436876
49418.580870436876
49309.364964575994
49309.364964575994
49309.364964575994
49309.364964575994
49309.364964575994
49309.364964575994
49309.364964575994
49309.364964575994
49309.364964575994
49309.364964575994
49309.364964575994
49309.364964575994
49309.364964575994
49309.364964575994
49309.364964575994
49309.364964575994
49309.364964575994
49309.364964575994
49309.364964575994
49309.364964575994
49309.364964575994
49309.364964575994
49309.364964575994
49309.364964575994
49309.364964575994
49309.364964575994
49309.364964575994
49309.364964575994
49309.364964575994
49309.364964575994
49309.364964575994
49309.364964575994
49309.364964575994
49309.364964575994
49309.364964575994
49309.364964575994
49309.364964575994
49309.364964575994
49309.364964575994
49309.364964575994
49309.364964575994
49309.364964575994
49309.364964575994
49309.364964575994
49309.364964575994
49309.364964575994
49309.364964575994
49309.364964575994
49309.364964575994
49309.364964575994
49309.364964575994
49309.364964575994
49309.364964575994
49309.364964575994
49309.364964575994
49309.364964575994
49309.364964575994
49309.364964575994
49309.364964575994
49309.364964575994
49309.364964575994
49309.364964575994
49309.364964575994
49309.364964575994
49309.364964575994
49309.364964575994
49309.364964575994
49309.364964575994
49309.364964575994
49309.364964575994
49309.364964575994
49309.364964575994
49309.364964575994
49309.364964575994
49190.40687646545
49190.40687646545
49190.40687646545
49190.40687646545
49190.40687646545
49190.40687646545
48966.268555178496
48966.268555178496
48966.268555178496
48966.268555178496
48966.268555178496
48966.268555178496
48966.268555178496
48966.268555178496
48675.262817162555
48675.262817162555
48675.262817162555
48675.262817162555
48675.262817162555
48675.262817162555
48675.262817162555
48675.262817162555
48675.262817162555
48675.262817162555
48675.262817162555
48675.262817162555
48675.262817162555
48675.262817162555
48675.262817162555
48675.262817162555
48675.262817162555
48675.262817162555
48675.262817162555
48675.262817162555
48675.262817162555
48675.262817162555
48675.262817162555
48675.262817162555
48675.262817162555
48675.262817162555
48675.262817162555
48675.262817162555
48675.262817162555
48675.262817162555
48675.262817162555
48675.262817162555
48675.262817162555
48675.262817162555
48675.262817162555
48675.262817162555
48675.262817162555
48675.262817162555
48675.262817162555
48675.262817162555
48675.262817162555
48675.262817162555
48675.262817162555
48675.262817162555
48675.262817162555
48675.262817162555
48675.262817162555
48675.262817162555
48675.262817162555
48675.262817162555
48675.262817162555
48675.262817162555
48675.262817162555
48675.262817162555
48675.262817162555
48675.262817162555
48675.262817162555
48675.262817162555
48675.262817162555
48675.262817162555
48675.262817162555
48675.262817162555
48675.262817162555
48675.262817162555
48675.262817162555
48675.262817162555
48675.262817162555
48675.262817162555
48675.262817162555
48255.31716810937
48255.31716810937
48255.31716810937
48255.31716810937
48255.31716810937
48255.31716810937
48255.31716810937
48255.31716810937
48255.31716810937
48255.31716810937
48255.31716810937
48255.31716810937
48255.31716810937
48255.31716810937
48255.31716810937
48255.31716810937
48255.31716810937
48255.31716810937
48255.31716810937
48255.31716810937
48255.31716810937
48255.31716810937
48255.31716810937
48255.31716810937
48255.31716810937
48255.31716810937
48255.31716810937
48255.31716810937
47803.7422676016
47803.7422676016
47803.7422676016
47803.7422676016
47803.7422676016
47803.7422676016
47320.76675746908
47320.76675746908
47320.76675746908
47320.76675746908
47320.76675746908
47320.76675746908
47320.76675746908
47320.76675746908
47320.76675746908
47320.76675746908
47320.76675746908
47320.76675746908
47320.76675746908
47320.76675746908
47320.76675746908
47320.76675746908
47320.76675746908
47320.76675746908
47320.76675746908
47320.76675746908
47320.76675746908
47320.76675746908
47320.76675746908
47320.76675746908
47320.76675746908
47320.76675746908
47320.76675746908
47320.76675746908
47320.76675746908
47320.76675746908
47320.76675746908
47320.76675746908
47320.76675746908
47320.76675746908
47320.76675746908
47320.76675746908
47320.76675746908
47320.76675746908
47320.76675746908
46199.277185465544
46199.277185465544
46199.277185465544
46199.277185465544
46199.277185465544
46199.277185465544
46199.277185465544
46199.277185465544
46086.473613467286
46086.473613467286
46086.473613467286
46086.473613467286
46086.473613467286
46086.473613467286
46086.473613467286
46086.473613467286
46086.473613467286
46086.473613467286
46086.473613467286
46086.473613467286
46086.473613467286
46086.473613467286
46086.473613467286
46086.473613467286
46086.473613467286
46086.473613467286
46086.473613467286
46086.473613467286
46086.473613467286
46086.473613467286
46086.473613467286
46086.473613467286
46086.473613467286
46086.473613467286
46086.473613467286
46086.473613467286
46086.473613467286
46086.473613467286
46086.473613467286
46086.473613467286
46086.473613467286
46086.473613467286
46086.473613467286
46086.473613467286
46086.473613467286
46086.473613467286
46086.473613467286
46086.473613467286
46086.473613467286
46086.473613467286
46086.473613467286
46086.473613467286
46086.473613467286
46086.473613467286
46086.473613467286
46086.473613467286
46086.473613467286
46086.473613467286
46086.473613467286
46086.473613467286
46086.473613467286
46086.473613467286
46086.473613467286
46086.473613467286
46086.473613467286
46086.473613467286
46086.473613467286
46086.473613467286
46086.473613467286
46086.473613467286
46086.473613467286
46086.473613467286
46086.473613467286
46086.473613467286
46086.473613467286
46086.473613467286
46086.473613467286
46086.473613467286
46086.473613467286
46086.473613467286
46086.473613467286
46086.473613467286
46086.473613467286
46086.473613467286
46086.473613467286
46086.473613467286
46086.473613467286
46086.473613467286
46086.473613467286
46086.473613467286
46086.473613467286
45869.29393735179
45869.29393735179
45869.29393735179
45869.29393735179
45869.29393735179
45869.29393735179
45869.29393735179
45869.29393735179
45869.29393735179
45869.29393735179
45869.29393735179
45869.29393735179
45869.29393735179
45869.29393735179
45869.29393735179
45869.29393735179
45869.29393735179
45869.29393735179
45869.29393735179
45869.29393735179
45869.29393735179
45869.29393735179
45863.6576686804
45863.6576686804
45863.6576686804
45863.6576686804
45863.6576686804
45345.47863998924
45345.47863998924
45345.47863998924
45345.47863998924
45345.47863998924
45345.47863998924
45345.47863998924
45345.47863998924
45345.47863998924
45345.47863998924
45345.47863998924
45345.47863998924
45345.47863998924
45345.47863998924
45345.47863998924
45345.47863998924
45345.47863998924
45345.47863998924
45345.47863998924
45345.47863998924
45345.47863998924
45345.47863998924
45345.47863998924
45345.47863998924
45345.47863998924
45345.47863998924
45345.47863998924
45345.47863998924
45345.47863998924
45345.47863998924
45345.47863998924
45345.47863998924
45345.47863998924
45345.47863998924
45345.47863998924
45345.47863998924
45345.47863998924
45345.47863998924
45345.47863998924
45345.47863998924
45345.47863998924
45345.47863998924
45345.47863998924
45345.47863998924
45345.47863998924
45345.47863998924
45345.47863998924
45345.47863998924
45345.47863998924
45345.47863998924
45345.47863998924
45345.47863998924
45345.47863998924
45345.47863998924
45345.47863998924
45345.47863998924
45345.47863998924
45345.47863998924
45345.47863998924
45345.47863998924
45345.47863998924
45225.18910097942
45225.18910097942
45225.18910097942
45225.18910097942
45225.18910097942
45225.18910097942
45225.18910097942
45166.346211394826
45166.346211394826
45166.346211394826
45166.346211394826
45166.346211394826
45166.346211394826
45166.346211394826
45166.346211394826
45166.346211394826
45166.346211394826
45166.346211394826
45166.346211394826
45166.346211394826
45166.346211394826
45166.346211394826
45166.346211394826
45166.346211394826
45166.346211394826
45166.346211394826
45166.346211394826
45166.346211394826
45166.346211394826
45166.346211394826
45166.346211394826
45166.346211394826
45166.346211394826
45166.346211394826
45166.346211394826
45166.346211394826
45166.346211394826
45166.346211394826
45166.346211394826
45166.346211394826
45166.346211394826
45166.346211394826
45166.346211394826
45166.346211394826
45166.346211394826
45166.346211394826
45166.346211394826
45166.346211394826
45166.346211394826
45166.346211394826
45166.346211394826
45166.346211394826
45166.346211394826
45166.346211394826
45166.346211394826
45166.346211394826
45166.346211394826
45166.346211394826
45166.346211394826
45166.346211394826
45166.346211394826
45166.346211394826
45166.346211394826
45166.346211394826
45166.346211394826
45166.346211394826
45166.346211394826
45166.346211394826
45166.346211394826
45166.346211394826
45166.346211394826
45166.346211394826
45166.346211394826
45166.346211394826
45166.346211394826
45166.346211394826
45166.346211394826
45166.346211394826
45166.346211394826
45166.346211394826
45166.346211394826
45166.346211394826
45166.346211394826
45166.346211394826
45166.346211394826
45166.346211394826
45166.346211394826
45166.346211394826
45166.346211394826
45166.346211394826
45166.346211394826
45166.346211394826
45166.346211394826
45166.346211394826
45166.346211394826
45166.346211394826
45166.346211394826
45166.346211394826
45166.346211394826
45166.346211394826
45166.346211394826
45166.346211394826
45166.346211394826
45166.346211394826
45166.346211394826
45166.346211394826
45166.346211394826
45166.346211394826
45166.346211394826
45166.346211394826
45166.346211394826
45166.346211394826
45166.346211394826
44909.46961867588
44909.46961867588
44909.46961867588
44909.46961867588
44909.46961867588
44909.46961867588
44909.46961867588
44909.46961867588
44909.46961867588
44909.46961867588
44909.46961867588
44909.46961867588
44909.46961867588
44909.46961867588
44909.46961867588
44909.46961867588
44909.46961867588
44909.46961867588
44909.46961867588
44909.46961867588
44909.46961867588
44909.46961867588
44909.46961867588
44909.46961867588
44909.46961867588
44909.46961867588
44909.46961867588
44909.46961867588
44909.46961867588
44909.46961867588
44909.46961867588
44909.46961867588
44909.46961867588
44909.46961867588
44909.46961867588
44909.46961867588
44743.70177670361
44743.70177670361
44743.70177670361
44743.70177670361
44743.70177670361
44743.70177670361
44743.70177670361
44743.70177670361
44743.70177670361
44743.70177670361
44743.70177670361
44743.70177670361
44743.70177670361
44743.70177670361
44743.70177670361
44743.70177670361
44743.70177670361
44743.70177670361
44743.70177670361
44743.70177670361
44743.70177670361
44743.70177670361
44743.70177670361
44743.70177670361
44743.70177670361
44743.70177670361
44743.70177670361
44743.70177670361
44743.70177670361
44743.70177670361
44743.70177670361
44743.70177670361
44743.70177670361
44743.70177670361
44743.70177670361
44743.70177670361
44743.70177670361
44743.70177670361
44743.70177670361
44743.70177670361
44743.70177670361
44743.70177670361
44743.70177670361
44743.70177670361
44743.70177670361
44743.70177670361
44743.70177670361
44743.70177670361
44743.70177670361
44743.70177670361
44743.70177670361
44743.70177670361
44743.70177670361
44743.70177670361
44743.70177670361
44743.70177670361
44743.70177670361
44743.70177670361
44743.70177670361
44743.70177670361
44743.70177670361
44743.70177670361
44743.70177670361
44743.70177670361
44743.70177670361
44743.70177670361
44743.70177670361
44743.70177670361
44743.70177670361
44743.70177670361
44743.70177670361
44743.70177670361
44743.70177670361
44743.70177670361
44743.70177670361
44743.70177670361
44743.70177670361
44743.70177670361
44743.70177670361
44743.70177670361
44743.70177670361
44743.70177670361
44743.70177670361
44743.70177670361
44743.70177670361
44743.70177670361
44743.70177670361
44743.70177670361
44743.70177670361
44743.70177670361
44743.70177670361
44743.70177670361
44743.70177670361
44743.70177670361
44743.70177670361
44743.70177670361
44743.70177670361
44743.70177670361
44743.70177670361
44743.70177670361
44743.70177670361
44743.70177670361
44743.70177670361
44743.70177670361
44743.70177670361
44743.70177670361
44743.70177670361
44743.70177670361
44743.70177670361
44743.70177670361
44743.70177670361
44743.70177670361
44743.70177670361
44743.70177670361
44743.70177670361
44743.70177670361
44743.70177670361
44743.70177670361
44743.70177670361
44743.70177670361
44743.70177670361
44743.70177670361
44743.70177670361
44743.70177670361
44743.70177670361
44743.70177670361
44743.70177670361
44743.70177670361
44743.70177670361
44743.70177670361
44743.70177670361
44743.70177670361
44743.70177670361
44743.70177670361
44743.70177670361
44743.70177670361
44743.70177670361
44743.70177670361
44743.70177670361
44743.70177670361
44743.70177670361
44743.70177670361
44743.70177670361
44743.70177670361
44743.70177670361
44743.70177670361
44743.70177670361
44743.70177670361
44743.70177670361
44743.70177670361
44743.70177670361
44743.70177670361
44743.70177670361
44743.70177670361
44743.70177670361
44743.70177670361
44743.70177670361
44743.70177670361
44743.70177670361
44743.70177670361
44743.70177670361
44743.70177670361
44743.70177670361
44743.70177670361
44743.70177670361
44743.70177670361
44743.70177670361
44743.70177670361
44743.70177670361
44743.70177670361
44743.70177670361
44743.70177670361
44743.70177670361
44743.70177670361
44743.70177670361
44743.70177670361
44743.70177670361
44743.70177670361
44743.70177670361
44743.70177670361
44743.70177670361
44743.70177670361
44743.70177670361
44743.70177670361
44743.70177670361
44743.70177670361
44743.70177670361
44743.70177670361
44743.70177670361
44743.70177670361
44743.70177670361
44743.70177670361
44743.70177670361
44743.70177670361
44743.70177670361
44743.70177670361
44743.70177670361
44421.59601442376
44421.59601442376
44421.59601442376
44421.59601442376
44421.59601442376
44421.59601442376
44421.59601442376
44421.59601442376
44421.59601442376
44421.59601442376
44421.59601442376
44421.59601442376
44421.59601442376
44421.59601442376
44421.59601442376
44421.59601442376
44421.59601442376
44421.59601442376
44421.59601442376
44421.59601442376
44421.59601442376
44421.59601442376
44421.59601442376
44421.59601442376
44421.59601442376
44421.59601442376
44421.59601442376
44421.59601442376
44421.59601442376
44421.59601442376
44421.59601442376
44421.59601442376
44421.59601442376
44421.59601442376
44421.59601442376
44421.59601442376
44421.59601442376
44421.59601442376
44421.59601442376
44421.59601442376
44421.59601442376
44421.59601442376
44421.59601442376
44421.59601442376
44421.59601442376
44421.59601442376
44421.59601442376
44421.59601442376
44421.59601442376
44421.59601442376
44421.59601442376
44421.59601442376
44421.59601442376
44421.59601442376
44421.59601442376
44421.59601442376
44421.59601442376
44421.59601442376
44421.59601442376
44421.59601442376
44421.59601442376
44421.59601442376
44421.59601442376
44421.59601442376
44421.59601442376
44421.59601442376
44421.59601442376
44421.59601442376
44421.59601442376
44421.59601442376
44421.59601442376
44421.59601442376
44421.59601442376
44421.59601442376
44421.59601442376
44421.59601442376
44421.59601442376
44421.59601442376
44421.59601442376
44421.59601442376
44421.59601442376
44421.59601442376
44421.59601442376
44421.59601442376
44421.59601442376
44421.59601442376
44421.59601442376
44421.59601442376
44421.59601442376
44421.59601442376
44421.59601442376
44421.59601442376
44421.59601442376
44421.59601442376
44421.59601442376
44421.59601442376
44421.59601442376
44421.59601442376
44421.59601442376
44421.59601442376
44421.59601442376
44421.59601442376
44421.59601442376
44421.59601442376
44421.59601442376
44421.59601442376
44421.59601442376
44421.59601442376
44421.59601442376
44421.59601442376
44421.59601442376
44421.59601442376
44421.59601442376
44421.59601442376
44421.59601442376
44284.66610736038
44284.66610736038
44284.66610736038
44284.66610736038
44284.66610736038
44284.66610736038
44284.66610736038
44284.66610736038
44284.66610736038
44284.66610736038
44284.66610736038
44284.66610736038
44284.66610736038
44070.111135359635
44070.111135359635
44070.111135359635
44070.111135359635
44070.111135359635
44070.111135359635
44070.111135359635
44070.111135359635
44070.111135359635
44070.111135359635
44070.111135359635
44070.111135359635
44070.111135359635
44070.111135359635
44070.111135359635
44070.111135359635
44070.111135359635
44070.111135359635
44070.111135359635
43954.99865399334
43954.99865399334
43954.99865399334
43954.99865399334
43954.99865399334
43954.99865399334
43954.99865399334
43954.99865399334
43954.99865399334
43954.99865399334
43954.99865399334
43954.99865399334
43954.99865399334
43954.99865399334
43954.99865399334
43954.99865399334
43954.99865399334
43954.99865399334
43954.99865399334
43954.99865399334
43954.99865399334
43954.99865399334
43954.99865399334
43954.99865399334
43954.99865399334
43954.99865399334
43954.99865399334
43954.99865399334
43954.99865399334
43830.73375341589
43830.73375341589
43830.73375341589
43830.73375341589
43830.73375341589
43830.73375341589
43830.73375341589
43830.73375341589
43830.73375341589
43830.73375341589
43830.73375341589
43830.73375341589
43830.73375341589
43830.73375341589
43830.73375341589
43830.73375341589
43830.73375341589
43830.73375341589
43830.73375341589
43830.73375341589
43830.73375341589
43830.73375341589
43830.73375341589
43830.73375341589
43830.73375341589
43830.73375341589
43830.73375341589
43830.73375341589
43698.12286399173
43698.12286399173
43698.12286399173
43698.12286399173
43698.12286399173
43698.12286399173
43698.12286399173
43698.12286399173
43698.12286399173
43698.12286399173
43698.12286399173
43698.12286399173
43698.12286399173
43698.12286399173
43698.12286399173
43698.12286399173
43698.12286399173
43698.12286399173
43698.12286399173
43698.12286399173
43698.12286399173
43698.12286399173
43698.12286399173
43698.12286399173
43698.12286399173
43698.12286399173
43698.12286399173
43698.12286399173
43698.12286399173
43698.12286399173
43698.12286399173
43698.12286399173
43698.12286399173
43698.12286399173
43560.56398024979
43560.56398024979
43560.56398024979
43560.56398024979
43560.56398024979
43560.56398024979
43560.56398024979
43560.56398024979
43560.56398024979
43560.56398024979
43560.56398024979
43560.56398024979
43560.56398024979
43560.56398024979
43560.56398024979
43560.56398024979
43560.56398024979
43560.56398024979
43560.56398024979
43560.56398024979
43560.56398024979
43560.56398024979
43560.56398024979
43560.56398024979
43560.56398024979
43560.56398024979
43560.56398024979
43560.56398024979
43560.56398024979
43252.3322937247
43252.3322937247
43252.3322937247
43252.3322937247
43252.3322937247
43252.3322937247
43252.3322937247
43252.3322937247
43252.3322937247
43252.3322937247
43252.3322937247
43252.3322937247
43252.3322937247
43252.3322937247
43252.3322937247
43252.3322937247
43252.3322937247
43252.3322937247
43252.3322937247
43252.3322937247
43252.3322937247
43252.3322937247
43252.3322937247
43252.3322937247
43252.3322937247
43252.3322937247
43252.3322937247
43252.3322937247
43252.3322937247
43252.3322937247
43252.3322937247
43252.3322937247
43252.3322937247
43252.3322937247
43252.3322937247
43252.3322937247
43252.3322937247
43252.3322937247
43252.3322937247
43252.3322937247
43252.3322937247
43252.3322937247
43252.3322937247
43252.3322937247
43252.3322937247
43252.3322937247
43252.3322937247
43252.3322937247
43252.3322937247
43252.3322937247
43252.3322937247
43252.3322937247
43252.3322937247
43252.3322937247
43205.27229415732
43205.27229415732
43205.27229415732
43205.27229415732
43205.27229415732
43205.27229415732
43205.27229415732
43205.27229415732
43205.27229415732
43205.27229415732
43205.27229415732
43205.27229415732
43205.27229415732
43205.27229415732
43205.27229415732
43205.27229415732
43205.27229415732
43205.27229415732
43205.27229415732
43205.27229415732
43205.27229415732
43205.27229415732
43205.27229415732
43205.27229415732
43205.27229415732
43205.27229415732
43205.27229415732
43205.27229415732
43205.27229415732
43205.27229415732
43205.27229415732
43205.27229415732
43205.27229415732
43205.27229415732
43205.27229415732
43205.27229415732
43205.27229415732
43205.27229415732
43205.27229415732
43205.27229415732
43205.27229415732
43205.27229415732
43205.27229415732
43205.27229415732
43205.27229415732
43205.27229415732
43205.27229415732
43205.27229415732
43205.27229415732
43205.27229415732
43205.27229415732
43205.27229415732
43205.27229415732
43205.27229415732
43205.27229415732
43205.27229415732
43205.27229415732
43205.27229415732
43205.27229415732
43205.27229415732
43205.27229415732
43205.27229415732
43205.27229415732
43205.27229415732
43205.27229415732
43205.27229415732
43205.27229415732
43205.27229415732
43205.27229415732
43205.27229415732
43205.27229415732
43205.27229415732
43205.27229415732
43205.27229415732
43205.27229415732
43205.27229415732
43199.47893418934
43199.47893418934
43199.47893418934
43199.47893418934
43199.47893418934
43199.47893418934
43199.47893418934
43199.47893418934
43199.47893418934
43199.47893418934
43199.47893418934
43199.47893418934
43199.47893418934
43005.75751601777
43005.75751601777
43005.75751601777
43005.75751601777
43005.75751601777
43005.75751601777
43005.75751601777
43005.75751601777
43005.75751601777
43005.75751601777
43005.75751601777
43005.75751601777
43005.75751601777
43005.75751601777
43005.75751601777
43005.75751601777
43005.75751601777
43005.75751601777
43005.75751601777
43005.75751601777
43005.75751601777
43005.75751601777
43005.75751601777
43005.75751601777
43005.75751601777
43005.75751601777
43005.75751601777
43005.75751601777
43005.75751601777
43005.75751601777
43005.75751601777
43005.75751601777
43005.75751601777
43005.75751601777
43005.75751601777
43005.75751601777
43005.75751601777
43005.75751601777
43005.75751601777
43005.75751601777
43005.75751601777
43005.75751601777
43005.75751601777
43005.75751601777
43005.75751601777
43005.75751601777
43005.75751601777
43005.75751601777
43005.75751601777
43005.75751601777
43005.75751601777
43005.75751601777
43005.75751601777
42885.23073992711
42885.23073992711
42885.23073992711
42885.23073992711
42885.23073992711
42885.23073992711
42885.23073992711
42885.23073992711
42885.23073992711
42885.23073992711
42885.23073992711
42885.23073992711
42885.23073992711
42874.456949517844
42874.456949517844
42874.456949517844
42874.456949517844
42874.456949517844
42874.456949517844
42817.15783896314
42817.15783896314
42817.15783896314
42817.15783896314
42817.15783896314
42817.15783896314
42817.15783896314
42817.15783896314
42817.15783896314
42817.15783896314
42817.15783896314
42817.15783896314
42817.15783896314
42817.15783896314
42817.15783896314
42817.15783896314
42765.93596924925
42765.93596924925
42765.93596924925
42765.93596924925
42765.93596924925
42765.93596924925
42765.93596924925
42765.93596924925
42765.93596924925
42765.93596924925
42449.415780225056
42449.415780225056
42282.95932200547
42282.95932200547
42282.95932200547
42282.95932200547
42087.085571017094
42087.085571017094
42087.085571017094
42087.085571017094
42087.085571017094
42087.085571017094
42087.085571017094
42087.085571017094
42087.085571017094
42087.085571017094
42087.085571017094
42087.085571017094
42087.085571017094
42087.085571017094
42087.085571017094
42087.085571017094
42087.085571017094
42087.085571017094
42087.085571017094
42087.085571017094
42087.085571017094
42087.085571017094
42087.085571017094
42087.085571017094
42087.085571017094
42087.085571017094
42087.085571017094
42087.085571017094
42087.085571017094
42087.085571017094
42087.085571017094
42087.085571017094
42087.085571017094
42087.085571017094
42087.085571017094
42087.085571017094
42087.085571017094
42087.085571017094
42087.085571017094
42087.085571017094
42087.085571017094
42087.085571017094
42087.085571017094
42087.085571017094
42087.085571017094
42087.085571017094
42087.085571017094
42087.085571017094
42087.085571017094
42087.085571017094
42087.085571017094
42087.085571017094
42087.085571017094
42087.085571017094
42087.085571017094
42087.085571017094
42087.085571017094
42087.085571017094
42087.085571017094
42087.085571017094
42087.085571017094
42087.085571017094
42087.085571017094
42087.085571017094
42087.085571017094
42087.085571017094
42087.085571017094
42087.085571017094
42087.085571017094
42087.085571017094
42087.085571017094
42087.085571017094
42087.085571017094
42087.085571017094
42087.085571017094
42087.085571017094
42087.085571017094
42087.085571017094
42087.085571017094
42087.085571017094
42087.085571017094
42087.085571017094
42087.085571017094
42087.085571017094
42087.085571017094
42087.085571017094
42087.085571017094
42087.085571017094
42087.085571017094
42087.085571017094
42087.085571017094
42087.085571017094
42087.085571017094
42087.085571017094
42087.085571017094
42087.085571017094
42087.085571017094
42087.085571017094
42087.085571017094
42087.085571017094
42087.085571017094
42087.085571017094
42087.085571017094
42087.085571017094
42087.085571017094
42087.085571017094
42087.085571017094
42087.085571017094
42087.085571017094
42087.085571017094
42087.085571017094
42087.085571017094
42087.085571017094
42087.085571017094
42087.085571017094
42087.085571017094
42087.085571017094
42087.085571017094
42087.085571017094
42087.085571017094
42087.085571017094
42087.085571017094
42087.085571017094
42087.085571017094
42087.085571017094
42087.085571017094
42087.085571017094
42087.085571017094
42087.085571017094
42087.085571017094
42087.085571017094
42087.085571017094
42087.085571017094
42087.085571017094
42087.085571017094
42087.085571017094
42087.085571017094
42087.085571017094
42087.085571017094
42087.085571017094
42087.085571017094
41966.959148609174
41966.959148609174
41966.959148609174
41966.959148609174
41966.959148609174
41966.959148609174
41966.959148609174
41966.959148609174
41966.959148609174
41966.959148609174
41966.959148609174
41966.959148609174
41966.959148609174
41966.959148609174
41966.959148609174
41927.16029030923
41927.16029030923
41927.16029030923
41927.16029030923
41927.16029030923
41927.16029030923
41927.16029030923
41927.16029030923
41927.16029030923
41927.16029030923
41927.16029030923
41927.16029030923
41927.16029030923
41927.16029030923
41927.16029030923
41927.16029030923
41927.16029030923
41927.16029030923
41927.16029030923
41927.16029030923
41927.16029030923
41927.16029030923
41927.16029030923
41927.16029030923
41927.16029030923
41927.16029030923
41927.16029030923
41927.16029030923
41927.16029030923
41927.16029030923
41927.16029030923
41927.16029030923
41927.16029030923
41927.16029030923
41927.16029030923
41927.16029030923
41927.16029030923
41927.16029030923
41304.62364173763
41304.62364173763
41304.62364173763
41304.62364173763
41304.62364173763
41304.62364173763
41304.62364173763
41304.62364173763
41304.62364173763
41304.62364173763
41304.62364173763
41070.601812055625
41070.601812055625
41070.601812055625
41070.601812055625
41070.601812055625
41070.601812055625
41070.601812055625
41070.601812055625
41070.601812055625
41070.601812055625
41070.601812055625
41070.601812055625
41070.601812055625
41070.601812055625
41070.601812055625
41070.601812055625
41070.601812055625
41070.601812055625
41070.601812055625
41070.601812055625
41070.601812055625
41070.601812055625
41070.601812055625
41070.601812055625
41070.601812055625
41070.601812055625
41070.601812055625
41070.601812055625
41070.601812055625
41070.601812055625
41070.601812055625
41070.601812055625
41070.601812055625
41070.601812055625
41070.601812055625
41070.601812055625
41070.601812055625
41070.601812055625
41070.601812055625
41070.601812055625
41070.601812055625
41070.601812055625
41070.601812055625
41070.601812055625
41070.601812055625
41070.601812055625
41070.601812055625
41070.601812055625
41070.601812055625
41069.389014255474
41069.389014255474
41069.389014255474
41069.389014255474
41069.389014255474
41069.389014255474
41069.389014255474
41069.389014255474
41069.389014255474
41069.389014255474
41069.389014255474
41069.389014255474
41069.389014255474
41069.389014255474
41069.389014255474
41069.389014255474
41069.389014255474
41069.389014255474
41069.389014255474
41069.389014255474
41069.389014255474
41069.389014255474
40963.08223919207
40963.08223919207
40963.08223919207
40963.08223919207
40963.08223919207
40963.08223919207
40963.08223919207
40798.42332502059
40798.42332502059
40798.42332502059
40798.42332502059
40798.42332502059
40798.42332502059
40798.42332502059
40798.42332502059
40798.42332502059
40798.42332502059
40798.42332502059
40798.42332502059
40798.42332502059
40798.42332502059
40798.42332502059
40798.42332502059
40798.42332502059
40798.42332502059
40798.42332502059
40235.95548964222
40235.95548964222
40235.95548964222
40235.95548964222
40235.95548964222
40235.95548964222
40235.95548964222
40235.95548964222
40235.95548964222
40235.95548964222
40235.95548964222
40235.95548964222
40235.95548964222
40235.95548964222
40235.95548964222
40235.95548964222
40235.95548964222
40235.95548964222
40235.95548964222
40235.95548964222
40235.95548964222
40235.95548964222
40235.95548964222
40235.95548964222
40235.95548964222
40235.95548964222
40235.95548964222
40235.95548964222
40235.95548964222
40235.95548964222
40235.95548964222
40235.95548964222
40235.95548964222
40235.95548964222
40235.95548964222
40235.95548964222
40235.95548964222
40235.95548964222
40235.95548964222
40235.95548964222
40235.95548964222
40235.95548964222
40235.95548964222
40235.95548964222
40235.95548964222
40235.95548964222
40235.95548964222
40235.95548964222
40235.95548964222
40235.95548964222
40235.95548964222
40235.95548964222
40235.95548964222
40235.95548964222
40235.95548964222
40235.95548964222
40235.95548964222
40235.95548964222
40235.95548964222
40235.95548964222
40235.95548964222
40235.95548964222
40235.95548964222
40235.95548964222
40235.95548964222
40191.65294891957
40191.65294891957
40191.65294891957
40191.65294891957
40191.65294891957
40191.65294891957
40191.65294891957
40116.811913993566
40116.811913993566
40116.811913993566
40116.811913993566
40116.811913993566
40116.811913993566
40116.811913993566
40116.811913993566
40116.811913993566
40116.811913993566
40116.811913993566
40116.811913993566
40071.296575470755
40071.296575470755
40071.296575470755
40071.296575470755
40071.296575470755
40071.296575470755
40071.296575470755
40071.296575470755
40071.296575470755
40071.296575470755
40071.296575470755
40071.296575470755
40071.296575470755
40071.296575470755
40071.296575470755
40071.296575470755
40071.296575470755
40071.296575470755
40071.296575470755
40071.296575470755
40071.296575470755
40071.296575470755
40071.296575470755
40071.296575470755
40071.296575470755
40071.296575470755
40071.296575470755
40071.296575470755
40071.296575470755
40071.296575470755
40071.296575470755
40071.296575470755
40071.296575470755
40071.296575470755
40071.296575470755
40071.296575470755
40071.296575470755
40071.296575470755
40071.296575470755
40071.296575470755
40071.296575470755
40071.296575470755
40071.296575470755
40071.296575470755
40071.296575470755
40071.296575470755
40071.296575470755
40071.296575470755
40071.296575470755
40071.296575470755
40071.296575470755
40071.296575470755
40071.296575470755
40071.296575470755
40071.296575470755
40071.296575470755
39589.3554756864
39589.3554756864
39589.3554756864
39589.3554756864
39589.3554756864
39589.3554756864
39589.3554756864
39589.3554756864
39589.3554756864
39589.3554756864
39589.3554756864
39589.3554756864
39589.3554756864
39589.3554756864
39589.3554756864
39589.3554756864
39589.3554756864
39589.3554756864
39589.3554756864
39589.3554756864
39589.3554756864
39589.3554756864
39589.3554756864
39589.3554756864
39589.3554756864
39589.3554756864
39589.3554756864
39589.3554756864
39589.3554756864
39589.3554756864
39589.3554756864
39589.3554756864
39589.3554756864
39589.3554756864
39589.3554756864
39589.3554756864
39589.3554756864
39589.3554756864
39589.3554756864
39589.3554756864
39589.3554756864
39589.3554756864
39589.3554756864
39589.3554756864
39589.3554756864
39589.3554756864
39589.3554756864
39589.3554756864
39589.3554756864
39589.3554756864
39589.3554756864
39589.3554756864
39589.3554756864
39589.3554756864
39589.3554756864
39589.3554756864
39589.3554756864
39589.3554756864
39589.3554756864
39589.3554756864
39589.3554756864
39589.3554756864
39589.3554756864
39589.3554756864
39589.3554756864
39589.3554756864
39589.3554756864
39589.3554756864
39589.3554756864
39589.3554756864
39589.3554756864
39589.3554756864
39589.3554756864
39589.3554756864
39589.3554756864
39589.3554756864
39589.3554756864
39589.3554756864
39589.3554756864
39589.3554756864
39589.3554756864
39589.3554756864
39589.3554756864
39589.3554756864
39589.3554756864
39589.3554756864
39589.3554756864
39589.3554756864
39589.3554756864
39589.3554756864
39589.3554756864
39589.3554756864
39589.3554756864
39589.3554756864
39589.3554756864
39589.3554756864
39589.3554756864
39589.3554756864
39589.3554756864
39589.3554756864
39589.3554756864
39589.3554756864
39589.3554756864
39589.3554756864
39589.3554756864
39589.3554756864
39589.3554756864
39589.3554756864
39589.3554756864
39589.3554756864
39589.3554756864
39589.3554756864
39589.3554756864
39589.3554756864
39589.3554756864
39589.3554756864
39589.3554756864
39589.3554756864
39589.3554756864
39589.3554756864
39589.3554756864
39589.3554756864
39589.3554756864
39589.3554756864
39589.3554756864
39589.3554756864
39589.3554756864
39589.3554756864
39589.3554756864
39589.3554756864
39589.3554756864
39589.3554756864
39589.3554756864
39589.3554756864
39589.3554756864
39589.3554756864
39589.3554756864
39589.3554756864
39589.3554756864
39589.3554756864
39589.3554756864
39589.3554756864
39589.3554756864
39589.3554756864
39589.3554756864
39589.3554756864
39589.3554756864
39589.3554756864
39589.3554756864
39589.3554756864
39589.3554756864
39589.3554756864
39589.3554756864
39589.3554756864
39589.3554756864
39589.3554756864
39589.3554756864
39589.3554756864
39589.3554756864
39589.3554756864
39589.3554756864
39589.3554756864
39589.3554756864
39589.3554756864
39589.3554756864
39589.3554756864
39589.3554756864
39589.3554756864
39589.3554756864
39589.3554756864
39589.3554756864
39589.3554756864
39589.3554756864
39589.3554756864
39589.3554756864
39589.3554756864
39589.3554756864
39589.3554756864
39589.3554756864
39589.3554756864
39589.3554756864
39589.3554756864
39589.3554756864
39589.3554756864
39589.3554756864
39589.3554756864
39589.3554756864
39589.3554756864
39589.3554756864
39589.3554756864
39589.3554756864
39589.3554756864
39589.3554756864
39589.3554756864
39589.3554756864
39589.3554756864
39589.3554756864
39589.3554756864
39589.3554756864
39589.3554756864
39589.3554756864
39589.3554756864
39589.3554756864
39589.3554756864
39589.3554756864
39589.3554756864
39589.3554756864
39589.3554756864
39589.3554756864
39589.3554756864
39589.3554756864
39589.3554756864
39578.723140312206
39578.723140312206
39578.723140312206
39578.723140312206
39578.723140312206
39578.723140312206
39578.723140312206
39578.723140312206
39578.723140312206
39578.723140312206
39578.723140312206
39578.723140312206
39578.723140312206
39578.723140312206
39578.723140312206
39578.723140312206
39578.723140312206
39578.723140312206
39578.723140312206
39578.723140312206
39578.723140312206
39578.723140312206
39578.723140312206
39578.723140312206
39578.723140312206
39578.723140312206
39578.723140312206
39578.723140312206
39578.723140312206
39578.723140312206
39578.723140312206
39578.723140312206
39578.723140312206
39578.723140312206
39578.723140312206
39578.723140312206
39578.723140312206
39578.723140312206
39578.723140312206
39578.723140312206
39578.723140312206
39578.723140312206
39578.723140312206
39578.723140312206
39578.723140312206
39578.723140312206
39578.723140312206
39578.723140312206
39578.723140312206
39578.723140312206
39578.723140312206
39578.723140312206
39578.723140312206
39578.723140312206
39578.723140312206
39578.723140312206
39578.723140312206
39578.723140312206
39578.723140312206
39578.723140312206
39578.723140312206
39578.723140312206
39578.723140312206
39578.723140312206
39578.723140312206
39578.723140312206
39578.723140312206
39578.723140312206
39578.723140312206
39578.723140312206
39578.723140312206
39578.723140312206
39578.723140312206
39578.723140312206
39578.723140312206
39578.723140312206
39578.723140312206
39578.723140312206
39578.723140312206
39578.723140312206
39578.723140312206
39578.723140312206
39578.723140312206
39578.723140312206
39578.723140312206
39578.723140312206
39578.723140312206
39578.723140312206
39578.723140312206
39578.723140312206
39578.723140312206
39578.723140312206
39578.723140312206
39578.723140312206
39578.723140312206
39578.723140312206
39578.723140312206
39578.723140312206
39578.723140312206
39578.723140312206
39578.723140312206
39578.723140312206
39578.723140312206
39578.723140312206
39578.723140312206
39578.723140312206
39578.723140312206
39578.723140312206
39578.723140312206
39199.188650659424
39199.188650659424
39199.188650659424
39199.188650659424
39199.188650659424
39199.188650659424
39199.188650659424
39199.188650659424
39199.188650659424
39199.188650659424
39199.188650659424
39199.188650659424
39199.188650659424
39199.188650659424
39199.188650659424
39199.188650659424
39199.188650659424
39199.188650659424
39199.188650659424
39199.188650659424
39199.188650659424
39199.188650659424
39199.188650659424
39199.188650659424
39199.188650659424
39199.188650659424
39199.188650659424
39199.188650659424
39199.188650659424
39199.188650659424
39199.188650659424
39199.188650659424
39199.188650659424
39199.188650659424
39199.188650659424
39199.188650659424
39199.188650659424
39199.188650659424
39199.188650659424
39199.188650659424
39199.188650659424
39199.188650659424
39199.188650659424
39199.188650659424
39199.188650659424
39199.188650659424
39199.188650659424
39199.188650659424
39199.188650659424
39199.188650659424
39199.188650659424
39199.188650659424
39199.188650659424
39199.188650659424
39199.188650659424
39199.188650659424
39199.188650659424
39199.188650659424
39199.188650659424
39199.188650659424
39199.188650659424
39199.188650659424
39199.188650659424
39199.188650659424
39199.188650659424
39199.188650659424
39199.188650659424
39199.188650659424
39199.188650659424
39199.188650659424
39199.188650659424
39199.188650659424
39199.188650659424
39199.188650659424
39199.188650659424
39199.188650659424
39199.188650659424
39199.188650659424
39199.188650659424
39199.188650659424
39199.188650659424
39199.188650659424
39199.188650659424
39199.188650659424
39199.188650659424
39199.188650659424
39199.188650659424
39199.188650659424
39199.188650659424
39199.188650659424
39199.188650659424
39199.188650659424
39199.188650659424
39199.188650659424
39199.188650659424
39199.188650659424
39199.188650659424
39199.188650659424
39199.188650659424
39199.188650659424
39199.188650659424
39199.188650659424
39199.188650659424
39199.188650659424
39199.188650659424
39199.188650659424
39199.188650659424
39199.188650659424
39199.188650659424
39199.188650659424
39199.188650659424
39199.188650659424
39199.188650659424
39199.188650659424
39199.188650659424
39199.188650659424
39199.188650659424
39199.188650659424
39199.188650659424
39199.188650659424
39199.188650659424
39199.188650659424
39199.188650659424
39199.188650659424
39199.188650659424
39191.367107289174
39191.367107289174
39191.367107289174
39191.367107289174
39191.367107289174
39191.367107289174
39191.367107289174
39191.367107289174
39191.367107289174
39191.367107289174
39191.367107289174
39191.367107289174
39191.367107289174
39191.367107289174
39191.367107289174
39191.367107289174
39191.367107289174
39191.367107289174
39191.367107289174
39191.367107289174
39191.367107289174
39191.367107289174
39191.367107289174
39191.367107289174
39191.367107289174
39191.367107289174
39191.367107289174
39191.367107289174
39191.367107289174
39191.367107289174
39191.367107289174
39122.95193108463
39122.95193108463
39122.95193108463
39122.95193108463
39122.95193108463
39122.95193108463
39122.95193108463
39122.95193108463
39122.95193108463
39122.95193108463
39122.95193108463
39122.95193108463
39122.95193108463
39122.95193108463
39122.95193108463
39122.95193108463
39122.95193108463
39122.95193108463
39122.95193108463
39122.95193108463
39122.95193108463
39122.95193108463
39122.95193108463
39122.95193108463
39122.95193108463
39122.95193108463
39122.95193108463
39122.95193108463
38992.25850715559
38992.25850715559
38992.25850715559
38992.25850715559
38992.25850715559
38992.25850715559
38992.25850715559
38992.25850715559
38992.25850715559
38992.25850715559
38881.63298650725
38881.63298650725
38881.63298650725
38881.63298650725
38881.63298650725
38881.63298650725
38881.63298650725
38881.63298650725
38881.63298650725
38881.63298650725
38881.63298650725
38881.63298650725
38881.63298650725
38881.63298650725
38881.63298650725
38881.63298650725
38881.63298650725
38881.63298650725
38881.63298650725
38881.63298650725
38881.63298650725
38881.63298650725
38881.63298650725
38881.63298650725
38881.63298650725
38881.63298650725
38881.63298650725
38881.63298650725
38881.63298650725
38881.63298650725
38881.63298650725
38881.63298650725
38881.63298650725
38881.63298650725
38881.63298650725
38881.63298650725
38881.63298650725
38881.63298650725
38881.63298650725
38881.63298650725
38519.19095827154
38519.19095827154
38519.19095827154
38519.19095827154
38519.19095827154
38519.19095827154
38519.19095827154
38519.19095827154
38519.19095827154
38519.19095827154
38519.19095827154
38519.19095827154
38519.19095827154
38519.19095827154
38519.19095827154
38519.19095827154
38519.19095827154
38519.19095827154
38519.19095827154
38519.19095827154
38519.19095827154
38519.19095827154
38519.19095827154
38519.19095827154
38519.19095827154
38519.19095827154
38519.19095827154
38519.19095827154
38519.19095827154
38519.19095827154
38519.19095827154
38519.19095827154
38519.19095827154
38078.569301416515
38078.569301416515
38078.569301416515
38078.569301416515
38078.569301416515
38078.569301416515
38078.569301416515
38078.569301416515
38078.569301416515
38078.569301416515
38078.569301416515
38078.569301416515
38078.569301416515
38078.569301416515
38078.569301416515
38078.569301416515
38078.569301416515
38078.569301416515
38078.569301416515
38078.569301416515
38078.569301416515
38078.569301416515
38078.569301416515
38078.569301416515
38078.569301416515
38078.569301416515
38078.569301416515
38078.569301416515
38078.569301416515
38078.569301416515
38078.569301416515
38078.569301416515
38078.569301416515
38078.569301416515
38078.569301416515
38078.569301416515
38078.569301416515
38078.569301416515
38078.569301416515
38078.569301416515
38078.569301416515
38078.569301416515
38078.569301416515
38078.569301416515
38078.569301416515
38078.569301416515
38078.569301416515
37900.163467859245
37900.163467859245
37900.163467859245
37900.163467859245
37900.163467859245
37900.163467859245
37900.163467859245
37900.163467859245
37900.163467859245
37900.163467859245
37900.163467859245
37900.163467859245
37900.163467859245
37900.163467859245
37900.163467859245
37900.163467859245
37900.163467859245
37900.163467859245
37900.163467859245
37900.163467859245
37900.163467859245
37900.163467859245
37900.163467859245
37900.163467859245
37900.163467859245
37900.163467859245
37900.163467859245
37900.163467859245
37900.163467859245
37900.163467859245
37900.163467859245
37900.163467859245
37900.163467859245
37900.163467859245
37900.163467859245
37900.163467859245
37900.163467859245
37900.163467859245
37900.163467859245
37900.163467859245
37900.163467859245
37900.163467859245
37900.163467859245
37900.163467859245
37900.163467859245
37900.163467859245
37900.163467859245
37900.163467859245
37900.163467859245
37900.163467859245
37900.163467859245
37900.163467859245
37900.163467859245
37900.163467859245
37900.163467859245
37900.163467859245
37900.163467859245
37900.163467859245
37900.163467859245
37900.163467859245
37900.163467859245
37900.163467859245
37900.163467859245
37900.163467859245
37900.163467859245
37900.163467859245
37900.163467859245
37900.163467859245
37900.163467859245
37900.163467859245
37900.163467859245
37900.163467859245
37900.163467859245
37900.163467859245
37900.163467859245
37900.163467859245
37900.163467859245
37900.163467859245
37900.163467859245
37900.163467859245
37900.163467859245
37900.163467859245
37900.163467859245
37900.163467859245
37900.163467859245
37900.163467859245
37900.163467859245
37900.163467859245
37900.163467859245
37900.163467859245
37900.163467859245
37900.163467859245
37900.163467859245
37900.163467859245
37900.163467859245
37900.163467859245
37900.163467859245
37900.163467859245
37900.163467859245
37900.163467859245
37900.163467859245
37900.163467859245
37900.163467859245
37900.163467859245
37900.163467859245
37900.163467859245
37900.163467859245
37900.163467859245
37900.163467859245
37900.163467859245
37900.163467859245
37900.163467859245
37588.05192926902
37588.05192926902
37588.05192926902
37588.05192926902
37588.05192926902
37588.05192926902
37588.05192926902
37588.05192926902
37588.05192926902
37588.05192926902
37588.05192926902
37588.05192926902
37588.05192926902
37588.05192926902
37588.05192926902
37588.05192926902
37588.05192926902
37588.05192926902
37588.05192926902
37588.05192926902
37588.05192926902
37588.05192926902
37588.05192926902
37588.05192926902
37588.05192926902
37588.05192926902
37588.05192926902
37588.05192926902
37588.05192926902
37588.05192926902
37588.05192926902
37588.05192926902
37588.05192926902
37588.05192926902
37588.05192926902
37588.05192926902
37588.05192926902
37588.05192926902
37588.05192926902
37588.05192926902
37588.05192926902
37588.05192926902
37588.05192926902
37588.05192926902
37588.05192926902
37588.05192926902
37541.99112768091
37541.99112768091
37541.99112768091
37541.99112768091
37541.99112768091
37541.99112768091
37541.99112768091
37541.99112768091
37541.99112768091
37541.99112768091
37541.99112768091
37541.99112768091
37541.99112768091
37541.99112768091
37541.99112768091
37541.99112768091
37541.99112768091
37541.99112768091
37541.99112768091
37541.99112768091
37541.99112768091
37541.99112768091
37541.99112768091
37541.99112768091
37541.99112768091
37541.99112768091
37541.99112768091
37541.99112768091
37541.99112768091
37541.99112768091
37541.99112768091
37541.99112768091
37541.99112768091
37541.99112768091
37541.99112768091
37541.99112768091
37541.99112768091
37541.99112768091
37541.99112768091
37541.99112768091
37541.99112768091
37541.99112768091
37541.99112768091
37541.99112768091
37541.99112768091
37541.99112768091
37541.99112768091
37541.99112768091
37541.99112768091
37541.99112768091
37541.99112768091
37541.99112768091
37541.99112768091
37541.99112768091
37541.99112768091
37541.99112768091
37541.99112768091
37541.99112768091
37541.99112768091
37541.99112768091
37541.99112768091
37541.99112768091
37541.99112768091
37541.99112768091
37541.99112768091
37541.99112768091
37541.99112768091
37541.99112768091
37541.99112768091
37541.99112768091
37541.99112768091
37541.99112768091
37541.99112768091
37541.99112768091
37541.99112768091
37541.99112768091
37541.99112768091
37541.99112768091
37541.99112768091
37541.99112768091
37541.99112768091
37541.99112768091
37541.99112768091
37541.99112768091
37541.99112768091
37541.99112768091
37541.99112768091
37541.99112768091
37541.99112768091
37541.99112768091
37541.99112768091
37541.99112768091
37541.99112768091
37541.99112768091
37541.99112768091
37521.728067692995
37521.728067692995
37521.728067692995
37521.728067692995
37521.728067692995
37521.728067692995
37521.728067692995
37521.728067692995
37521.728067692995
37521.728067692995
37521.728067692995
37521.728067692995
37521.728067692995
37521.728067692995
37521.728067692995
37521.728067692995
37521.728067692995
37521.728067692995
37521.728067692995
37521.728067692995
37521.728067692995
37521.728067692995
37521.728067692995
37521.728067692995
37521.728067692995
37521.728067692995
37460.39961443901
37460.39961443901
37460.39961443901
37460.39961443901
37460.39961443901
37460.39961443901
37460.39961443901
37460.39961443901
37460.39961443901
37460.39961443901
37460.39961443901
37460.39961443901
37460.39961443901
37460.39961443901
37460.39961443901
37460.39961443901
37460.39961443901
37446.29872902718
37446.29872902718
37446.29872902718
37446.29872902718
37446.29872902718
37446.29872902718
37446.29872902718
37446.29872902718
37446.29872902718
37446.29872902718
37446.29872902718
37446.29872902718
37446.29872902718
37446.29872902718
37446.29872902718
37446.29872902718
37446.29872902718
37446.29872902718
37446.29872902718
37446.29872902718
37446.29872902718
37446.29872902718
37446.29872902718
37446.29872902718
37446.29872902718
37446.29872902718
37446.29872902718
37446.29872902718
37446.29872902718
37446.29872902718
37446.29872902718
37446.29872902718
37191.58878999145
37191.58878999145
37191.58878999145
37191.58878999145
37191.58878999145
37191.58878999145
37191.58878999145
37191.58878999145
37191.58878999145
37191.58878999145
37191.58878999145
37191.58878999145
37191.58878999145
37191.58878999145
37191.58878999145
37191.58878999145
37191.58878999145
37191.58878999145
37191.58878999145
37191.58878999145
37191.58878999145
37191.58878999145
37191.58878999145
37191.58878999145
37191.58878999145
37191.58878999145
37191.58878999145
37191.58878999145
37191.58878999145
37191.58878999145
37191.58878999145
37191.58878999145
37191.58878999145
37191.58878999145
37191.58878999145
37191.58878999145
37191.58878999145
37191.58878999145
37191.58878999145
37191.58878999145
37191.58878999145
37191.58878999145
37191.58878999145
37191.58878999145
37191.58878999145
37191.58878999145
37191.58878999145
37191.58878999145
37191.58878999145
37191.58878999145
37191.58878999145
37191.58878999145
37191.58878999145
37191.58878999145
37191.58878999145
37191.58878999145
37191.58878999145
37191.58878999145
37191.58878999145
37191.58878999145
37191.58878999145
37191.58878999145
37191.58878999145
37191.58878999145
37191.58878999145
37191.58878999145
37191.58878999145
37191.58878999145
37191.58878999145
37191.58878999145
37191.58878999145
37191.58878999145
37191.58878999145
37191.58878999145
37191.58878999145
37191.58878999145
37191.58878999145
37191.58878999145
37191.58878999145
37191.58878999145
37191.58878999145
37191.58878999145
37191.58878999145
37191.58878999145
37191.58878999145
37191.58878999145
37191.58878999145
37191.58878999145
37191.58878999145
37191.58878999145
37191.58878999145
37191.58878999145
37191.58878999145
37191.58878999145
37191.58878999145
37191.58878999145
37191.58878999145
37191.58878999145
37191.58878999145
37191.58878999145
37191.58878999145
37191.58878999145
37191.58878999145
37191.58878999145
37191.58878999145
37191.58878999145
37191.58878999145
37191.58878999145
37191.58878999145
37191.58878999145
37191.58878999145
37191.58878999145
37191.58878999145
37191.58878999145
37191.58878999145
37191.58878999145
37191.58878999145
37191.58878999145
37191.58878999145
37191.58878999145
37191.58878999145
37191.58878999145
37191.58878999145
37191.58878999145
37191.58878999145
37191.58878999145
37191.58878999145
37191.58878999145
37191.58878999145
37191.58878999145
37191.58878999145
37191.58878999145
37191.58878999145
37191.58878999145
37191.58878999145
37191.58878999145
37191.58878999145
37191.58878999145
37191.58878999145
37191.58878999145
37191.58878999145
37191.58878999145
37191.58878999145
37191.58878999145
37191.58878999145
37191.58878999145
37191.58878999145
37191.58878999145
37191.58878999145
37191.58878999145
37191.58878999145
37191.58878999145
37191.58878999145
37191.58878999145
37191.58878999145
37191.58878999145
37191.58878999145
37191.58878999145
37191.58878999145
37191.58878999145
37191.58878999145
37191.58878999145
37191.58878999145
37191.58878999145
37191.58878999145
37191.58878999145
37191.58878999145
37191.58878999145
37191.58878999145
37191.58878999145
37191.58878999145
37191.58878999145
37191.58878999145
37191.58878999145
37191.58878999145
37191.58878999145
37191.58878999145
37191.58878999145
37191.58878999145
37191.58878999145
37191.58878999145
37191.58878999145
37191.58878999145
37191.58878999145
37191.58878999145
37191.58878999145
37191.58878999145
37191.58878999145
37191.58878999145
37191.58878999145
37191.58878999145
37191.58878999145
37191.58878999145
37191.58878999145
37191.58878999145
37191.58878999145
37191.58878999145
37191.58878999145
37191.58878999145
37191.58878999145
37185.14518833836
37185.14518833836
37185.14518833836
37185.14518833836
37185.14518833836
37185.14518833836
37185.14518833836
37185.14518833836
37185.14518833836
37125.26492841542
37125.26492841542
37125.26492841542
37125.26492841542
37125.26492841542
37125.26492841542
37125.26492841542
37125.26492841542
37125.26492841542
37125.26492841542
37125.26492841542
37125.26492841542
37125.26492841542
37125.26492841542
37125.26492841542
37125.26492841542
37125.26492841542
37125.26492841542
37125.26492841542
37125.26492841542
37125.26492841542
37125.26492841542
37125.26492841542
37125.26492841542
37125.26492841542
37125.26492841542
37125.26492841542
37125.26492841542
37125.26492841542
37125.26492841542
37125.26492841542
37125.26492841542
37125.26492841542
37125.26492841542
37125.26492841542
37125.26492841542
37125.26492841542
37125.26492841542
37125.26492841542
37125.26492841542
37125.26492841542
37125.26492841542
37125.26492841542
37125.26492841542
37125.26492841542
37125.26492841542
37125.26492841542
37125.26492841542
37125.26492841542
37125.26492841542
37125.26492841542
37125.26492841542
37125.26492841542
37125.26492841542
37125.26492841542
37125.26492841542
37125.26492841542
37125.26492841542
37125.26492841542
37125.26492841542
37125.26492841542
37125.26492841542
37125.26492841542
37125.26492841542
37125.26492841542
37125.26492841542
37125.26492841542
37125.26492841542
37125.26492841542
37125.26492841542
37125.26492841542
37125.26492841542
37125.26492841542
37125.26492841542
37125.26492841542
37125.26492841542
37125.26492841542
37125.26492841542
37125.26492841542
37125.26492841542
37125.26492841542
37125.26492841542
37125.26492841542
37125.26492841542
37125.26492841542
37125.26492841542
37125.26492841542
37125.26492841542
37125.26492841542
37125.26492841542
37125.26492841542
37125.26492841542
37125.26492841542
37125.26492841542
37125.26492841542
37125.26492841542
37125.26492841542
37125.26492841542
37125.26492841542
37125.26492841542
37125.26492841542
37125.26492841542
37125.26492841542
37125.26492841542
37125.26492841542
37125.26492841542
37125.26492841542
37125.26492841542
37125.26492841542
37125.26492841542
37125.26492841542
37125.26492841542
37125.26492841542
37125.26492841542
37125.26492841542
37125.26492841542
37125.26492841542
37125.26492841542
37125.26492841542
37125.26492841542
37125.26492841542
37125.26492841542
37125.26492841542
37125.26492841542
37125.26492841542
37125.26492841542
37125.26492841542
37125.26492841542
37125.26492841542
37125.26492841542
37125.26492841542
37125.26492841542
37125.26492841542
37125.26492841542
37125.26492841542
37125.26492841542
37125.26492841542
37125.26492841542
37125.26492841542
37125.26492841542
37125.26492841542
37125.26492841542
37125.26492841542
37125.26492841542
37125.26492841542
37125.26492841542
37125.26492841542
37125.26492841542
37125.26492841542
37125.26492841542
37125.26492841542
37125.26492841542
37125.26492841542
37125.26492841542
37125.26492841542
37125.26492841542
37125.26492841542
37125.26492841542
37125.26492841542
37125.26492841542
37125.26492841542
37125.26492841542
37125.26492841542
37125.26492841542
37125.26492841542
37125.26492841542
37125.26492841542
37125.26492841542
37125.26492841542
37125.26492841542
37125.26492841542
37125.26492841542
37125.26492841542
37125.26492841542
37125.26492841542
37125.26492841542
37125.26492841542
37125.26492841542
37125.26492841542
37125.26492841542
37125.26492841542
37125.26492841542
37125.26492841542
37125.26492841542
37125.26492841542
37125.26492841542
37125.26492841542
37125.26492841542
37125.26492841542
37125.26492841542
37125.26492841542
37125.26492841542
37125.26492841542
37125.26492841542
37125.26492841542
37125.26492841542
37125.26492841542
37088.26444569843
37088.26444569843
37088.26444569843
37088.26444569843
37088.26444569843
37088.26444569843
37088.26444569843
37043.39198809652
37043.39198809652
37043.39198809652
37043.39198809652
37043.39198809652
37043.39198809652
37043.39198809652
37043.39198809652
37043.39198809652
37043.39198809652
37043.39198809652
37043.39198809652
37043.39198809652
37043.39198809652
37043.39198809652
37043.39198809652
37043.39198809652
37043.39198809652
36785.043099463364
36785.043099463364
36785.043099463364
36785.043099463364
36785.043099463364
36785.043099463364
36785.043099463364
36785.043099463364
36785.043099463364
36785.043099463364
36785.043099463364
36785.043099463364
36785.043099463364
36785.043099463364
36785.043099463364
36785.043099463364
36785.043099463364
36785.043099463364
36785.043099463364
36785.043099463364
36785.043099463364
36785.043099463364
36785.043099463364
36785.043099463364
36785.043099463364
36785.043099463364
36785.043099463364
36785.043099463364
36785.043099463364
36785.043099463364
36785.043099463364
36785.043099463364
36785.043099463364
36785.043099463364
36785.043099463364
36785.043099463364
36785.043099463364
36785.043099463364
36785.043099463364
36785.043099463364
36785.043099463364
36785.043099463364
36785.043099463364
36785.043099463364
36785.043099463364
36785.043099463364
36785.043099463364
36785.043099463364
36785.043099463364
36785.043099463364
36785.043099463364
36628.82377964214
36628.82377964214
36628.82377964214
36628.82377964214
36628.82377964214
36628.82377964214
36628.82377964214
36628.82377964214
36628.82377964214
36628.82377964214
36628.82377964214
36628.82377964214
36628.82377964214
36628.82377964214
36628.82377964214
36628.82377964214
36628.82377964214
36628.82377964214
36628.82377964214
36628.82377964214
36628.82377964214
36479.689298201054
36479.689298201054
36479.689298201054
36479.689298201054
36479.689298201054
36479.689298201054
36479.689298201054
36479.689298201054
36479.689298201054
36479.689298201054
36479.689298201054
36479.689298201054
36479.689298201054
36479.689298201054
36479.689298201054
36479.689298201054
36479.689298201054
36479.689298201054
36479.689298201054
36479.689298201054
36479.689298201054
36479.689298201054
36479.689298201054
36479.689298201054
36479.689298201054
36479.689298201054
36479.689298201054
36479.689298201054
36479.689298201054
36479.689298201054
36479.689298201054
36479.689298201054
36479.689298201054
36479.689298201054
36479.689298201054
36479.689298201054
36479.689298201054
36479.689298201054
36479.689298201054
36479.689298201054
36479.689298201054
36479.689298201054
36479.689298201054
36479.689298201054
36479.689298201054
36479.689298201054
36479.689298201054
36479.689298201054
36479.689298201054
36479.689298201054
36479.689298201054
36479.689298201054
36479.689298201054
36479.689298201054
36479.689298201054
36479.689298201054
36479.689298201054
36479.689298201054
36479.689298201054
36479.689298201054
36479.689298201054
36479.689298201054
36479.689298201054
36479.689298201054
36479.689298201054
36479.689298201054
36479.689298201054
36479.689298201054
36479.689298201054
36479.689298201054
36479.689298201054
36479.689298201054
36479.689298201054
36479.689298201054
36479.689298201054
36479.689298201054
36479.689298201054
36479.689298201054
36479.689298201054
36479.689298201054
36479.689298201054
36479.689298201054
36479.689298201054
36479.689298201054
36479.689298201054
36479.689298201054
36479.689298201054
36479.689298201054
36479.689298201054
36479.689298201054
36479.689298201054
36479.689298201054
36306.95970701032
36306.95970701032
36306.95970701032
36306.95970701032
36306.95970701032
36306.95970701032
36306.95970701032
36306.95970701032
36306.95970701032
36306.95970701032
36306.95970701032
36306.95970701032
36306.95970701032
36306.95970701032
36306.95970701032
36306.95970701032
36306.95970701032
36306.95970701032
36306.95970701032
36306.95970701032
36306.95970701032
36306.95970701032
36306.95970701032
36306.95970701032
36306.95970701032
36306.95970701032
36306.95970701032
36306.95970701032
36306.95970701032
36306.95970701032
36306.95970701032
36306.95970701032
36306.95970701032
36306.95970701032
36306.95970701032
36306.95970701032
36306.95970701032
36306.95970701032
36306.95970701032
36306.95970701032
36306.95970701032
36306.95970701032
36306.95970701032
36306.95970701032
36306.95970701032
36306.95970701032
36306.95970701032
36306.95970701032
36306.95970701032
36306.95970701032
36306.95970701032
36306.95970701032
36306.95970701032
36306.95970701032
36306.95970701032
36306.95970701032
36306.95970701032
36306.95970701032
36306.95970701032
36306.95970701032
36306.95970701032
36306.95970701032
36306.95970701032
36306.95970701032
36306.95970701032
36306.95970701032
36306.95970701032
36306.95970701032
36306.95970701032
36306.95970701032
36306.95970701032
36306.95970701032
36306.95970701032
36306.95970701032
36306.95970701032
36306.95970701032
36306.95970701032
36306.95970701032
36306.95970701032
36306.95970701032
36306.95970701032
36306.95970701032
36306.95970701032
36306.95970701032
36306.95970701032
36306.95970701032
36306.95970701032
36306.95970701032
36306.95970701032
36306.95970701032
36306.95970701032
36306.95970701032
36306.95970701032
36306.95970701032
36306.95970701032
36306.95970701032
36306.95970701032
36306.95970701032
36306.95970701032
36306.95970701032
36306.95970701032
36306.95970701032
36306.95970701032
36306.95970701032
36306.95970701032
36306.95970701032
36306.95970701032
36306.95970701032
36306.95970701032
36306.95970701032
36306.95970701032
36306.95970701032
36306.95970701032
36306.95970701032
36306.95970701032
36306.95970701032
36306.95970701032
36306.95970701032
36306.95970701032
36306.95970701032
36306.95970701032
36306.95970701032
36306.95970701032
36306.95970701032
36306.95970701032
36306.95970701032
36306.95970701032
36306.95970701032
36306.95970701032
36306.95970701032
36306.95970701032
36306.95970701032
36306.95970701032
36306.95970701032
36306.95970701032
36306.95970701032
36306.95970701032
Time: 24.72301697731018 seconds 
Best solution: 36306.95970701032 [74, 73, 80, 64, 57, 52, 54, 104, 33, 103, 15, 29, 31, 23, 27, 19, 2, 3, 12, 26, 25, 17, 28, 20, 9, 5, 13, 14, 34, 88, 99, 90, 72, 77, 79, 83, 84, 75, 46, 41, 62, 59, 11, 22, 36, 40, 105, 43, 63, 66, 37, 10, 55, 76, 39, 1, 44, 53, 48, 35, 69, 89, 56, 21, 97, 45, 60, 7, 70, 38, 4, 18, 51, 47, 49, 6, 67, 86, 32, 82, 81, 30, 58, 68, 24, 61, 50, 71, 42, 8, 16, 101, 96, 92, 91, 78, 85, 93, 102, 98, 87, 100, 95, 94, 65]
Avg solution: 48643.27193706236