Alg:2, Run: 1, file: C:\Users\gabri\Documents\AN 3 SEM 2\AI\Lab\Lab3\\lin105.tsp, population number: 100, generations: 5000 
106493.0666244805
106493.0666244805
106493.0666244805
106493.0666244805
105929.66755265681
105342.86922037425
104879.44554276085
104879.44554276085
99934.61936272068
99934.61936272068
99934.61936272068
99934.61936272068
99934.61936272068
99934.61936272068
99934.61936272068
99934.61936272068
99934.61936272068
99934.61936272068
99934.61936272068
99170.44920451734
99170.44920451734
99170.44920451734
99170.44920451734
98844.45034650504
97630.3787079423
97630.3787079423
97630.3787079423
97630.3787079423
97630.3787079423
97630.3787079423
97630.3787079423
97462.77229659651
97462.77229659651
97462.77229659651
96310.68443856131
96310.68443856131
96310.68443856131
95651.56991970759
95651.56991970759
95651.56991970759
95651.56991970759
95651.56991970759
95589.68075934047
95099.04090030357
95099.04090030357
95099.04090030357
95099.04090030357
93811.74463616683
93811.74463616683
93811.74463616683
93811.74463616683
93811.74463616683
93811.74463616683
93811.74463616683
93811.74463616683
88097.70657204866
88097.70657204866
88097.70657204866
88097.70657204866
88097.70657204866
88097.70657204866
88097.70657204866
88097.70657204866
88097.70657204866
88097.70657204866
88097.70657204866
88097.70657204866
88097.70657204866
88097.70657204866
88097.70657204866
88097.70657204866
88097.70657204866
88097.70657204866
88097.70657204866
88097.70657204866
88097.70657204866
88097.70657204866
88097.70657204866
88097.70657204866
88097.70657204866
88097.70657204866
88097.70657204866
87818.60018073322
87818.60018073322
87818.60018073322
87818.60018073322
87818.60018073322
87818.60018073322
87818.60018073322
87818.60018073322
87818.60018073322
87818.60018073322
87417.86837304758
87417.86837304758
86474.06727913006
86474.06727913006
86474.06727913006
86474.06727913006
86474.06727913006
86474.06727913006
86474.06727913006
86474.06727913006
86474.06727913006
86474.06727913006
86474.06727913006
86474.06727913006
86474.06727913006
86474.06727913006
86474.06727913006
86474.06727913006
86474.06727913006
86474.06727913006
86474.06727913006
86474.06727913006
86474.06727913006
86474.06727913006
86474.06727913006
86474.06727913006
86474.06727913006
86474.06727913006
86474.06727913006
86474.06727913006
86474.06727913006
86474.06727913006
86474.06727913006
86474.06727913006
84205.15722320424
84205.15722320424
84205.15722320424
84205.15722320424
84205.15722320424
84205.15722320424
84205.15722320424
84205.15722320424
84205.15722320424
84205.15722320424
84205.15722320424
84205.15722320424
84205.15722320424
84205.15722320424
84205.15722320424
84205.15722320424
84205.15722320424
81133.06569978564
81133.06569978564
81133.06569978564
81133.06569978564
81133.06569978564
81133.06569978564
81133.06569978564
81133.06569978564
81133.06569978564
81133.06569978564
81133.06569978564
81133.06569978564
81133.06569978564
81133.06569978564
81133.06569978564
81133.06569978564
81133.06569978564
81133.06569978564
81133.06569978564
81133.06569978564
75400.62494333037
75400.62494333037
75400.62494333037
75400.62494333037
75400.62494333037
75400.62494333037
75400.62494333037
75400.62494333037
75400.62494333037
75400.62494333037
75400.62494333037
75400.62494333037
75400.62494333037
75400.62494333037
75400.62494333037
75400.62494333037
75400.62494333037
75400.62494333037
75400.62494333037
75400.62494333037
75400.62494333037
75400.62494333037
75400.62494333037
75400.62494333037
75400.62494333037
75400.62494333037
75400.62494333037
75400.62494333037
75400.62494333037
75400.62494333037
75400.62494333037
75400.62494333037
75400.62494333037
75400.62494333037
75400.62494333037
75400.62494333037
75400.62494333037
75400.62494333037
75400.62494333037
75400.62494333037
75400.62494333037
75400.62494333037
75400.62494333037
75400.62494333037
75400.62494333037
75400.62494333037
75400.62494333037
75400.62494333037
75400.62494333037
75400.62494333037
75400.62494333037
75400.62494333037
75400.62494333037
75400.62494333037
75400.62494333037
75400.62494333037
75073.2321296375
75073.2321296375
75073.2321296375
75073.2321296375
75073.2321296375
74664.44794510756
74664.44794510756
74664.44794510756
74664.44794510756
74664.44794510756
74664.44794510756
74664.44794510756
74664.44794510756
74664.44794510756
74664.44794510756
74664.44794510756
74664.44794510756
74664.44794510756
74664.44794510756
74664.44794510756
74664.44794510756
74664.44794510756
74664.44794510756
74664.44794510756
74664.44794510756
74664.44794510756
74664.44794510756
74664.44794510756
74664.44794510756
74664.44794510756
74664.44794510756
74168.00383958113
74168.00383958113
74168.00383958113
74168.00383958113
74168.00383958113
74168.00383958113
74168.00383958113
74168.00383958113
74168.00383958113
74168.00383958113
74168.00383958113
74168.00383958113
74168.00383958113
74168.00383958113
74168.00383958113
74168.00383958113
74168.00383958113
74168.00383958113
74168.00383958113
74168.00383958113
74168.00383958113
70960.63276489619
70960.63276489619
70960.63276489619
70960.63276489619
70960.63276489619
70960.63276489619
70960.63276489619
70960.63276489619
70960.63276489619
70960.63276489619
70960.63276489619
70960.63276489619
70960.63276489619
70960.63276489619
70960.63276489619
70960.63276489619
70960.63276489619
70960.63276489619
70960.63276489619
70960.63276489619
70960.63276489619
70960.63276489619
70960.63276489619
70960.63276489619
70960.63276489619
70960.63276489619
70960.63276489619
70960.63276489619
70960.63276489619
70960.63276489619
70960.63276489619
70960.63276489619
70960.63276489619
70960.63276489619
70960.63276489619
70960.63276489619
70960.63276489619
70960.63276489619
70960.63276489619
70960.63276489619
70960.63276489619
70960.63276489619
70960.63276489619
70960.63276489619
70960.63276489619
70960.63276489619
70960.63276489619
70960.63276489619
70960.63276489619
70960.63276489619
70960.63276489619
70960.63276489619
70960.63276489619
70960.63276489619
70960.63276489619
70960.63276489619
70960.63276489619
70960.63276489619
70960.63276489619
70960.63276489619
70960.63276489619
70960.63276489619
70960.63276489619
70960.63276489619
70960.63276489619
70960.63276489619
70960.63276489619
70960.63276489619
70960.63276489619
70960.63276489619
70960.63276489619
70960.63276489619
70960.63276489619
70960.63276489619
70960.63276489619
70960.63276489619
70960.63276489619
70960.63276489619
70960.63276489619
70960.63276489619
70960.63276489619
70960.63276489619
70960.63276489619
70960.63276489619
70960.63276489619
70960.63276489619
70960.63276489619
70960.63276489619
70960.63276489619
70960.63276489619
70960.63276489619
70960.63276489619
70960.63276489619
70960.63276489619
70960.63276489619
70960.63276489619
70706.56125678525
70706.56125678525
70706.56125678525
70706.56125678525
70706.56125678525
70706.56125678525
70706.56125678525
70706.56125678525
70002.95217126101
70002.95217126101
70002.95217126101
70002.95217126101
68190.08394605631
68190.08394605631
68190.08394605631
68190.08394605631
68190.08394605631
68190.08394605631
68190.08394605631
68190.08394605631
68190.08394605631
68190.08394605631
68190.08394605631
68190.08394605631
68190.08394605631
68190.08394605631
68190.08394605631
68190.08394605631
68190.08394605631
68190.08394605631
68190.08394605631
68190.08394605631
68190.08394605631
68190.08394605631
68190.08394605631
68190.08394605631
68190.08394605631
68190.08394605631
68190.08394605631
68190.08394605631
68190.08394605631
68190.08394605631
68190.08394605631
68190.08394605631
68190.08394605631
68190.08394605631
68190.08394605631
68190.08394605631
68190.08394605631
68190.08394605631
68190.08394605631
68190.08394605631
68190.08394605631
68190.08394605631
68190.08394605631
68190.08394605631
68190.08394605631
68190.08394605631
68190.08394605631
67618.68238358556
67618.68238358556
67421.28477039367
67421.28477039367
67421.28477039367
67421.28477039367
67421.28477039367
67421.28477039367
67421.28477039367
67421.28477039367
67421.28477039367
67421.28477039367
67421.28477039367
67421.28477039367
67421.28477039367
67421.28477039367
67421.28477039367
67421.28477039367
67421.28477039367
67421.28477039367
66779.0416611746
66779.0416611746
66779.0416611746
66779.0416611746
66779.0416611746
66779.0416611746
66155.70469509655
66155.70469509655
66155.70469509655
66155.70469509655
66155.70469509655
66155.70469509655
66155.70469509655
66155.70469509655
66155.70469509655
66155.70469509655
66155.70469509655
66155.70469509655
66155.70469509655
66155.70469509655
66155.70469509655
66155.70469509655
66155.70469509655
66155.70469509655
66155.70469509655
66155.70469509655
66155.70469509655
64833.81276318293
64833.81276318293
64833.81276318293
64833.81276318293
64833.81276318293
64833.81276318293
64833.81276318293
64833.81276318293
64833.81276318293
64833.81276318293
64833.81276318293
64833.81276318293
64833.81276318293
64833.81276318293
64833.81276318293
64833.81276318293
64833.81276318293
64833.81276318293
64833.81276318293
64833.81276318293
64833.81276318293
64833.81276318293
64833.81276318293
64833.81276318293
64833.81276318293
64833.81276318293
64833.81276318293
64833.81276318293
64833.81276318293
64833.81276318293
64833.81276318293
64833.81276318293
64833.81276318293
64833.81276318293
64833.81276318293
64833.81276318293
64833.81276318293
64833.81276318293
64833.81276318293
64833.81276318293
64833.81276318293
64002.33409661381
64002.33409661381
64002.33409661381
64002.33409661381
64002.33409661381
64002.33409661381
64002.33409661381
64002.33409661381
64002.33409661381
64002.33409661381
64002.33409661381
64002.33409661381
64002.33409661381
64002.33409661381
64002.33409661381
64002.33409661381
64002.33409661381
64002.33409661381
64002.33409661381
64002.33409661381
64002.33409661381
64002.33409661381
64002.33409661381
64002.33409661381
64002.33409661381
64002.33409661381
64002.33409661381
64002.33409661381
64002.33409661381
64002.33409661381
64002.33409661381
64002.33409661381
64002.33409661381
64002.33409661381
64002.33409661381
64002.33409661381
64002.33409661381
64002.33409661381
64002.33409661381
64002.33409661381
64002.33409661381
64002.33409661381
64002.33409661381
64002.33409661381
64002.33409661381
64002.33409661381
64002.33409661381
64002.33409661381
64002.33409661381
64002.33409661381
64002.33409661381
64002.33409661381
64002.33409661381
64002.33409661381
64002.33409661381
64002.33409661381
64002.33409661381
64002.33409661381
64002.33409661381
64002.33409661381
64002.33409661381
64002.33409661381
64002.33409661381
64002.33409661381
64002.33409661381
64002.33409661381
64002.33409661381
64002.33409661381
64002.33409661381
64002.33409661381
64002.33409661381
64002.33409661381
64002.33409661381
64002.33409661381
63011.2774253167
63011.2774253167
63011.2774253167
63011.2774253167
63011.2774253167
63011.2774253167
63011.2774253167
63011.2774253167
63011.2774253167
63011.2774253167
63011.2774253167
63011.2774253167
63011.2774253167
63011.2774253167
63011.2774253167
63011.2774253167
63011.2774253167
63011.2774253167
63011.2774253167
63011.2774253167
63011.2774253167
63011.2774253167
63011.2774253167
63011.2774253167
63011.2774253167
63011.2774253167
63011.2774253167
63011.2774253167
63011.2774253167
63011.2774253167
63011.2774253167
63011.2774253167
63011.2774253167
63011.2774253167
63011.2774253167
63011.2774253167
63011.2774253167
63011.2774253167
63011.2774253167
63011.2774253167
63011.2774253167
63011.2774253167
63011.2774253167
63011.2774253167
63011.2774253167
63011.2774253167
62029.88805587903
62029.88805587903
62029.88805587903
62029.88805587903
62029.88805587903
62029.88805587903
62029.88805587903
62029.88805587903
62029.88805587903
62029.88805587903
62029.88805587903
62029.88805587903
62029.88805587903
62029.88805587903
62029.88805587903
62029.88805587903
62029.88805587903
62029.88805587903
62029.88805587903
62029.88805587903
62029.88805587903
62029.88805587903
62029.88805587903
62029.88805587903
62029.88805587903
62029.88805587903
62029.88805587903
62029.88805587903
62029.88805587903
62029.88805587903
62029.88805587903
62029.88805587903
61156.09562691937
61156.09562691937
61156.09562691937
61156.09562691937
61156.09562691937
61156.09562691937
61156.09562691937
61156.09562691937
61156.09562691937
61156.09562691937
61156.09562691937
61156.09562691937
61156.09562691937
61156.09562691937
61156.09562691937
61156.09562691937
61156.09562691937
61156.09562691937
61156.09562691937
61156.09562691937
61156.09562691937
61156.09562691937
61156.09562691937
61156.09562691937
61156.09562691937
61156.09562691937
61156.09562691937
61156.09562691937
61156.09562691937
61156.09562691937
61156.09562691937
61156.09562691937
61156.09562691937
61156.09562691937
61156.09562691937
60986.95659246064
60986.95659246064
60986.95659246064
60986.95659246064
60986.95659246064
60986.95659246064
60986.95659246064
60986.95659246064
60986.95659246064
60986.95659246064
60986.95659246064
60986.95659246064
60986.95659246064
60986.95659246064
60986.95659246064
60986.95659246064
60986.95659246064
60986.95659246064
60986.95659246064
60986.95659246064
60986.95659246064
60986.95659246064
60986.95659246064
60986.95659246064
60986.95659246064
60279.611179862724
60279.611179862724
60279.611179862724
60279.611179862724
60279.611179862724
60279.611179862724
60279.611179862724
59986.87388043638
59986.87388043638
59986.87388043638
59986.87388043638
59986.87388043638
59986.87388043638
59986.87388043638
59986.87388043638
59986.87388043638
59986.87388043638
59986.87388043638
59986.87388043638
59986.87388043638
59134.23053491438
59134.23053491438
59134.23053491438
59134.23053491438
59134.23053491438
59134.23053491438
59134.23053491438
59134.23053491438
59134.23053491438
59134.23053491438
59134.23053491438
59134.23053491438
59134.23053491438
59134.23053491438
59134.23053491438
59134.23053491438
59134.23053491438
59134.23053491438
59134.23053491438
59134.23053491438
59134.23053491438
59134.23053491438
59134.23053491438
59134.23053491438
59134.23053491438
59134.23053491438
59134.23053491438
59134.23053491438
59134.23053491438
59134.23053491438
59134.23053491438
59134.23053491438
59134.23053491438
59134.23053491438
59134.23053491438
59134.23053491438
59134.23053491438
59134.23053491438
59134.23053491438
59134.23053491438
59134.23053491438
59134.23053491438
59134.23053491438
59134.23053491438
59134.23053491438
59134.23053491438
59134.23053491438
59134.23053491438
59134.23053491438
59134.23053491438
59134.23053491438
59134.23053491438
59134.23053491438
59134.23053491438
59134.23053491438
59134.23053491438
59134.23053491438
59134.23053491438
59134.23053491438
59134.23053491438
59134.23053491438
59134.23053491438
59134.23053491438
59134.23053491438
59134.23053491438
59134.23053491438
59134.23053491438
59134.23053491438
59134.23053491438
58348.53898799081
58348.53898799081
58348.53898799081
58348.53898799081
58348.53898799081
58348.53898799081
58348.53898799081
58348.53898799081
58348.53898799081
58348.53898799081
58348.53898799081
58348.53898799081
58348.53898799081
58348.53898799081
58348.53898799081
58348.53898799081
58348.53898799081
58348.53898799081
58348.53898799081
58348.53898799081
58348.53898799081
58348.53898799081
58348.53898799081
58348.53898799081
58348.53898799081
58348.53898799081
58348.53898799081
58348.53898799081
58348.53898799081
58348.53898799081
58348.53898799081
58348.53898799081
58348.53898799081
58348.53898799081
58348.53898799081
58017.43102635897
58017.43102635897
58017.43102635897
58017.43102635897
58017.43102635897
58017.43102635897
58017.43102635897
58017.43102635897
58017.43102635897
58017.43102635897
58017.43102635897
58017.43102635897
58017.43102635897
58017.43102635897
58017.43102635897
58017.43102635897
58017.43102635897
58017.43102635897
58017.43102635897
58017.43102635897
58017.43102635897
58017.43102635897
58017.43102635897
58017.43102635897
58017.43102635897
57818.6398722568
57818.6398722568
57818.6398722568
57818.6398722568
57818.6398722568
57818.6398722568
57818.6398722568
57818.6398722568
57818.6398722568
57818.6398722568
57818.6398722568
57818.6398722568
57818.6398722568
57818.6398722568
57818.6398722568
57818.6398722568
57818.6398722568
57818.6398722568
57818.6398722568
57818.6398722568
57818.6398722568
57818.6398722568
57818.6398722568
57818.6398722568
57818.6398722568
57818.6398722568
57818.6398722568
57818.6398722568
57818.6398722568
57818.6398722568
57818.6398722568
57818.6398722568
57818.6398722568
57818.6398722568
57818.6398722568
57818.6398722568
57818.6398722568
57818.6398722568
57818.6398722568
57818.6398722568
57818.6398722568
57818.6398722568
57818.6398722568
57659.44246213265
57659.44246213265
57659.44246213265
57659.44246213265
57659.44246213265
57659.44246213265
57659.44246213265
57659.44246213265
57659.44246213265
57659.44246213265
57659.44246213265
57659.44246213265
57659.44246213265
57659.44246213265
57659.44246213265
57659.44246213265
57659.44246213265
57634.30043302394
57634.30043302394
57634.30043302394
57634.30043302394
57634.30043302394
57634.30043302394
57634.30043302394
57634.30043302394
57634.30043302394
57634.30043302394
57634.30043302394
57634.30043302394
57634.30043302394
57634.30043302394
57634.30043302394
57634.30043302394
57634.30043302394
57634.30043302394
57634.30043302394
57634.30043302394
57634.30043302394
57634.30043302394
57634.30043302394
57634.30043302394
57634.30043302394
57634.30043302394
57634.30043302394
57634.30043302394
57634.30043302394
57634.30043302394
57634.30043302394
57634.30043302394
57634.30043302394
57634.30043302394
57634.30043302394
57634.30043302394
57634.30043302394
57634.30043302394
57634.30043302394
57634.30043302394
57634.30043302394
57634.30043302394
57634.30043302394
57634.30043302394
57634.30043302394
57634.30043302394
57634.30043302394
57634.30043302394
57368.69875912518
57368.69875912518
57368.69875912518
57368.69875912518
57368.69875912518
57368.69875912518
57368.69875912518
57368.69875912518
57368.69875912518
57368.69875912518
57368.69875912518
57368.69875912518
57368.69875912518
57368.69875912518
57368.69875912518
57368.69875912518
57368.69875912518
57368.69875912518
57368.69875912518
57368.69875912518
57368.69875912518
57368.69875912518
57368.69875912518
57368.69875912518
57368.69875912518
57368.69875912518
57368.69875912518
57368.69875912518
57368.69875912518
57368.69875912518
57368.69875912518
57368.69875912518
57368.69875912518
57368.69875912518
57368.69875912518
57329.4852756913
57329.4852756913
57329.4852756913
57329.4852756913
57329.4852756913
57329.4852756913
57329.4852756913
57329.4852756913
57329.4852756913
57329.4852756913
57329.4852756913
57329.4852756913
57329.4852756913
57329.4852756913
57329.4852756913
57329.4852756913
57329.4852756913
57261.31531799291
57261.31531799291
57261.31531799291
57261.31531799291
56449.692396149636
56449.692396149636
56449.692396149636
56449.692396149636
56449.692396149636
56449.692396149636
56449.692396149636
56449.692396149636
56449.692396149636
56449.692396149636
56449.692396149636
56449.692396149636
56449.692396149636
56449.692396149636
56449.692396149636
56449.692396149636
56449.692396149636
56449.692396149636
56449.692396149636
56449.692396149636
56449.692396149636
56449.692396149636
56449.692396149636
56449.692396149636
56449.692396149636
56349.725243999004
56349.725243999004
56349.725243999004
56349.725243999004
56349.725243999004
56349.725243999004
56349.725243999004
56349.725243999004
56349.725243999004
56349.725243999004
56349.725243999004
56349.725243999004
56349.725243999004
56349.725243999004
56349.725243999004
56349.725243999004
56349.725243999004
56349.725243999004
56349.725243999004
56349.725243999004
56349.725243999004
56349.725243999004
56349.725243999004
56349.725243999004
56349.725243999004
56349.725243999004
56349.725243999004
56349.725243999004
56349.725243999004
56349.725243999004
56349.725243999004
56349.725243999004
56349.725243999004
56349.725243999004
56349.725243999004
56349.725243999004
56349.725243999004
56349.725243999004
56349.725243999004
56349.725243999004
56349.725243999004
56349.725243999004
56349.725243999004
56349.725243999004
56349.725243999004
56349.725243999004
56349.725243999004
56349.725243999004
56349.725243999004
56349.725243999004
56349.725243999004
56349.725243999004
56349.725243999004
56349.725243999004
56349.725243999004
56349.725243999004
56349.725243999004
56349.725243999004
56349.725243999004
56349.725243999004
56349.725243999004
56349.725243999004
56349.725243999004
56349.725243999004
56349.725243999004
56349.725243999004
56349.725243999004
56146.63196508768
56146.63196508768
56146.63196508768
56146.63196508768
55805.262739942234
55805.262739942234
55805.262739942234
55805.262739942234
55805.262739942234
55805.262739942234
55805.262739942234
55805.262739942234
55805.262739942234
55805.262739942234
55805.262739942234
55805.262739942234
55805.262739942234
55805.262739942234
55805.262739942234
55805.262739942234
55805.262739942234
55805.262739942234
55805.262739942234
55805.262739942234
55805.262739942234
55805.262739942234
55805.262739942234
55805.262739942234
55805.262739942234
55805.262739942234
55805.262739942234
55805.262739942234
55805.262739942234
55805.262739942234
55805.262739942234
55805.262739942234
55805.262739942234
55509.58944946171
55509.58944946171
55509.58944946171
55509.58944946171
55509.58944946171
55509.58944946171
55509.58944946171
55509.58944946171
55509.58944946171
55509.58944946171
55509.58944946171
55509.58944946171
55509.58944946171
55509.58944946171
55509.58944946171
55509.58944946171
55509.58944946171
55509.58944946171
55509.58944946171
55509.58944946171
55509.58944946171
55509.58944946171
55509.58944946171
55509.58944946171
55509.58944946171
55509.58944946171
55509.58944946171
55509.58944946171
55509.58944946171
55509.58944946171
55509.58944946171
55509.58944946171
55509.58944946171
55509.58944946171
55509.58944946171
55509.58944946171
55509.58944946171
55509.58944946171
55509.58944946171
55509.58944946171
55509.58944946171
55509.58944946171
55509.58944946171
55509.58944946171
55509.58944946171
55509.58944946171
55509.58944946171
55509.58944946171
55509.58944946171
54874.55958342967
54874.55958342967
54874.55958342967
54874.55958342967
54874.55958342967
54874.55958342967
54874.55958342967
54874.55958342967
54874.55958342967
54874.55958342967
54874.55958342967
54874.55958342967
54874.55958342967
54874.55958342967
54874.55958342967
54874.55958342967
54874.55958342967
54874.55958342967
54874.55958342967
54874.55958342967
54874.55958342967
54874.55958342967
54874.55958342967
54874.55958342967
54874.55958342967
54874.55958342967
54874.55958342967
54874.55958342967
54874.55958342967
54874.55958342967
54874.55958342967
54874.55958342967
54874.55958342967
54874.55958342967
54874.55958342967
54874.55958342967
54874.55958342967
54874.55958342967
54874.55958342967
54874.55958342967
54874.55958342967
54874.55958342967
54874.55958342967
54874.55958342967
54874.55958342967
54874.55958342967
54751.28021578146
54751.28021578146
54751.28021578146
54751.28021578146
54751.28021578146
54751.28021578146
54751.28021578146
54751.28021578146
54751.28021578146
54751.28021578146
54751.28021578146
54751.28021578146
54751.28021578146
54751.28021578146
54751.28021578146
54751.28021578146
54751.28021578146
54751.28021578146
54751.28021578146
54751.28021578146
54751.28021578146
54751.28021578146
54751.28021578146
54751.28021578146
54751.28021578146
54751.28021578146
54193.40002622975
54193.40002622975
54193.40002622975
54193.40002622975
54193.40002622975
54098.431116326974
54098.431116326974
54098.431116326974
54098.431116326974
54098.431116326974
54098.431116326974
54098.431116326974
54098.431116326974
54098.431116326974
54098.431116326974
54098.431116326974
54098.431116326974
54098.431116326974
54098.431116326974
54098.431116326974
54098.431116326974
54098.431116326974
54098.431116326974
54098.431116326974
54098.431116326974
54098.431116326974
54098.431116326974
54098.431116326974
54098.431116326974
54098.431116326974
54098.431116326974
54098.431116326974
54098.431116326974
54098.431116326974
54098.431116326974
54098.431116326974
54098.431116326974
54098.431116326974
54098.431116326974
54098.431116326974
54098.431116326974
54098.431116326974
54098.431116326974
54098.431116326974
54098.431116326974
54098.431116326974
54098.431116326974
54098.431116326974
54098.431116326974
54098.431116326974
54098.431116326974
54098.431116326974
54098.431116326974
54098.431116326974
54098.431116326974
54098.431116326974
54098.431116326974
54098.431116326974
54098.431116326974
54098.431116326974
54098.431116326974
54098.431116326974
54098.431116326974
54098.431116326974
54098.431116326974
54098.431116326974
54098.431116326974
54098.431116326974
54098.431116326974
54098.431116326974
54098.431116326974
54098.431116326974
54098.431116326974
53732.78225467357
53732.78225467357
53732.78225467357
53732.78225467357
53732.78225467357
53732.78225467357
53732.78225467357
53732.78225467357
53732.78225467357
53732.78225467357
53732.78225467357
53732.78225467357
53732.78225467357
53732.78225467357
53732.78225467357
53732.78225467357
53732.78225467357
53732.78225467357
53732.78225467357
53732.78225467357
53732.78225467357
53732.78225467357
53732.78225467357
53732.78225467357
53732.78225467357
53732.78225467357
53732.78225467357
53732.78225467357
53732.78225467357
53732.78225467357
53589.77580393944
53589.77580393944
53589.77580393944
53589.77580393944
53589.77580393944
53589.77580393944
53589.77580393944
53589.77580393944
53589.77580393944
53589.77580393944
53589.77580393944
53589.77580393944
53589.77580393944
53589.77580393944
53589.77580393944
53589.77580393944
53589.77580393944
53589.77580393944
53589.77580393944
53589.77580393944
53561.308694066145
53397.8787371706
53397.8787371706
53397.8787371706
53397.8787371706
53397.8787371706
53397.8787371706
52988.31111852178
52988.31111852178
52988.31111852178
52988.31111852178
52988.31111852178
52988.31111852178
52988.31111852178
52988.31111852178
52988.31111852178
52988.31111852178
52988.31111852178
52988.31111852178
52988.31111852178
52988.31111852178
52988.31111852178
52988.31111852178
52388.961570987165
52388.961570987165
52388.961570987165
52388.961570987165
52388.961570987165
52388.961570987165
52388.961570987165
52388.961570987165
52388.961570987165
52388.961570987165
52388.961570987165
52388.961570987165
52388.961570987165
52388.961570987165
52388.961570987165
52388.961570987165
52388.961570987165
52388.961570987165
52388.961570987165
52388.961570987165
52388.961570987165
52388.961570987165
52388.961570987165
52388.961570987165
52388.961570987165
52388.961570987165
52388.961570987165
52388.961570987165
52388.961570987165
52388.961570987165
52388.961570987165
52388.961570987165
52388.961570987165
52388.961570987165
52388.961570987165
52388.961570987165
52388.961570987165
52388.961570987165
52388.961570987165
52388.961570987165
52388.961570987165
52388.961570987165
52388.961570987165
52388.961570987165
52388.961570987165
52388.961570987165
52388.961570987165
52388.961570987165
52388.961570987165
52388.961570987165
52388.961570987165
52388.961570987165
52388.961570987165
52388.961570987165
52388.961570987165
52388.961570987165
52388.961570987165
52388.961570987165
52388.961570987165
52388.961570987165
52388.961570987165
51657.250965458465
51657.250965458465
51657.250965458465
51657.250965458465
51657.250965458465
51657.250965458465
51340.610883178
51340.610883178
51340.610883178
51340.610883178
51340.610883178
51340.610883178
51340.610883178
51340.610883178
51340.610883178
51340.610883178
51340.610883178
51340.610883178
51340.610883178
51340.610883178
51340.610883178
51340.610883178
51340.610883178
51340.610883178
51340.610883178
51340.610883178
51340.610883178
51340.610883178
51340.610883178
51340.610883178
51340.610883178
51340.610883178
51340.610883178
51340.610883178
51340.610883178
51340.610883178
51340.610883178
51340.610883178
51340.610883178
51340.610883178
51340.610883178
51340.610883178
51340.610883178
51340.610883178
51340.610883178
51340.610883178
51340.610883178
51340.610883178
51340.610883178
51340.610883178
51340.610883178
51340.610883178
51340.610883178
51340.610883178
51340.610883178
51340.610883178
51340.610883178
51340.610883178
51340.610883178
51340.610883178
51340.610883178
51340.610883178
51340.610883178
51340.610883178
51340.610883178
51340.610883178
51340.610883178
51340.610883178
51340.610883178
51340.610883178
51340.610883178
51340.610883178
51340.610883178
51340.610883178
51340.610883178
51340.610883178
51340.610883178
51340.610883178
51340.610883178
51340.610883178
51340.610883178
51340.610883178
51340.610883178
51340.610883178
51340.610883178
51340.610883178
51340.610883178
51340.610883178
51340.610883178
51340.610883178
51340.610883178
51340.610883178
51340.610883178
51340.610883178
51340.610883178
51340.610883178
51340.610883178
51340.610883178
51340.610883178
51340.610883178
51340.610883178
51340.610883178
51340.610883178
51340.610883178
51340.610883178
51340.610883178
51340.610883178
51340.610883178
51340.610883178
51340.610883178
51340.610883178
51340.610883178
51340.610883178
51340.610883178
51340.610883178
51284.21280481128
51284.21280481128
51284.21280481128
51284.21280481128
51284.21280481128
51284.21280481128
51284.21280481128
51284.21280481128
51284.21280481128
51284.21280481128
51284.21280481128
51284.21280481128
51284.21280481128
51284.21280481128
51284.21280481128
51284.21280481128
51284.21280481128
51284.21280481128
51284.21280481128
51284.21280481128
51284.21280481128
51284.21280481128
51284.21280481128
51284.21280481128
51284.21280481128
51284.21280481128
51284.21280481128
51284.21280481128
51284.21280481128
51284.21280481128
51284.21280481128
51284.21280481128
51284.21280481128
51284.21280481128
51284.21280481128
51284.21280481128
51284.21280481128
51284.21280481128
51284.21280481128
51284.21280481128
51284.21280481128
51284.21280481128
51284.21280481128
51284.21280481128
51284.21280481128
51284.21280481128
51284.21280481128
51132.10975405099
51132.10975405099
51132.10975405099
51132.10975405099
51132.10975405099
51132.10975405099
51132.10975405099
51114.345731098874
51114.345731098874
51114.345731098874
51114.345731098874
51114.345731098874
51114.345731098874
51114.345731098874
51114.345731098874
51114.345731098874
51114.345731098874
51114.345731098874
51114.345731098874
51114.345731098874
51114.345731098874
51114.345731098874
51114.345731098874
51114.345731098874
51114.345731098874
51114.345731098874
51114.345731098874
51114.345731098874
51114.345731098874
51114.345731098874
51114.345731098874
51114.345731098874
51114.345731098874
51114.345731098874
51114.345731098874
51114.345731098874
51114.345731098874
51114.345731098874
51114.345731098874
51114.345731098874
51114.345731098874
51114.345731098874
51114.345731098874
51114.345731098874
51114.345731098874
51114.345731098874
51114.345731098874
51114.345731098874
51114.345731098874
51114.345731098874
51114.345731098874
51114.345731098874
51114.345731098874
51114.345731098874
51114.345731098874
51114.345731098874
51114.345731098874
51114.345731098874
50347.717213798576
50347.717213798576
50347.717213798576
50347.717213798576
50347.717213798576
50347.717213798576
50347.717213798576
50347.717213798576
50347.717213798576
50347.717213798576
50347.717213798576
50347.717213798576
50347.717213798576
50347.717213798576
50347.717213798576
50347.717213798576
50347.717213798576
50347.717213798576
50347.717213798576
50347.717213798576
50347.717213798576
50347.717213798576
50347.717213798576
50347.717213798576
50347.717213798576
50347.717213798576
50347.717213798576
50347.717213798576
50347.717213798576
50347.717213798576
50347.717213798576
50347.717213798576
50347.717213798576
50347.717213798576
50347.717213798576
50347.717213798576
50347.717213798576
50347.717213798576
50347.717213798576
50347.717213798576
50347.717213798576
50347.717213798576
50347.717213798576
50347.717213798576
50347.717213798576
50347.717213798576
50347.717213798576
50347.717213798576
50347.717213798576
50347.717213798576
50347.717213798576
50347.717213798576
50347.717213798576
50347.717213798576
50347.717213798576
50347.717213798576
50347.717213798576
50347.717213798576
50347.717213798576
50347.717213798576
50347.717213798576
50347.717213798576
50347.717213798576
50347.717213798576
50347.717213798576
50347.717213798576
50347.717213798576
50347.717213798576
50347.717213798576
50347.717213798576
50347.717213798576
50347.717213798576
50347.717213798576
50347.717213798576
50347.717213798576
50347.717213798576
50347.717213798576
50347.717213798576
50347.717213798576
50347.717213798576
50347.717213798576
50347.717213798576
50347.717213798576
50347.717213798576
50347.717213798576
50347.717213798576
50347.717213798576
50347.717213798576
50347.717213798576
50347.717213798576
50347.717213798576
50347.717213798576
50347.717213798576
50347.717213798576
50347.717213798576
50347.717213798576
50347.717213798576
50347.717213798576
50347.717213798576
50347.717213798576
50347.717213798576
50347.717213798576
50347.717213798576
50347.717213798576
50347.717213798576
50347.717213798576
50347.717213798576
50347.717213798576
50347.717213798576
50347.717213798576
50347.717213798576
50347.717213798576
50347.717213798576
50347.717213798576
50347.717213798576
50347.717213798576
50347.717213798576
50347.717213798576
50347.717213798576
50347.717213798576
50347.717213798576
49761.62702714312
49761.62702714312
49761.62702714312
49761.62702714312
49761.62702714312
49761.62702714312
49761.62702714312
49761.62702714312
49761.62702714312
49761.62702714312
49761.62702714312
49761.62702714312
49761.62702714312
49761.62702714312
49761.62702714312
49761.62702714312
49761.62702714312
49761.62702714312
49761.62702714312
49761.62702714312
49761.62702714312
49761.62702714312
49761.62702714312
49761.62702714312
49761.62702714312
49761.62702714312
49761.62702714312
49761.62702714312
49761.62702714312
49761.62702714312
49761.62702714312
49761.62702714312
49761.62702714312
49761.62702714312
49761.62702714312
49761.62702714312
49761.62702714312
49761.62702714312
49761.62702714312
49761.62702714312
49761.62702714312
49761.62702714312
49761.62702714312
49761.62702714312
49761.62702714312
49761.62702714312
49761.62702714312
49761.62702714312
49761.62702714312
49761.62702714312
49761.62702714312
49761.62702714312
49761.62702714312
49761.62702714312
49761.62702714312
49761.62702714312
49761.62702714312
49761.62702714312
49761.62702714312
49761.62702714312
49761.62702714312
49761.62702714312
49761.62702714312
49761.62702714312
49761.62702714312
49761.62702714312
49761.62702714312
49761.62702714312
49761.62702714312
49761.62702714312
49761.62702714312
49761.62702714312
49761.62702714312
49761.62702714312
49761.62702714312
49761.62702714312
49761.62702714312
49761.62702714312
49761.62702714312
49761.62702714312
49761.62702714312
49761.62702714312
49761.62702714312
49761.62702714312
49761.62702714312
49761.62702714312
49761.62702714312
49761.62702714312
49761.62702714312
49761.62702714312
49761.62702714312
49761.62702714312
49761.62702714312
49761.62702714312
49761.62702714312
49761.62702714312
49761.62702714312
49761.62702714312
49761.62702714312
49761.62702714312
49761.62702714312
49761.62702714312
49761.62702714312
49761.62702714312
49761.62702714312
49761.62702714312
49761.62702714312
49761.62702714312
49761.62702714312
49761.62702714312
49761.62702714312
49761.62702714312
49761.62702714312
49761.62702714312
49761.62702714312
49761.62702714312
49761.62702714312
49761.62702714312
49761.62702714312
49761.62702714312
49761.62702714312
49761.62702714312
49761.62702714312
49761.62702714312
49761.62702714312
49761.62702714312
49761.62702714312
49761.62702714312
49761.62702714312
49761.62702714312
49761.62702714312
49761.62702714312
49761.62702714312
49761.62702714312
49761.62702714312
49761.62702714312
49761.62702714312
49761.62702714312
49761.62702714312
49761.62702714312
49761.62702714312
48993.36773113101
48993.36773113101
48993.36773113101
48993.36773113101
48993.36773113101
48993.36773113101
48993.36773113101
48993.36773113101
48993.36773113101
48993.36773113101
48993.36773113101
48993.36773113101
48993.36773113101
48993.36773113101
48993.36773113101
48993.36773113101
48993.36773113101
48993.36773113101
48993.36773113101
48993.36773113101
48993.36773113101
48993.36773113101
48993.36773113101
48993.36773113101
48993.36773113101
48993.36773113101
48993.36773113101
48993.36773113101
48993.36773113101
48993.36773113101
48993.36773113101
48993.36773113101
48993.36773113101
48993.36773113101
48993.36773113101
48993.36773113101
48993.36773113101
48993.36773113101
48993.36773113101
48993.36773113101
48993.36773113101
48993.36773113101
48993.36773113101
48993.36773113101
48993.36773113101
48993.36773113101
48993.36773113101
48993.36773113101
48993.36773113101
48993.36773113101
48993.36773113101
48993.36773113101
48993.36773113101
48993.36773113101
48993.36773113101
48993.36773113101
48993.36773113101
48993.36773113101
48993.36773113101
48993.36773113101
48993.36773113101
48993.36773113101
48993.36773113101
48993.36773113101
48993.36773113101
48993.36773113101
48993.36773113101
48993.36773113101
48993.36773113101
48993.36773113101
48993.36773113101
48993.36773113101
48993.36773113101
48993.36773113101
48993.36773113101
48993.36773113101
48993.36773113101
48993.36773113101
48993.36773113101
48993.36773113101
48993.36773113101
48993.36773113101
48993.36773113101
48993.36773113101
48993.36773113101
48993.36773113101
48993.36773113101
48993.36773113101
48993.36773113101
48993.36773113101
48993.36773113101
48993.36773113101
48993.36773113101
48993.36773113101
48993.36773113101
48993.36773113101
48993.36773113101
48993.36773113101
48993.36773113101
48993.36773113101
48993.36773113101
48993.36773113101
48993.36773113101
48993.36773113101
48993.36773113101
48993.36773113101
48993.36773113101
48993.36773113101
48993.36773113101
48993.36773113101
48993.36773113101
48993.36773113101
48993.36773113101
48993.36773113101
48993.36773113101
48993.36773113101
48993.36773113101
48993.36773113101
48993.36773113101
48993.36773113101
48993.36773113101
48993.36773113101
48993.36773113101
48993.36773113101
48993.36773113101
48993.36773113101
48993.36773113101
48993.36773113101
48993.36773113101
48993.36773113101
48993.36773113101
48993.36773113101
48993.36773113101
48993.36773113101
48993.36773113101
48993.36773113101
48993.36773113101
48993.36773113101
48993.36773113101
48993.36773113101
48993.36773113101
48993.36773113101
48993.36773113101
48993.36773113101
48993.36773113101
48993.36773113101
48993.36773113101
48993.36773113101
48993.36773113101
48993.36773113101
48993.36773113101
48993.36773113101
48993.36773113101
48993.36773113101
48993.36773113101
48993.36773113101
48993.36773113101
48993.36773113101
48993.36773113101
48993.36773113101
48993.36773113101
48993.36773113101
48993.36773113101
48993.36773113101
48993.36773113101
48993.36773113101
48993.36773113101
48993.36773113101
48993.36773113101
48993.36773113101
48993.36773113101
48993.36773113101
48993.36773113101
48993.36773113101
48993.36773113101
48993.36773113101
48993.36773113101
48993.36773113101
48993.36773113101
48993.36773113101
48993.36773113101
48993.36773113101
48993.36773113101
48993.36773113101
48993.36773113101
48993.36773113101
48993.36773113101
48993.36773113101
48993.36773113101
48993.36773113101
48993.36773113101
48993.36773113101
48993.36773113101
48993.36773113101
48993.36773113101
48993.36773113101
48993.36773113101
48993.36773113101
48993.36773113101
48993.36773113101
48993.36773113101
48993.36773113101
48993.36773113101
48993.36773113101
48993.36773113101
48993.36773113101
48993.36773113101
48993.36773113101
48993.36773113101
48993.36773113101
48993.36773113101
48993.36773113101
48993.36773113101
48993.36773113101
48993.36773113101
48993.36773113101
48993.36773113101
48993.36773113101
48993.36773113101
48993.36773113101
48993.36773113101
48993.36773113101
48993.36773113101
48993.36773113101
48993.36773113101
48993.36773113101
48993.36773113101
48993.36773113101
48993.36773113101
48993.36773113101
48993.36773113101
48993.36773113101
48993.36773113101
48993.36773113101
48993.36773113101
48993.36773113101
48993.36773113101
48993.36773113101
48993.36773113101
48993.36773113101
48993.36773113101
48993.36773113101
48993.36773113101
48993.36773113101
48993.36773113101
48993.36773113101
48993.36773113101
48993.36773113101
48993.36773113101
48993.36773113101
48993.36773113101
48993.36773113101
48993.36773113101
48993.36773113101
48993.36773113101
48993.36773113101
48993.36773113101
48993.36773113101
48993.36773113101
48993.36773113101
48993.36773113101
48993.36773113101
48993.36773113101
48993.36773113101
48993.36773113101
48993.36773113101
48993.36773113101
48993.36773113101
48993.36773113101
48993.36773113101
48993.36773113101
48993.36773113101
48993.36773113101
48993.36773113101
48993.36773113101
48993.36773113101
48993.36773113101
48993.36773113101
48993.36773113101
48993.36773113101
48993.36773113101
48993.36773113101
48993.36773113101
48993.36773113101
48993.36773113101
48993.36773113101
48993.36773113101
48993.36773113101
48993.36773113101
48993.36773113101
48993.36773113101
48993.36773113101
48993.36773113101
48993.36773113101
48519.232331282146
48519.232331282146
48519.232331282146
48519.232331282146
48519.232331282146
48519.232331282146
48519.232331282146
48519.232331282146
48519.232331282146
48519.232331282146
48519.232331282146
48519.232331282146
48519.232331282146
48519.232331282146
48519.232331282146
48519.232331282146
48519.232331282146
48519.232331282146
48519.232331282146
48519.232331282146
48519.232331282146
48519.232331282146
48519.232331282146
48519.232331282146
48519.232331282146
48519.232331282146
48519.232331282146
48519.232331282146
48519.232331282146
48519.232331282146
48519.232331282146
48519.232331282146
48416.156436894154
48416.156436894154
48416.156436894154
48416.156436894154
48416.156436894154
48416.156436894154
48416.156436894154
48416.156436894154
48416.156436894154
48416.156436894154
48416.156436894154
48416.156436894154
48416.156436894154
48416.156436894154
48416.156436894154
48416.156436894154
48332.20419228097
48332.20419228097
48325.426933004754
48325.426933004754
48325.426933004754
48315.9400133746
48315.9400133746
48315.9400133746
48315.9400133746
48315.9400133746
48315.9400133746
48315.9400133746
48315.9400133746
48315.9400133746
48315.9400133746
48315.9400133746
48315.9400133746
48315.9400133746
48315.9400133746
48315.9400133746
48315.9400133746
48315.9400133746
48315.9400133746
48315.9400133746
47913.95896552393
47913.95896552393
47913.95896552393
47913.95896552393
47913.95896552393
47913.95896552393
47913.95896552393
47913.95896552393
47913.95896552393
47913.95896552393
47913.95896552393
47913.95896552393
47913.95896552393
47913.95896552393
47913.95896552393
47913.95896552393
47913.95896552393
47913.95896552393
47913.95896552393
47913.95896552393
47913.95896552393
47913.95896552393
47913.95896552393
47913.95896552393
47913.95896552393
47913.95896552393
47913.95896552393
47913.95896552393
47913.95896552393
47913.95896552393
47913.95896552393
47913.95896552393
47913.95896552393
47913.95896552393
47913.95896552393
47913.95896552393
47913.95896552393
47913.95896552393
47913.95896552393
47913.95896552393
47913.95896552393
47913.95896552393
47913.95896552393
47913.95896552393
47895.510763532024
47895.510763532024
47895.510763532024
47895.510763532024
47895.510763532024
47895.510763532024
47895.510763532024
47895.510763532024
47352.43956688875
47352.43956688875
47352.43956688875
47352.43956688875
47352.43956688875
47352.43956688875
47352.43956688875
47352.43956688875
47352.43956688875
47352.43956688875
47352.43956688875
47352.43956688875
47352.43956688875
47352.43956688875
47352.43956688875
47352.43956688875
47352.43956688875
47352.43956688875
47352.43956688875
47352.43956688875
47352.43956688875
47352.43956688875
46951.055495948414
46951.055495948414
46951.055495948414
46951.055495948414
46951.055495948414
46951.055495948414
46951.055495948414
46951.055495948414
46951.055495948414
46951.055495948414
46951.055495948414
46951.055495948414
46951.055495948414
46951.055495948414
46951.055495948414
46951.055495948414
46951.055495948414
46951.055495948414
46951.055495948414
46951.055495948414
46951.055495948414
46951.055495948414
46951.055495948414
46951.055495948414
46951.055495948414
46951.055495948414
46951.055495948414
46951.055495948414
46951.055495948414
46951.055495948414
46951.055495948414
46951.055495948414
46951.055495948414
46951.055495948414
46951.055495948414
46951.055495948414
46951.055495948414
46951.055495948414
46951.055495948414
46951.055495948414
46951.055495948414
46951.055495948414
46951.055495948414
46951.055495948414
46951.055495948414
46951.055495948414
46951.055495948414
46951.055495948414
46951.055495948414
46951.055495948414
46951.055495948414
46951.055495948414
46951.055495948414
46951.055495948414
46951.055495948414
46951.055495948414
46951.055495948414
46951.055495948414
46951.055495948414
46951.055495948414
46951.055495948414
46951.055495948414
46951.055495948414
46951.055495948414
46951.055495948414
46951.055495948414
46951.055495948414
46951.055495948414
46951.055495948414
46951.055495948414
46951.055495948414
46951.055495948414
46951.055495948414
46951.055495948414
46951.055495948414
46951.055495948414
46951.055495948414
46951.055495948414
46951.055495948414
46951.055495948414
46951.055495948414
46951.055495948414
46951.055495948414
46731.62614127363
46731.62614127363
46731.62614127363
46731.62614127363
46731.62614127363
46731.62614127363
46731.62614127363
46731.62614127363
46731.62614127363
46731.62614127363
46731.62614127363
46731.62614127363
46731.62614127363
46731.62614127363
46731.62614127363
46731.62614127363
46731.62614127363
46441.909986919854
46441.909986919854
46441.909986919854
46441.909986919854
46441.909986919854
46441.909986919854
46441.909986919854
46441.909986919854
46441.909986919854
46441.909986919854
46441.909986919854
46441.909986919854
46441.909986919854
46441.909986919854
46441.909986919854
46441.909986919854
46441.909986919854
46441.909986919854
46441.909986919854
46441.909986919854
46441.909986919854
46441.909986919854
46441.909986919854
46441.909986919854
46441.909986919854
46441.909986919854
46441.909986919854
46441.909986919854
46441.909986919854
46441.909986919854
46441.909986919854
46441.909986919854
46441.909986919854
46441.909986919854
46441.909986919854
46441.909986919854
46441.909986919854
46441.909986919854
46441.909986919854
46441.909986919854
46441.909986919854
46441.909986919854
46441.909986919854
46441.909986919854
46441.909986919854
46441.909986919854
46441.909986919854
46441.909986919854
46441.909986919854
46441.909986919854
46441.909986919854
46441.909986919854
46441.909986919854
46441.909986919854
46441.909986919854
46441.909986919854
46441.909986919854
46441.909986919854
46441.909986919854
46441.909986919854
46441.909986919854
46441.909986919854
46441.909986919854
46441.909986919854
46441.909986919854
46441.909986919854
46441.909986919854
46441.909986919854
46441.909986919854
46441.909986919854
46441.909986919854
46441.909986919854
46441.909986919854
46441.909986919854
46441.909986919854
46441.909986919854
46441.909986919854
46441.909986919854
46441.909986919854
46441.909986919854
46441.909986919854
46441.909986919854
46441.909986919854
46441.909986919854
46441.909986919854
46441.909986919854
46441.909986919854
46441.909986919854
46441.909986919854
46441.909986919854
46441.909986919854
46441.909986919854
46441.909986919854
46441.909986919854
46441.909986919854
46441.909986919854
46441.909986919854
46052.14345168111
46052.14345168111
46052.14345168111
46052.14345168111
46052.14345168111
46052.14345168111
46052.14345168111
46052.14345168111
46052.14345168111
46052.14345168111
46052.14345168111
46052.14345168111
46052.14345168111
46052.14345168111
46052.14345168111
46052.14345168111
46052.14345168111
45821.12681022315
45821.12681022315
45821.12681022315
45821.12681022315
45821.12681022315
45821.12681022315
45821.12681022315
45821.12681022315
45821.12681022315
45821.12681022315
45821.12681022315
45821.12681022315
45821.12681022315
45821.12681022315
45821.12681022315
45821.12681022315
45821.12681022315
45821.12681022315
45821.12681022315
45821.12681022315
45821.12681022315
45821.12681022315
45821.12681022315
45821.12681022315
45821.12681022315
45821.12681022315
45821.12681022315
45821.12681022315
45821.12681022315
45821.12681022315
45821.12681022315
45821.12681022315
45821.12681022315
45821.12681022315
45821.12681022315
45821.12681022315
45821.12681022315
45821.12681022315
45821.12681022315
45821.12681022315
45821.12681022315
45821.12681022315
45821.12681022315
45821.12681022315
45821.12681022315
45821.12681022315
45821.12681022315
45821.12681022315
45821.12681022315
45821.12681022315
45821.12681022315
45821.12681022315
45821.12681022315
45821.12681022315
45821.12681022315
45821.12681022315
45821.12681022315
45821.12681022315
45821.12681022315
45821.12681022315
45821.12681022315
45821.12681022315
45821.12681022315
45821.12681022315
45821.12681022315
45821.12681022315
45821.12681022315
45821.12681022315
45821.12681022315
45821.12681022315
45821.12681022315
45821.12681022315
45821.12681022315
45821.12681022315
45821.12681022315
45821.12681022315
45821.12681022315
45821.12681022315
45821.12681022315
45821.12681022315
45821.12681022315
45821.12681022315
45821.12681022315
45821.12681022315
45821.12681022315
45821.12681022315
45821.12681022315
45821.12681022315
45821.12681022315
45821.12681022315
45586.77552269753
45586.77552269753
45586.77552269753
45586.77552269753
45586.77552269753
45586.77552269753
45586.77552269753
45586.77552269753
45586.77552269753
45586.77552269753
45586.77552269753
45586.77552269753
45586.77552269753
45586.77552269753
45586.77552269753
45586.77552269753
45586.77552269753
45382.91523966826
45382.91523966826
45382.91523966826
45382.91523966826
45382.91523966826
45382.91523966826
45382.91523966826
45382.91523966826
45382.91523966826
45382.91523966826
45382.91523966826
45382.91523966826
45382.91523966826
45382.91523966826
45382.91523966826
45382.91523966826
45382.91523966826
45382.91523966826
45382.91523966826
45382.91523966826
45382.91523966826
45382.91523966826
45320.06527285299
45320.06527285299
45320.06527285299
45320.06527285299
45320.06527285299
45320.06527285299
45320.06527285299
45320.06527285299
45320.06527285299
45320.06527285299
45275.19141701529
45275.19141701529
45275.19141701529
45275.19141701529
45275.19141701529
45275.19141701529
45275.19141701529
45275.19141701529
45275.19141701529
45021.37504083012
45021.37504083012
45021.37504083012
45021.37504083012
45021.37504083012
45021.37504083012
45021.37504083012
45021.37504083012
45021.37504083012
45021.37504083012
45021.37504083012
44997.27079811007
44997.27079811007
44997.27079811007
44997.27079811007
44997.27079811007
44997.27079811007
44997.27079811007
44997.27079811007
44997.27079811007
44997.27079811007
44997.27079811007
44997.27079811007
44997.27079811007
44997.27079811007
44997.27079811007
44997.27079811007
44997.27079811007
44997.27079811007
44997.27079811007
44997.27079811007
44997.27079811007
44997.27079811007
44997.27079811007
44997.27079811007
44997.27079811007
44997.27079811007
44997.27079811007
44997.27079811007
44778.15397914522
44778.15397914522
44778.15397914522
44778.15397914522
44778.15397914522
44778.15397914522
44778.15397914522
44072.46883137965
44072.46883137965
44072.46883137965
44072.46883137965
44072.46883137965
44072.46883137965
44072.46883137965
44072.46883137965
44072.46883137965
44072.46883137965
44072.46883137965
44072.46883137965
44072.46883137965
44072.46883137965
44072.46883137965
44072.46883137965
44072.46883137965
44072.46883137965
44072.46883137965
44072.46883137965
44072.46883137965
44072.46883137965
44072.46883137965
44072.46883137965
44072.46883137965
44072.46883137965
44072.46883137965
44072.46883137965
44072.46883137965
44072.46883137965
44072.46883137965
44072.46883137965
44072.46883137965
44072.46883137965
44072.46883137965
44072.46883137965
44072.46883137965
44072.46883137965
44072.46883137965
44072.46883137965
44072.46883137965
44072.46883137965
44072.46883137965
43635.31717528321
43635.31717528321
43635.31717528321
43635.31717528321
43635.31717528321
43635.31717528321
43635.31717528321
43635.31717528321
43635.31717528321
43635.31717528321
43635.31717528321
43635.31717528321
43635.31717528321
43635.31717528321
43635.31717528321
43635.31717528321
43635.31717528321
43635.31717528321
43635.31717528321
43635.31717528321
43635.31717528321
43635.31717528321
43635.31717528321
43635.31717528321
43635.31717528321
43635.31717528321
43635.31717528321
43635.31717528321
43635.31717528321
43635.31717528321
43635.31717528321
43635.31717528321
43635.31717528321
43635.31717528321
43635.31717528321
43635.31717528321
43635.31717528321
43635.31717528321
43635.31717528321
43635.31717528321
43635.31717528321
43635.31717528321
43635.31717528321
43635.31717528321
43635.31717528321
43635.31717528321
43635.31717528321
43635.31717528321
43635.31717528321
43635.31717528321
43635.31717528321
43635.31717528321
43635.31717528321
43635.31717528321
43635.31717528321
43601.469919333256
43601.469919333256
43601.469919333256
43601.469919333256
43601.469919333256
43601.469919333256
43601.469919333256
43601.469919333256
43601.469919333256
43601.469919333256
43601.469919333256
43601.469919333256
43601.469919333256
43601.469919333256
43601.469919333256
43601.469919333256
43601.469919333256
43601.469919333256
43547.648856085885
43547.648856085885
43547.648856085885
43547.648856085885
43547.648856085885
43547.648856085885
43547.648856085885
43547.648856085885
43547.648856085885
43547.648856085885
43547.648856085885
43547.648856085885
43547.648856085885
43547.648856085885
43547.648856085885
43547.648856085885
43547.648856085885
43547.648856085885
43547.648856085885
43547.648856085885
43547.648856085885
43547.648856085885
43547.648856085885
43547.648856085885
43547.648856085885
43547.648856085885
43547.648856085885
43547.648856085885
43547.648856085885
43547.648856085885
43547.648856085885
43547.648856085885
43547.648856085885
43547.648856085885
43547.648856085885
43547.648856085885
43547.648856085885
43547.648856085885
43547.648856085885
43547.648856085885
43547.648856085885
43547.648856085885
43547.648856085885
43547.648856085885
43547.648856085885
43547.648856085885
43547.648856085885
43547.648856085885
43547.648856085885
43547.648856085885
43547.648856085885
43547.648856085885
43547.648856085885
43547.648856085885
43547.648856085885
42456.73337679824
42456.73337679824
42456.73337679824
42456.73337679824
42456.73337679824
42456.73337679824
42456.73337679824
42456.73337679824
42456.73337679824
42456.73337679824
42456.73337679824
42456.73337679824
42456.73337679824
42456.73337679824
42456.73337679824
42456.73337679824
42456.73337679824
42456.73337679824
42456.73337679824
42456.73337679824
42456.73337679824
42456.73337679824
42456.73337679824
42456.73337679824
42456.73337679824
42456.73337679824
42456.73337679824
42456.73337679824
42456.73337679824
42456.73337679824
42456.73337679824
42456.73337679824
42456.73337679824
42456.73337679824
42456.73337679824
42456.73337679824
42456.73337679824
42456.73337679824
42456.73337679824
42456.73337679824
42456.73337679824
42456.73337679824
42283.84921514101
42283.84921514101
42283.84921514101
42283.84921514101
42283.84921514101
42283.84921514101
42283.84921514101
42283.84921514101
42283.84921514101
42283.84921514101
42283.84921514101
42283.84921514101
42283.84921514101
42283.84921514101
42283.84921514101
42283.84921514101
42283.84921514101
42283.84921514101
42283.84921514101
42283.84921514101
42283.84921514101
42283.84921514101
42283.84921514101
42283.84921514101
42283.84921514101
42283.84921514101
42283.84921514101
42283.84921514101
42283.84921514101
42283.84921514101
42283.84921514101
42283.84921514101
42283.84921514101
42283.84921514101
42283.84921514101
42283.84921514101
42283.84921514101
42283.84921514101
42283.84921514101
42283.84921514101
42283.84921514101
42283.84921514101
42283.84921514101
42283.84921514101
42283.84921514101
42283.84921514101
42283.84921514101
42283.84921514101
42283.84921514101
42283.84921514101
42283.84921514101
42283.84921514101
42283.84921514101
42283.84921514101
42283.84921514101
42283.84921514101
42283.84921514101
42283.84921514101
42283.84921514101
42283.84921514101
42283.84921514101
42283.84921514101
42283.84921514101
42283.84921514101
42283.84921514101
42283.84921514101
42283.84921514101
42283.84921514101
42283.84921514101
42283.84921514101
42283.84921514101
42283.84921514101
42283.84921514101
42283.84921514101
42283.84921514101
42283.84921514101
42283.84921514101
42283.84921514101
42283.84921514101
42283.84921514101
42283.84921514101
42283.84921514101
42283.84921514101
42283.84921514101
42283.84921514101
42283.84921514101
42283.84921514101
42283.84921514101
42283.84921514101
42283.84921514101
42283.84921514101
42283.84921514101
42283.84921514101
42283.84921514101
42283.84921514101
42283.84921514101
42283.84921514101
42283.84921514101
42283.84921514101
42283.84921514101
42283.84921514101
42283.84921514101
42283.84921514101
42283.84921514101
42283.84921514101
42283.84921514101
42283.84921514101
42283.84921514101
42283.84921514101
42283.84921514101
42283.84921514101
42283.84921514101
42283.84921514101
42283.84921514101
42283.84921514101
42283.84921514101
42283.84921514101
42283.84921514101
42283.84921514101
42283.84921514101
42283.84921514101
42283.84921514101
42283.84921514101
42283.84921514101
42283.84921514101
42283.84921514101
42283.84921514101
42283.84921514101
42283.84921514101
42283.84921514101
42283.84921514101
42283.84921514101
42283.84921514101
42283.84921514101
42283.84921514101
42283.84921514101
42283.84921514101
42283.84921514101
42283.84921514101
42283.84921514101
42283.84921514101
42283.84921514101
42283.84921514101
42283.84921514101
42283.84921514101
42283.84921514101
42283.84921514101
42283.84921514101
42283.84921514101
42283.84921514101
42283.84921514101
42283.84921514101
42283.84921514101
42283.84921514101
42283.84921514101
42283.84921514101
42283.84921514101
42283.84921514101
42283.84921514101
42283.84921514101
42283.84921514101
42283.84921514101
42283.84921514101
42283.84921514101
42283.84921514101
42283.84921514101
42283.84921514101
42283.84921514101
42283.84921514101
42283.84921514101
42283.84921514101
42283.84921514101
42283.84921514101
42283.84921514101
42283.84921514101
42283.84921514101
42283.84921514101
42283.84921514101
42283.84921514101
42283.84921514101
42283.84921514101
42283.84921514101
42283.84921514101
42283.84921514101
42283.84921514101
42283.84921514101
42283.84921514101
42283.84921514101
42283.84921514101
42283.84921514101
42283.84921514101
42283.84921514101
42283.84921514101
42283.84921514101
42283.84921514101
42283.84921514101
42283.84921514101
42283.84921514101
42283.84921514101
42283.84921514101
42283.84921514101
42283.84921514101
42283.84921514101
42283.84921514101
42283.84921514101
42283.84921514101
42283.84921514101
42283.84921514101
42283.84921514101
42283.84921514101
42283.84921514101
42283.84921514101
42283.84921514101
42283.84921514101
42283.84921514101
42283.84921514101
42283.84921514101
42283.84921514101
42283.84921514101
42283.84921514101
42283.84921514101
42283.84921514101
42283.84921514101
42283.84921514101
42283.84921514101
42283.84921514101
42283.84921514101
42283.84921514101
42283.84921514101
42283.84921514101
42283.84921514101
42283.84921514101
42283.84921514101
42283.84921514101
42283.84921514101
42283.84921514101
42283.84921514101
42283.84921514101
42283.84921514101
42283.84921514101
42283.84921514101
42283.84921514101
42283.84921514101
42283.84921514101
42283.84921514101
42283.84921514101
42283.84921514101
42283.84921514101
42283.84921514101
42283.84921514101
42283.84921514101
42283.84921514101
42283.84921514101
42283.84921514101
42283.84921514101
42283.84921514101
42283.84921514101
42283.84921514101
42283.84921514101
42283.84921514101
42283.84921514101
42283.84921514101
42283.84921514101
42283.84921514101
42283.84921514101
42283.84921514101
42283.84921514101
42283.84921514101
42283.84921514101
42283.84921514101
42283.84921514101
42283.84921514101
42283.84921514101
42283.84921514101
42283.84921514101
42283.84921514101
42283.84921514101
42283.84921514101
42283.84921514101
42283.84921514101
41943.51158969528
41943.51158969528
41943.51158969528
41943.51158969528
41943.51158969528
41943.51158969528
41943.51158969528
41943.51158969528
41943.51158969528
41943.51158969528
41943.51158969528
41943.51158969528
41943.51158969528
41943.51158969528
41802.88471839227
41802.88471839227
41802.88471839227
41802.88471839227
41802.88471839227
41802.88471839227
41802.88471839227
41802.88471839227
41802.88471839227
41802.88471839227
41802.88471839227
41802.88471839227
41802.88471839227
41802.88471839227
41802.88471839227
41802.88471839227
41802.88471839227
41802.88471839227
41802.88471839227
41802.88471839227
41802.88471839227
41802.88471839227
41802.88471839227
41802.88471839227
41802.88471839227
41802.88471839227
41802.88471839227
41802.88471839227
41802.88471839227
41802.88471839227
41802.88471839227
41802.88471839227
41802.88471839227
41802.88471839227
41802.88471839227
41802.88471839227
41802.88471839227
41802.88471839227
41802.88471839227
41802.88471839227
41802.88471839227
41802.88471839227
41802.88471839227
41802.88471839227
41802.88471839227
41802.88471839227
41802.88471839227
41802.88471839227
41802.88471839227
41802.88471839227
41802.88471839227
41802.88471839227
41802.88471839227
41802.88471839227
41802.88471839227
41802.88471839227
41802.88471839227
41802.88471839227
41802.88471839227
41802.88471839227
41802.88471839227
41802.88471839227
41802.88471839227
41802.88471839227
41802.88471839227
41802.88471839227
41802.88471839227
41802.88471839227
41802.88471839227
41802.88471839227
40938.55415028212
40938.55415028212
40938.55415028212
40938.55415028212
40938.55415028212
40938.55415028212
40938.55415028212
40938.55415028212
40938.55415028212
40938.55415028212
40938.55415028212
40938.55415028212
40938.55415028212
40938.55415028212
40938.55415028212
40938.55415028212
40938.55415028212
40938.55415028212
40938.55415028212
40938.55415028212
40938.55415028212
40938.55415028212
40938.55415028212
40938.55415028212
40938.55415028212
40938.55415028212
40938.55415028212
40938.55415028212
40938.55415028212
40938.55415028212
40938.55415028212
40938.55415028212
40938.55415028212
40938.55415028212
40938.55415028212
40938.55415028212
40938.55415028212
40938.55415028212
40938.55415028212
40938.55415028212
40938.55415028212
40938.55415028212
40938.55415028212
40938.55415028212
40938.55415028212
40938.55415028212
40938.55415028212
40938.55415028212
40938.55415028212
40938.55415028212
40938.55415028212
40938.55415028212
40938.55415028212
40825.18816323642
40825.18816323642
40825.18816323642
40825.18816323642
40825.18816323642
40825.18816323642
40556.95204944098
40556.95204944098
40556.95204944098
40556.95204944098
40556.95204944098
40556.95204944098
40556.95204944098
40556.95204944098
40556.95204944098
40556.95204944098
40556.95204944098
40556.95204944098
40556.95204944098
40556.95204944098
40556.95204944098
40556.95204944098
40556.95204944098
40556.95204944098
40556.95204944098
40556.95204944098
40556.95204944098
40556.95204944098
40556.95204944098
40556.95204944098
40556.95204944098
40556.95204944098
40556.95204944098
40556.95204944098
40556.95204944098
40556.95204944098
40556.95204944098
40556.95204944098
40556.95204944098
40556.95204944098
40556.95204944098
40556.95204944098
40556.95204944098
40556.95204944098
40556.95204944098
40556.95204944098
40556.95204944098
40556.95204944098
40556.95204944098
40556.95204944098
40556.95204944098
40556.95204944098
40556.95204944098
40556.95204944098
40556.95204944098
40556.95204944098
40556.95204944098
40556.95204944098
40556.95204944098
40556.95204944098
40556.95204944098
40556.95204944098
40556.95204944098
40556.95204944098
40556.95204944098
40556.95204944098
40556.95204944098
40556.95204944098
40556.95204944098
40556.95204944098
40556.95204944098
40556.95204944098
40556.95204944098
40556.95204944098
40556.95204944098
40556.95204944098
40556.95204944098
40556.95204944098
40556.95204944098
40556.95204944098
40522.219463287576
40522.219463287576
40522.219463287576
40522.219463287576
40522.219463287576
40522.219463287576
40522.219463287576
40521.034616605946
40521.034616605946
40521.034616605946
40521.034616605946
40521.034616605946
40521.034616605946
40314.98356573416
40314.98356573416
40314.98356573416
40314.98356573416
40314.98356573416
40314.98356573416
40314.98356573416
40314.98356573416
40314.98356573416
40314.98356573416
40314.98356573416
40314.98356573416
40314.98356573416
40314.98356573416
40170.54227903613
40170.54227903613
40170.54227903613
40170.54227903613
40170.54227903613
40170.54227903613
40170.54227903613
40170.54227903613
40170.54227903613
40170.54227903613
40170.54227903613
40170.54227903613
40170.54227903613
40170.54227903613
40170.54227903613
40170.54227903613
40170.54227903613
40170.54227903613
40170.54227903613
40170.54227903613
40170.54227903613
40170.54227903613
40170.54227903613
40170.54227903613
40170.54227903613
40170.54227903613
40170.54227903613
40170.54227903613
40170.54227903613
40170.54227903613
40170.54227903613
40170.54227903613
40170.54227903613
40170.54227903613
40170.54227903613
40170.54227903613
40170.54227903613
40170.54227903613
40170.54227903613
40170.54227903613
40170.54227903613
40170.54227903613
40170.54227903613
40170.54227903613
40170.54227903613
40170.54227903613
40170.54227903613
40170.54227903613
40170.54227903613
40170.54227903613
40170.54227903613
40170.54227903613
40170.54227903613
40170.54227903613
40170.54227903613
40170.54227903613
40170.54227903613
40170.54227903613
40170.54227903613
40170.54227903613
40170.54227903613
40170.54227903613
40170.54227903613
40170.54227903613
40036.18879441817
40036.18879441817
40036.18879441817
40036.18879441817
40036.18879441817
40036.18879441817
40036.18879441817
40036.18879441817
40036.18879441817
40036.18879441817
40036.18879441817
40036.18879441817
40036.18879441817
40036.18879441817
40036.18879441817
40036.18879441817
40036.18879441817
40036.18879441817
40036.18879441817
40036.18879441817
40036.18879441817
40036.18879441817
40036.18879441817
40036.18879441817
40036.18879441817
40036.18879441817
40036.18879441817
40036.188794418165
40036.188794418165
40036.188794418165
40036.188794418165
40036.188794418165
40036.188794418165
40036.188794418165
40036.188794418165
40036.188794418165
40036.188794418165
40036.188794418165
40036.188794418165
40036.188794418165
40036.188794418165
40036.188794418165
40036.188794418165
40036.188794418165
40036.188794418165
40036.188794418165
40036.188794418165
40036.188794418165
40036.188794418165
40036.188794418165
40036.188794418165
40036.188794418165
40036.188794418165
40036.188794418165
40036.188794418165
40036.188794418165
40036.188794418165
40036.188794418165
39874.94594666952
39874.94594666952
39874.94594666952
39874.94594666952
39874.94594666952
39874.94594666952
39874.94594666952
39874.94594666952
39874.94594666952
39874.94594666952
39874.94594666952
39874.94594666952
39874.94594666952
39874.94594666952
39874.94594666952
39874.94594666952
39874.94594666952
39874.94594666952
39874.94594666952
39874.94594666952
39874.94594666952
39874.94594666952
39874.94594666952
39874.94594666952
39874.94594666952
39874.94594666952
39874.94594666952
39874.94594666952
39874.94594666952
39874.94594666952
39874.94594666952
39874.94594666952
39874.94594666952
39874.94594666952
39874.94594666952
39874.94594666952
39874.94594666952
39874.94594666952
39874.94594666952
39874.94594666952
39874.94594666952
39874.94594666952
39874.94594666952
39874.94594666952
39874.94594666952
39874.94594666952
39874.94594666952
39874.94594666952
39874.94594666952
39874.94594666952
39874.94594666952
39874.94594666952
39874.94594666952
39874.94594666952
39874.94594666952
39874.94594666952
39874.94594666952
39874.94594666952
39874.94594666952
39874.94594666952
39874.94594666952
39874.94594666952
39874.94594666952
39874.94594666952
39874.94594666952
39874.94594666952
39874.94594666952
39874.94594666952
39874.94594666952
39874.94594666952
39874.94594666952
39874.94594666952
39874.94594666952
39874.94594666952
39874.94594666952
39874.94594666952
39874.94594666952
39874.94594666952
39874.94594666952
39848.38090456663
39848.38090456663
39848.38090456663
39848.38090456663
39848.38090456663
39848.38090456663
39848.38090456663
39848.38090456663
39848.38090456663
39848.38090456663
39848.38090456663
39758.81446645966
39758.81446645966
39758.81446645966
39758.81446645966
39758.81446645966
39758.81446645966
39758.81446645966
39758.81446645966
39758.81446645966
39758.81446645966
39758.81446645966
39758.81446645966
39758.81446645966
39758.81446645966
39758.81446645966
39758.81446645966
39758.81446645966
39758.81446645966
39758.81446645966
39758.81446645966
39758.81446645966
39758.81446645966
39758.81446645966
39758.81446645966
39758.81446645966
39758.81446645966
39758.81446645966
39758.81446645966
39743.64004736923
39743.64004736923
39743.64004736923
39743.64004736923
39743.64004736923
39743.64004736923
39743.64004736923
39743.64004736923
39743.64004736923
39743.64004736923
39743.64004736923
39743.64004736923
39743.64004736923
39743.64004736923
39743.64004736923
39743.64004736923
39743.64004736923
39743.64004736923
39743.64004736923
39743.64004736923
39743.64004736923
39743.64004736923
39743.64004736923
39743.64004736923
39743.64004736923
39743.64004736923
39743.64004736923
39743.64004736923
39743.64004736923
39039.15417318287
39039.15417318287
39039.15417318287
39039.15417318287
39039.15417318287
39039.15417318287
39039.15417318287
39039.15417318287
39039.15417318287
39039.15417318287
39039.15417318287
39039.15417318287
39039.15417318287
39039.15417318287
39039.15417318287
39039.15417318287
39039.15417318287
39039.15417318287
39039.15417318287
38806.592418924316
38806.592418924316
38806.592418924316
38806.592418924316
38806.592418924316
38806.592418924316
38806.592418924316
38806.592418924316
38806.592418924316
38806.592418924316
38806.592418924316
38806.592418924316
38806.592418924316
38806.592418924316
38806.592418924316
38806.592418924316
38806.592418924316
38755.04405581156
38755.04405581156
38755.04405581156
38755.04405581156
38755.04405581156
38755.04405581156
38755.04405581156
38755.04405581156
38755.04405581156
38755.04405581156
38755.04405581156
38755.04405581156
38755.04405581156
38755.04405581156
38755.04405581156
38755.04405581156
38755.04405581156
38755.04405581156
38755.04405581156
38755.04405581156
38755.04405581156
38755.04405581156
38755.04405581156
38755.04405581156
38755.04405581156
38755.04405581156
38755.04405581156
38755.04405581156
38755.04405581156
38755.04405581156
38755.04405581156
38755.04405581156
38755.04405581156
38755.04405581156
38755.04405581156
38755.04405581156
38755.04405581156
38755.04405581156
38755.04405581156
38755.04405581156
38755.04405581156
38755.04405581156
38755.04405581156
38755.04405581156
38755.04405581156
38755.04405581156
38755.04405581156
38755.04405581156
38755.04405581156
38755.04405581156
38755.04405581156
38755.04405581156
38755.04405581156
38755.04405581156
38755.04405581156
38755.04405581156
38755.04405581156
38755.04405581156
38755.04405581156
38755.04405581156
38755.04405581156
38755.04405581156
38755.04405581156
38755.04405581156
38755.04405581156
38755.04405581156
38755.04405581156
38755.04405581156
38755.04405581156
38755.04405581156
38755.04405581156
38755.04405581156
38755.04405581156
38755.04405581156
38755.04405581156
38755.04405581156
38755.04405581156
38755.04405581156
38755.04405581156
38738.415074595825
38738.415074595825
38738.415074595825
38738.415074595825
38738.415074595825
38485.281261967204
38485.281261967204
38485.281261967204
38485.281261967204
38485.281261967204
38485.281261967204
38485.281261967204
38485.281261967204
38485.281261967204
38485.281261967204
38485.281261967204
38485.281261967204
38266.34045434498
38266.34045434498
38266.34045434498
38266.34045434498
38266.34045434498
38266.34045434498
38266.34045434498
38266.34045434498
38266.34045434498
38266.34045434498
38266.34045434498
38266.34045434498
37921.2604739709
37921.2604739709
37921.2604739709
37921.2604739709
37921.2604739709
37921.2604739709
37921.2604739709
37921.2604739709
37921.2604739709
37921.2604739709
37921.2604739709
37921.2604739709
37921.2604739709
37921.2604739709
37921.2604739709
37921.2604739709
37921.2604739709
37921.2604739709
37921.2604739709
37921.2604739709
37921.2604739709
37702.98158185196
37702.98158185196
37702.98158185196
37702.98158185196
37702.98158185196
37702.98158185196
37702.98158185196
37702.98158185196
37702.98158185196
37702.98158185196
37702.98158185196
37702.98158185196
37702.98158185196
37702.98158185196
37702.98158185196
37702.98158185196
37702.98158185196
37702.98158185196
37702.98158185196
37702.98158185196
37702.98158185196
37702.98158185196
37702.98158185196
37702.98158185196
37702.98158185196
37702.98158185196
37702.98158185196
37702.98158185196
37702.98158185196
37702.98158185196
37702.98158185196
37702.98158185196
37702.98158185196
37702.98158185196
37702.98158185196
37702.98158185196
37702.98158185196
37702.98158185196
37702.98158185196
37702.98158185196
37702.98158185196
37702.98158185196
37702.98158185196
37702.98158185196
37702.98158185196
37702.98158185196
37702.98158185196
37702.98158185196
37702.98158185196
37702.98158185196
37702.98158185196
37702.98158185196
37702.98158185196
37702.98158185196
37702.98158185196
37702.98158185196
37702.98158185196
37702.98158185196
37702.98158185196
37702.98158185196
37702.98158185196
37701.13128706242
37701.13128706242
37701.13128706242
37701.13128706242
37701.13128706242
37701.13128706242
37701.13128706242
37701.13128706242
37701.13128706242
37701.13128706242
37701.13128706242
37701.13128706242
37701.13128706242
37701.13128706242
37701.13128706242
37701.13128706242
37701.13128706242
37701.13128706242
37701.13128706242
37701.13128706242
37701.13128706242
37701.13128706242
37701.13128706242
37250.62237730202
37250.62237730202
37250.62237730202
37250.62237730202
37250.62237730202
37250.62237730202
37250.62237730202
37250.62237730202
37250.62237730202
37250.62237730202
37250.62237730202
37250.62237730202
37250.62237730202
37250.62237730202
37250.62237730202
37250.62237730202
37250.62237730202
37250.62237730202
37250.62237730202
37250.62237730202
37250.62237730202
37250.62237730202
37250.62237730202
37250.62237730202
37250.62237730202
37250.62237730202
37250.62237730202
37250.62237730202
37250.62237730202
37250.62237730202
37250.62237730202
37250.62237730202
37250.62237730202
37250.62237730202
37250.62237730202
37250.62237730202
37250.62237730202
37250.62237730202
37250.62237730202
37250.62237730202
37250.62237730202
37250.62237730202
37250.62237730202
37250.62237730202
37250.62237730202
37250.62237730202
37250.62237730202
37250.62237730202
37250.62237730202
37250.62237730202
37043.09907174956
37043.09907174956
37043.09907174956
37043.09907174956
37043.09907174956
37043.09907174956
37043.09907174956
37043.09907174956
37043.09907174956
37043.09907174956
37043.09907174956
37043.09907174956
37043.09907174956
37043.09907174956
37043.09907174956
37043.09907174956
37043.09907174956
37043.09907174956
37043.09907174956
37043.09907174956
37043.09907174956
37043.09907174956
37043.09907174956
37043.09907174956
37043.09907174956
37043.09907174956
37043.09907174956
37043.09907174956
37043.09907174956
37043.09907174956
37043.09907174956
37043.09907174956
37043.09907174956
37043.09907174956
37043.09907174956
37043.09907174956
37043.09907174956
37043.09907174956
37043.09907174956
37043.09907174956
37043.09907174956
37043.09907174956
37043.09907174956
37043.09907174956
37043.09907174956
37043.09907174956
37043.09907174956
37043.09907174956
37043.09907174956
37043.09907174956
37043.09907174956
37043.09907174956
37043.09907174956
37043.09907174956
37043.09907174956
37043.09907174956
37043.09907174956
37043.09907174956
37043.09907174956
37043.09907174956
37043.09907174956
37043.09907174956
37021.58561942817
37021.58561942817
37021.58561942817
37021.58561942817
37021.58561942817
37021.58561942817
37021.58561942817
37021.58561942817
37021.58561942817
37021.58561942817
37021.58561942817
36883.981533909486
36883.981533909486
36883.981533909486
36883.981533909486
36883.981533909486
36883.981533909486
36883.981533909486
36883.981533909486
36883.981533909486
36883.981533909486
36883.981533909486
36883.981533909486
36883.981533909486
36883.981533909486
36883.981533909486
36883.981533909486
36883.981533909486
36883.981533909486
36883.981533909486
36883.981533909486
36883.981533909486
36883.981533909486
36883.981533909486
36883.981533909486
36883.981533909486
36883.981533909486
36883.981533909486
36883.981533909486
36883.981533909486
36883.981533909486
36883.981533909486
36883.981533909486
36883.981533909486
36883.981533909486
36883.981533909486
36883.981533909486
36883.981533909486
36883.981533909486
36883.981533909486
36883.981533909486
36883.981533909486
36883.981533909486
36883.981533909486
36740.06360141918
36740.06360141918
36740.06360141918
36740.06360141918
36740.06360141918
36740.06360141918
36740.06360141918
36740.06360141918
36740.06360141918
36740.06360141918
36740.06360141918
36740.06360141918
36740.06360141918
36740.06360141918
36740.06360141918
36740.06360141918
36740.06360141918
36740.06360141918
36740.06360141918
36740.06360141918
36740.06360141918
36740.06360141918
36740.06360141918
36740.06360141918
36740.06360141918
36740.06360141918
36740.06360141918
36740.06360141918
36740.06360141918
36740.06360141918
36740.06360141918
36740.06360141918
36740.06360141918
36740.06360141918
36740.06360141918
36740.06360141918
36740.06360141918
36740.06360141918
36740.06360141918
36740.06360141918
36740.06360141918
36740.06360141918
36740.06360141918
36740.06360141918
36740.06360141918
36740.06360141918
36740.06360141918
36740.06360141918
36740.06360141918
36740.06360141918
36740.06360141918
36740.06360141918
36740.06360141918
36740.06360141918
36740.06360141918
36740.06360141918
36740.06360141918
36740.06360141918
36582.4852277827
36582.4852277827
36582.4852277827
36582.4852277827
36582.4852277827
36582.4852277827
36582.4852277827
36582.4852277827
36582.4852277827
36582.4852277827
36582.4852277827
36582.4852277827
36582.4852277827
36582.4852277827
36582.4852277827
36582.4852277827
36582.4852277827
36582.4852277827
36545.04670168763
36545.04670168763
36545.04670168763
36545.04670168763
36545.04670168763
36545.04670168763
36511.23269532183
36511.23269532183
36511.23269532183
36511.23269532183
36511.23269532183
36413.35200553159
36413.35200553159
36413.35200553159
36413.35200553159
36413.35200553159
36413.35200553159
36413.35200553159
36413.35200553159
36413.35200553159
36413.35200553159
36413.35200553159
36413.35200553159
36413.35200553159
36413.35200553159
36413.35200553159
36413.35200553159
36413.35200553159
36413.35200553159
36366.36314235147
36366.36314235147
36366.36314235147
36366.36314235147
36366.36314235147
36366.36314235147
36366.36314235147
36366.36314235147
36366.36314235147
36366.36314235147
36366.36314235147
36366.36314235147
36366.36314235147
36366.36314235147
36366.36314235147
36366.36314235147
36366.36314235147
36366.36314235147
36366.36314235147
36366.36314235147
36366.36314235147
36366.36314235147
36366.36314235147
36366.36314235147
36366.36314235147
36366.36314235147
36366.36314235147
36366.36314235147
36366.36314235147
36366.36314235147
36366.36314235147
36366.36314235147
36366.36314235147
36366.36314235147
36366.36314235147
36366.36314235147
36366.36314235147
36366.36314235147
36366.36314235147
36366.36314235147
36366.36314235147
36366.36314235147
36366.36314235147
36366.36314235147
36366.36314235147
36366.36314235147
36366.36314235147
36366.36314235147
36366.36314235147
36366.36314235147
36366.36314235147
36366.36314235147
36366.36314235147
36366.36314235147
36366.36314235147
36366.36314235147
36366.36314235147
36366.36314235147
36366.36314235147
36366.36314235147
36366.36314235147
36366.36314235147
36366.36314235147
36366.36314235147
36366.36314235147
36366.36314235147
36366.36314235147
36303.947821716334
36303.947821716334
36303.947821716334
36303.947821716334
36303.947821716334
36303.947821716334
36303.947821716334
36303.947821716334
36303.947821716334
36303.947821716334
36303.947821716334
36303.947821716334
36303.947821716334
36303.947821716334
36303.947821716334
36303.947821716334
36303.947821716334
36303.947821716334
36303.947821716334
36303.947821716334
36303.947821716334
36303.947821716334
36303.947821716334
36303.947821716334
36303.947821716334
36303.947821716334
36303.947821716334
36303.947821716334
36303.947821716334
36303.947821716334
36303.947821716334
36303.947821716334
36303.947821716334
36303.947821716334
36303.947821716334
36303.947821716334
36303.947821716334
36303.947821716334
36303.947821716334
36303.947821716334
36303.947821716334
36303.947821716334
36303.947821716334
36303.947821716334
36303.947821716334
36303.947821716334
36303.947821716334
36303.947821716334
36303.947821716334
36303.947821716334
36303.947821716334
36303.947821716334
36303.947821716334
36303.947821716334
36303.947821716334
36303.947821716334
36303.947821716334
36303.947821716334
36303.947821716334
36303.947821716334
36303.947821716334
36303.947821716334
36303.947821716334
36303.947821716334
36303.947821716334
36303.947821716334
36303.947821716334
36303.947821716334
36303.947821716334
36303.947821716334
36303.947821716334
36303.947821716334
35836.41149122722
35836.41149122722
35836.41149122722
35836.41149122722
35836.41149122722
35836.41149122722
35836.41149122722
35836.41149122722
35836.41149122722
35836.41149122722
35836.41149122722
35836.41149122722
35836.41149122722
35836.41149122722
35836.41149122722
35836.41149122722
35836.41149122722
35836.41149122722
35836.41149122722
35836.41149122722
35836.41149122722
35836.41149122722
35836.41149122722
35836.41149122722
35836.41149122722
35836.41149122722
35836.41149122722
35836.41149122722
35836.41149122722
35836.41149122722
35836.41149122722
35836.41149122722
35836.41149122722
35836.41149122722
35836.41149122722
35836.41149122722
35836.41149122722
35836.41149122722
35836.41149122722
35836.41149122722
35836.41149122722
35836.41149122722
35836.41149122722
35836.41149122722
35836.41149122722
35836.41149122722
35836.41149122722
35836.41149122722
35836.41149122722
35836.41149122722
35836.41149122722
35836.41149122722
35836.41149122722
35836.41149122722
35836.41149122722
35836.41149122722
35836.41149122722
35836.41149122722
35836.41149122722
35836.41149122722
35836.41149122722
35836.41149122722
35836.41149122722
35836.41149122722
35836.41149122722
35836.41149122722
35836.41149122722
35836.41149122722
35836.41149122722
35836.41149122722
35836.41149122722
35836.41149122722
35836.41149122722
35836.41149122722
35836.41149122722
35836.41149122722
35836.41149122722
35836.41149122722
35836.41149122722
35836.41149122722
35836.41149122722
35836.41149122722
35836.41149122722
35836.41149122722
35836.41149122722
35836.41149122722
35836.41149122722
35836.41149122722
35836.41149122722
35836.41149122722
35836.41149122722
35836.41149122722
35836.41149122722
35836.41149122722
35836.41149122722
35836.41149122722
35836.41149122722
35836.41149122722
35836.41149122722
35836.41149122722
35836.41149122722
35836.41149122722
35836.41149122722
35836.41149122722
35836.41149122722
35836.41149122722
35836.41149122722
35836.41149122722
35836.41149122722
35836.41149122722
35836.41149122722
35836.41149122722
35836.41149122722
35836.41149122722
35836.41149122722
35836.41149122722
35836.41149122722
35836.41149122722
35836.41149122722
35836.41149122722
35836.41149122722
35836.41149122722
35836.41149122722
35836.41149122722
35836.41149122722
35836.41149122722
35836.41149122722
35836.41149122722
35836.41149122722
35836.41149122722
35836.41149122722
35836.41149122722
35836.41149122722
35836.41149122722
35836.41149122722
35836.41149122722
35836.41149122722
35836.41149122722
35836.41149122722
35836.41149122722
35836.41149122722
35836.41149122722
35836.41149122722
35836.41149122722
35650.72634255523
35650.72634255523
35650.72634255523
35650.72634255523
35650.72634255523
35650.72634255523
35650.72634255523
35650.72634255523
35650.72634255523
35650.72634255523
35650.72634255523
35650.72634255523
35650.72634255523
35650.72634255523
35650.72634255523
35650.72634255523
35650.72634255523
35650.72634255523
35650.72634255523
35650.72634255523
35650.72634255523
35650.72634255523
35650.72634255523
35650.72634255523
35650.72634255523
35650.72634255523
35650.72634255523
35650.72634255523
35650.72634255523
35650.72634255523
35650.72634255523
35650.72634255523
35650.72634255523
35542.48877651156
35542.48877651156
35542.48877651156
35542.48877651156
35542.48877651156
35542.48877651156
35542.48877651156
35542.48877651156
35542.48877651156
35542.48877651156
35542.48877651156
35542.48877651156
35542.48877651156
35542.48877651156
35542.48877651156
35542.48877651156
35542.48877651156
35542.48877651156
35542.48877651156
35542.48877651156
35542.48877651156
35542.48877651156
35542.48877651156
35542.48877651156
35542.48877651156
35542.48877651156
35542.48877651156
35542.48877651156
35542.48877651156
35542.48877651156
35542.48877651156
35542.48877651156
35542.48877651156
35542.48877651156
35542.48877651156
35542.48877651156
35542.48877651156
35542.48877651156
35542.48877651156
35542.48877651156
35542.48877651156
35542.48877651156
35542.48877651156
35542.48877651156
35542.48877651156
35542.48877651156
35542.48877651156
35542.48877651156
35542.48877651156
35542.48877651156
35542.48877651156
35542.48877651156
35542.48877651156
35542.48877651156
35542.48877651156
35542.48877651156
35542.48877651156
35542.48877651156
35542.48877651156
35542.48877651156
35542.48877651156
35542.48877651156
35542.48877651156
35542.48877651156
35542.48877651156
35542.48877651156
35542.48877651156
35542.48877651156
35542.48877651156
35542.48877651156
35542.48877651156
35542.48877651156
35542.48877651156
35542.48877651156
35542.48877651156
35542.48877651156
35542.48877651156
35542.48877651156
35542.48877651156
35542.48877651156
35542.48877651156
35542.48877651156
35542.48877651156
35542.48877651156
35542.48877651156
35542.48877651156
35542.48877651156
35542.48877651156
35542.48877651156
35542.48877651156
35542.48877651156
35542.48877651156
35542.48877651156
35542.48877651156
35542.48877651156
35542.48877651156
35542.48877651156
35542.48877651156
35542.48877651156
35542.48877651156
35542.48877651156
35542.48877651156
35542.48877651156
35542.48877651156
35542.48877651156
35542.48877651156
35542.48877651156
35542.48877651156
35542.48877651156
35542.48877651156
35542.48877651156
35542.48877651156
35542.48877651156
35542.48877651156
35542.48877651156
35542.48877651156
35542.48877651156
35542.48877651156
35542.48877651156
35542.48877651156
35542.48877651156
35542.48877651156
35542.48877651156
35542.48877651156
35542.48877651156
35542.48877651156
35542.48877651156
35542.48877651156
35542.48877651156
35542.48877651156
35542.48877651156
35542.48877651156
35542.48877651156
35542.48877651156
35542.48877651156
35542.48877651156
35542.48877651156
35542.48877651156
35542.48877651156
35542.48877651156
35542.48877651156
35542.48877651156
35542.48877651156
35542.48877651156
35542.48877651156
35542.48877651156
35542.48877651156
35542.48877651156
35542.48877651156
35542.48877651156
35542.48877651156
35542.48877651156
35542.48877651156
35542.48877651156
35542.48877651156
35542.48877651156
35542.48877651156
35542.48877651156
35542.48877651156
35542.48877651156
35542.48877651156
35542.48877651156
35542.48877651156
35542.48877651156
35542.48877651156
35542.48877651156
35542.48877651156
35542.48877651156
35542.48877651156
35477.70258653357
35477.70258653357
35477.70258653357
35477.70258653357
35477.70258653357
35477.70258653357
35477.70258653357
35477.70258653357
35477.70258653357
35477.70258653357
35477.70258653357
35477.70258653357
35477.70258653357
35477.70258653357
35477.70258653357
35477.70258653357
35477.70258653357
35476.9038831593
35413.96208371067
35413.96208371067
35413.96208371067
35413.96208371067
35387.76599566071
35387.76599566071
35387.76599566071
35387.76599566071
35387.76599566071
35387.76599566071
35387.76599566071
35368.62641517022
35368.62641517022
35368.62641517022
35368.62641517022
35368.62641517022
35368.62641517022
35368.62641517022
35368.62641517022
35368.62641517022
35368.62641517022
35368.62641517022
35368.62641517022
35368.62641517022
35368.62641517022
35368.62641517022
35233.86407320203
35233.86407320203
35233.86407320203
35233.86407320203
35233.86407320203
35233.86407320203
35233.86407320203
35233.86407320203
35233.86407320203
35193.59058249292
35193.59058249292
35193.59058249292
35193.59058249292
35193.59058249292
35193.59058249292
35193.59058249292
35193.59058249292
35193.59058249292
35193.59058249292
35193.59058249292
35193.59058249292
35193.59058249292
35193.59058249292
35193.59058249292
35193.59058249292
35193.59058249292
35193.59058249292
35193.59058249292
35193.59058249292
35193.59058249292
35193.59058249292
35193.59058249292
35193.59058249292
35193.59058249292
35193.59058249292
35193.59058249292
35193.59058249292
35193.59058249292
35193.59058249292
35193.59058249292
35193.59058249292
35193.59058249292
35193.59058249292
35193.59058249292
35193.59058249292
35174.31044967081
35174.31044967081
35174.31044967081
35174.31044967081
35174.31044967081
35174.31044967081
35174.31044967081
35174.31044967081
35174.31044967081
35174.31044967081
35174.31044967081
35174.31044967081
35174.31044967081
35174.31044967081
35174.31044967081
35174.31044967081
35174.31044967081
35174.31044967081
35174.31044967081
35174.31044967081
35174.31044967081
35174.31044967081
35174.31044967081
35174.31044967081
35174.31044967081
35174.31044967081
35174.31044967081
35174.31044967081
35174.31044967081
35174.31044967081
35174.31044967081
35174.31044967081
35174.31044967081
35174.31044967081
35174.31044967081
35174.31044967081
35174.31044967081
35174.31044967081
35174.31044967081
35174.31044967081
35174.31044967081
35174.31044967081
35174.31044967081
35174.31044967081
35174.31044967081
35174.31044967081
35174.31044967081
35174.31044967081
35174.31044967081
35174.31044967081
35174.31044967081
35174.31044967081
35174.31044967081
35174.31044967081
35174.31044967081
35174.31044967081
35174.31044967081
35174.31044967081
35174.31044967081
35106.693530000804
35106.693530000804
35106.693530000804
35074.78212388892
35074.78212388892
35074.78212388892
35074.78212388892
35060.30853802452
35060.30853802452
35060.30853802452
35060.30853802452
35060.30853802452
35060.30853802452
35060.30853802452
35060.30853802452
Time: 23.844467639923096 seconds 
Best solution: 35060.30853802452 [18, 35, 34, 41, 56, 51, 43, 52, 60, 65, 87, 88, 95, 69, 62, 63, 61, 39, 4, 5, 38, 31, 36, 14, 19, 71, 76, 82, 67, 23, 64, 46, 33, 37, 44, 72, 9, 66, 80, 75, 83, 77, 68, 78, 84, 96, 102, 101, 97, 92, 85, 98, 99, 93, 91, 90, 100, 94, 89, 81, 70, 74, 86, 73, 79, 105, 58, 42, 40, 49, 50, 55, 47, 53, 54, 59, 57, 48, 32, 30, 103, 28, 29, 15, 3, 1, 7, 2, 6, 10, 11, 12, 26, 13, 27, 24, 20, 21, 22, 45, 104, 16, 25, 8, 17]
Avg solution: 49011.84114416282