Alg:2, Run: 7, file: C:\Users\gabri\Documents\AN 3 SEM 2\AI\Lab\Lab3\\lin105.tsp, population number: 100, generations: 5000 
108577.83740656078
107030.65994936765
107030.65994936765
107030.65994936765
104685.46744780296
104685.46744780296
99686.71032949076
99686.71032949076
99686.71032949076
99686.71032949076
99686.71032949076
99686.71032949076
99686.71032949076
99686.71032949076
99686.71032949076
99686.71032949076
99686.71032949076
99686.71032949076
97913.40960578166
97913.40960578166
97913.40960578166
97913.40960578166
97610.4119029763
97610.4119029763
97610.4119029763
97610.4119029763
96329.2031222074
96329.2031222074
96329.2031222074
96329.2031222074
96329.2031222074
95575.53966466317
95575.53966466317
93696.71036602449
93696.71036602449
93696.71036602449
93696.71036602449
93696.71036602449
93696.71036602449
93696.71036602449
93374.35652209495
93374.35652209495
93374.35652209495
93374.35652209495
92830.64568834942
92507.72099049525
92507.72099049525
87568.73761114725
87568.73761114725
87568.73761114725
87568.73761114725
87568.73761114725
87568.73761114725
87568.73761114725
87568.73761114725
87568.73761114725
87568.73761114725
87568.73761114725
87568.73761114725
87568.73761114725
87568.73761114725
87568.73761114725
87568.73761114725
87568.73761114725
87568.73761114725
87568.73761114725
87568.73761114725
87568.73761114725
87568.73761114725
87568.73761114725
87568.73761114725
87568.73761114725
87568.73761114725
87568.73761114725
87568.73761114725
87568.73761114725
87568.73761114725
87568.73761114725
87568.73761114725
87568.73761114725
87568.73761114725
87568.73761114725
87568.73761114725
87568.73761114725
87568.73761114725
87568.73761114725
87568.73761114725
87568.73761114725
87568.73761114725
87568.73761114725
87568.73761114725
87568.73761114725
87568.73761114725
87568.73761114725
87568.73761114725
87568.73761114725
87568.73761114725
87568.73761114725
87568.73761114725
87568.73761114725
87568.73761114725
87568.73761114725
87568.73761114725
87568.73761114725
87568.73761114725
87568.73761114725
87568.73761114725
87568.73761114725
87568.73761114725
87568.73761114725
87568.73761114725
87568.73761114725
87568.73761114725
87568.73761114725
87568.73761114725
87568.73761114725
87568.73761114725
87568.73761114725
87568.73761114725
86406.20823013979
86406.20823013979
86406.20823013979
86406.20823013979
85396.87100442387
85396.87100442387
85396.87100442387
85396.87100442387
85396.87100442387
85396.87100442387
85396.87100442387
85396.87100442387
85396.87100442387
85396.87100442387
85396.87100442387
85396.87100442387
85396.87100442387
85396.87100442387
85396.87100442387
85396.87100442387
85396.87100442387
85396.87100442387
85396.87100442387
85396.87100442387
85396.87100442387
85396.87100442387
85396.87100442387
85396.87100442387
85396.87100442387
85396.87100442387
85396.87100442387
85396.87100442387
85396.87100442387
85396.87100442387
85396.87100442387
85396.87100442387
85396.87100442387
85396.87100442387
85396.87100442387
85396.87100442387
85396.87100442387
85396.87100442387
85396.87100442387
85396.87100442387
85396.87100442387
85396.87100442387
85396.87100442387
85396.87100442387
85396.87100442387
84947.57114679899
84947.57114679899
84947.57114679899
84947.57114679899
84947.57114679899
81625.58057072395
81625.58057072395
81625.58057072395
81625.58057072395
81625.58057072395
81625.58057072395
81625.58057072395
81625.58057072395
81625.58057072395
81625.58057072395
81625.58057072395
81625.58057072395
81625.58057072395
81625.58057072395
81625.58057072395
81625.58057072395
81625.58057072395
81625.58057072395
81625.58057072395
81625.58057072395
81625.58057072395
81625.58057072395
81625.58057072395
81625.58057072395
81625.58057072395
81625.58057072395
81625.58057072395
81625.58057072395
81625.58057072395
81625.58057072395
81625.58057072395
81625.58057072395
81625.58057072395
81625.58057072395
81625.58057072395
81625.58057072395
81625.58057072395
81625.58057072395
81625.58057072395
80944.40389444899
80944.40389444899
80944.40389444899
80944.40389444899
80944.40389444899
80944.40389444899
80944.40389444899
80944.40389444899
80944.40389444899
80944.40389444899
80944.40389444899
80944.40389444899
80568.2081587185
80568.2081587185
80568.2081587185
80568.2081587185
80568.2081587185
80568.2081587185
80568.2081587185
80568.2081587185
80568.2081587185
80568.2081587185
80568.2081587185
80568.2081587185
80568.2081587185
80568.2081587185
80568.2081587185
80568.2081587185
79674.56088703535
79674.56088703535
79674.56088703535
79674.56088703535
79674.56088703535
79674.56088703535
79674.56088703535
79674.56088703535
79674.56088703535
79674.56088703535
79674.56088703535
79674.56088703535
79674.56088703535
79674.56088703535
79674.56088703535
79674.56088703535
78947.28064202012
78947.28064202012
78947.28064202012
78947.28064202012
78947.28064202012
78947.28064202012
78947.28064202012
78947.28064202012
78947.28064202012
78947.28064202012
78947.28064202012
78775.69161579377
78067.46432837684
78067.46432837684
76569.39184856208
76569.39184856208
76569.39184856208
76569.39184856208
75889.46400514056
75889.46400514056
75889.46400514056
75889.46400514056
75889.46400514056
75889.46400514056
75889.46400514056
75889.46400514056
75889.46400514056
75889.46400514056
75889.46400514056
75889.46400514056
75889.46400514056
75889.46400514056
75889.46400514056
75889.46400514056
75402.40237742692
75402.40237742692
75402.40237742692
75402.40237742692
75402.40237742692
75402.40237742692
75402.40237742692
75402.40237742692
75402.40237742692
75402.40237742692
75402.40237742692
75402.40237742692
75402.40237742692
75402.40237742692
75402.40237742692
75402.40237742692
75402.40237742692
75402.40237742692
75402.40237742692
75402.40237742692
75402.40237742692
75402.40237742692
74259.11130967062
74259.11130967062
74259.11130967062
74259.11130967062
73977.8715554079
73977.8715554079
73977.8715554079
73977.8715554079
73977.8715554079
73977.8715554079
73977.8715554079
73977.8715554079
73977.8715554079
72537.30359566848
72537.30359566848
72537.30359566848
72537.30359566848
72537.30359566848
72537.30359566848
72537.30359566848
72537.30359566848
72537.30359566848
72537.30359566848
72537.30359566848
72537.30359566848
72537.30359566848
72537.30359566848
72537.30359566848
72537.30359566848
72537.30359566848
72537.30359566848
72537.30359566848
72537.30359566848
72537.30359566848
72144.77361820791
72144.77361820791
72144.77361820791
72144.77361820791
71988.1678690693
71988.1678690693
71015.33015393707
71015.33015393707
71015.33015393707
71015.33015393707
71015.33015393707
71015.33015393707
71015.33015393707
71015.33015393707
70238.92106392478
70238.92106392478
70238.92106392478
70238.92106392478
70238.92106392478
70238.92106392478
69763.2466326178
69763.2466326178
69763.2466326178
69763.2466326178
69763.2466326178
69763.2466326178
69763.2466326178
69763.2466326178
69763.2466326178
69763.2466326178
69763.2466326178
69763.2466326178
69763.2466326178
69612.24797614865
69612.24797614865
68978.10397203288
68978.10397203288
68978.10397203288
68978.10397203288
68978.10397203288
68978.10397203288
68535.83895314211
68535.83895314211
68535.83895314211
68535.83895314211
68535.83895314211
68535.83895314211
66877.2354693824
66877.2354693824
66877.2354693824
66877.2354693824
66877.2354693824
66877.2354693824
66877.2354693824
66877.2354693824
66877.2354693824
66877.2354693824
66877.2354693824
66877.2354693824
66877.2354693824
66877.2354693824
66877.2354693824
66877.2354693824
66877.2354693824
63943.40775193632
63943.40775193632
63943.40775193632
63943.40775193632
63943.40775193632
63943.40775193632
63943.40775193632
63943.40775193632
63943.40775193632
63943.40775193632
63943.40775193632
63943.40775193632
63943.40775193632
63943.40775193632
63943.40775193632
63943.40775193632
63943.40775193632
63943.40775193632
63943.40775193632
63943.40775193632
63943.40775193632
63943.40775193632
63943.40775193632
63943.40775193632
63943.40775193632
63943.40775193632
63943.40775193632
63943.40775193632
63943.40775193632
63943.40775193632
63943.40775193632
63943.40775193632
63943.40775193632
63943.40775193632
63943.40775193632
63943.40775193632
63943.40775193632
63943.40775193632
63943.40775193632
63943.40775193632
63943.40775193632
63943.40775193632
63943.40775193632
63943.40775193632
63943.40775193632
63943.40775193632
63943.40775193632
63943.40775193632
63943.40775193632
63943.40775193632
63943.40775193632
63943.40775193632
63943.40775193632
63943.40775193632
63943.40775193632
63943.40775193632
63943.40775193632
63943.40775193632
63943.40775193632
63943.40775193632
63943.40775193632
63943.40775193632
63943.40775193632
63943.40775193632
63943.40775193632
63943.40775193632
63943.40775193632
63943.40775193632
63943.40775193632
63943.40775193632
63943.40775193632
63943.40775193632
63943.40775193632
63943.40775193632
63943.40775193632
63943.40775193632
63943.40775193632
63943.40775193632
63943.40775193632
63943.40775193632
63943.40775193632
63943.40775193632
63943.40775193632
63943.40775193632
63943.40775193632
63943.40775193632
63943.40775193632
63943.40775193632
63943.40775193632
63943.40775193632
63943.40775193632
63943.40775193632
63943.40775193632
63943.40775193632
63943.40775193632
63943.40775193632
63943.40775193632
63943.40775193632
63943.40775193632
63943.40775193632
63943.40775193632
63943.40775193632
63943.40775193632
63943.40775193632
63943.40775193632
63943.40775193632
62948.868391591626
62948.868391591626
62948.868391591626
62948.868391591626
62948.868391591626
62948.868391591626
62948.868391591626
62948.868391591626
62948.868391591626
62948.868391591626
62948.868391591626
62948.868391591626
62948.868391591626
62948.868391591626
62948.868391591626
62948.868391591626
62948.868391591626
62948.868391591626
62948.868391591626
62072.021739662996
62072.021739662996
62072.021739662996
62072.021739662996
62072.021739662996
62072.021739662996
62072.021739662996
62072.021739662996
62072.021739662996
62072.021739662996
62072.021739662996
62072.021739662996
62072.021739662996
62072.021739662996
62072.021739662996
62072.021739662996
62072.021739662996
62072.021739662996
62072.021739662996
62072.021739662996
62072.021739662996
62072.021739662996
62072.021739662996
62072.021739662996
62072.021739662996
61827.50500921764
61827.50500921764
61827.50500921764
61827.50500921764
61827.50500921764
61827.50500921764
61827.50500921764
61827.50500921764
61827.50500921764
61827.50500921764
61827.50500921764
61827.50500921764
61827.50500921764
61827.50500921764
61827.50500921764
61827.50500921764
61827.50500921764
61827.50500921764
61827.50500921764
61827.50500921764
61827.50500921764
61827.50500921764
61827.50500921764
61827.50500921764
61827.50500921764
61827.50500921764
61827.50500921764
61827.50500921764
61827.50500921764
61827.50500921764
61827.50500921764
60978.01311626277
60978.01311626277
60978.01311626277
60978.01311626277
60978.01311626277
60978.01311626277
60978.01311626277
60978.01311626277
60978.01311626277
60978.01311626277
60978.01311626277
60978.01311626277
60978.01311626277
60978.01311626277
60978.01311626277
60978.01311626277
60978.01311626277
60978.01311626277
60978.01311626277
60978.01311626277
60978.01311626277
60978.01311626277
60978.01311626277
60978.01311626277
60978.01311626277
60978.01311626277
60978.01311626277
60978.01311626277
60978.01311626277
60978.01311626277
60978.01311626277
60978.01311626277
60978.01311626277
60978.01311626277
60978.01311626277
60978.01311626277
60978.01311626277
60978.01311626277
60978.01311626277
60978.01311626277
60978.01311626277
60978.01311626277
60978.01311626277
60978.01311626277
60978.01311626277
60978.01311626277
60978.01311626277
60978.01311626277
60978.01311626277
60978.01311626277
60978.01311626277
60746.07505142558
60746.07505142558
60746.07505142558
60746.07505142558
60746.07505142558
60746.07505142558
60746.07505142558
60746.07505142558
60746.07505142558
60746.07505142558
59817.1982149722
59817.1982149722
59817.1982149722
59817.1982149722
59817.1982149722
59817.1982149722
59817.1982149722
59817.1982149722
59817.1982149722
59817.1982149722
59817.1982149722
59817.1982149722
59817.1982149722
59817.1982149722
59817.1982149722
59817.1982149722
59817.1982149722
59817.1982149722
59817.1982149722
59817.1982149722
59817.1982149722
59817.1982149722
59817.1982149722
59817.1982149722
59817.1982149722
59817.1982149722
59817.1982149722
59817.1982149722
59817.1982149722
59817.1982149722
59817.1982149722
59817.1982149722
59817.1982149722
59817.1982149722
59817.1982149722
59817.1982149722
59817.1982149722
59817.1982149722
59817.1982149722
59817.1982149722
59817.1982149722
59817.1982149722
59817.1982149722
59817.1982149722
59817.1982149722
59817.1982149722
59817.1982149722
59817.1982149722
59817.1982149722
59817.1982149722
59817.1982149722
59817.1982149722
59817.1982149722
59817.1982149722
59817.1982149722
59817.1982149722
59817.1982149722
59817.1982149722
59817.1982149722
59817.1982149722
59817.1982149722
59817.1982149722
59817.1982149722
59817.1982149722
59817.1982149722
59817.1982149722
59817.1982149722
59817.1982149722
59817.1982149722
59817.1982149722
59817.1982149722
59817.1982149722
59817.1982149722
59817.1982149722
59817.1982149722
59817.1982149722
59780.859857532305
59780.859857532305
59780.859857532305
59780.859857532305
59780.859857532305
59780.859857532305
59780.859857532305
59780.859857532305
59691.719470877375
59691.719470877375
59691.719470877375
59691.719470877375
59691.719470877375
59691.719470877375
59691.719470877375
59691.719470877375
59691.719470877375
59691.719470877375
59691.719470877375
59691.719470877375
59691.719470877375
59691.719470877375
59691.719470877375
59691.719470877375
59691.719470877375
59691.719470877375
59691.719470877375
59691.719470877375
59691.719470877375
59691.719470877375
59691.719470877375
59691.719470877375
59691.719470877375
59691.719470877375
59691.719470877375
59691.719470877375
59691.719470877375
59691.719470877375
59378.67253742984
59378.67253742984
59378.67253742984
59378.67253742984
59378.67253742984
59378.67253742984
59378.67253742984
59378.67253742984
59378.67253742984
59378.67253742984
59378.67253742984
59378.67253742984
59378.67253742984
59378.67253742984
59378.67253742984
59378.67253742984
59378.67253742984
59378.67253742984
59378.67253742984
59378.67253742984
59378.67253742984
59378.67253742984
59378.67253742984
58969.50853057512
58969.50853057512
58969.50853057512
58969.50853057512
58969.50853057512
58969.50853057512
58969.50853057512
58969.50853057512
58969.50853057512
58969.50853057512
58969.50853057512
58969.50853057512
58969.50853057512
58712.113704370066
58712.113704370066
58712.113704370066
58712.113704370066
58712.113704370066
58712.113704370066
58712.113704370066
58712.113704370066
58712.113704370066
58712.113704370066
58712.113704370066
58712.113704370066
58712.113704370066
58712.113704370066
58712.113704370066
57250.84710558204
57250.84710558204
57250.84710558204
57250.84710558204
57250.84710558204
57250.84710558204
57250.84710558204
57250.84710558204
57250.84710558204
57250.84710558204
56667.37058955304
56667.37058955304
56667.37058955304
56667.37058955304
56667.37058955304
56667.37058955304
56667.37058955304
56667.37058955304
56667.37058955304
56667.37058955304
56667.37058955304
56667.37058955304
56667.37058955304
56667.37058955304
56667.37058955304
56667.37058955304
56667.37058955304
56667.37058955304
56667.37058955304
56667.37058955304
56667.37058955304
56667.37058955304
56667.37058955304
56667.37058955304
56667.37058955304
55365.28560220848
55365.28560220848
55365.28560220848
55365.28560220848
55365.28560220848
55365.28560220848
55365.28560220848
55365.28560220848
55365.28560220848
55365.28560220848
55365.28560220848
55365.28560220848
55365.28560220848
55365.28560220848
55365.28560220848
55365.28560220848
55365.28560220848
55365.28560220848
55365.28560220848
55365.28560220848
55365.28560220848
55365.28560220848
55238.09121182014
55238.09121182014
55238.09121182014
55238.09121182014
55238.09121182014
55238.09121182014
55238.09121182014
55238.09121182014
55238.09121182014
55238.09121182014
55238.09121182014
55238.09121182014
55238.09121182014
55238.09121182014
55238.09121182014
55238.09121182014
55238.09121182014
55238.09121182014
55238.09121182014
55238.09121182014
55238.09121182014
55238.09121182014
55238.09121182014
55238.09121182014
55238.09121182014
55238.09121182014
55238.09121182014
55238.09121182014
55238.09121182014
55238.09121182014
55238.09121182014
55238.09121182014
55238.09121182014
55238.09121182014
55238.09121182014
55238.09121182014
55238.09121182014
55238.09121182014
55238.09121182014
55238.09121182014
55238.09121182014
55238.09121182014
55238.09121182014
55238.09121182014
55238.09121182014
55238.09121182014
55238.09121182014
55238.09121182014
55238.09121182014
55238.09121182014
55238.09121182014
55238.09121182014
55238.09121182014
55238.09121182014
55238.09121182014
55238.09121182014
55238.09121182014
55238.09121182014
55238.09121182014
55238.09121182014
55238.09121182014
55238.09121182014
55238.09121182014
55238.09121182014
55238.09121182014
55238.09121182014
55238.09121182014
55238.09121182014
55238.09121182014
55238.09121182014
55238.09121182014
55238.09121182014
55238.09121182014
55238.09121182014
55238.09121182014
55238.09121182014
55238.09121182014
55238.09121182014
55238.09121182014
55238.09121182014
55238.09121182014
55238.09121182014
55238.09121182014
55238.09121182014
55238.09121182014
55238.09121182014
55238.09121182014
55238.09121182014
55238.09121182014
55238.09121182014
55238.09121182014
55238.09121182014
55238.09121182014
55238.09121182014
55238.09121182014
55238.09121182014
55238.09121182014
55238.09121182014
55238.09121182014
55238.09121182014
55238.09121182014
55238.09121182014
55238.09121182014
55238.09121182014
55238.09121182014
55238.09121182014
55238.09121182014
55238.09121182014
55238.09121182014
55238.09121182014
55238.09121182014
55238.09121182014
55238.09121182014
55238.09121182014
55238.09121182014
55238.09121182014
55238.09121182014
55238.09121182014
55238.09121182014
55238.09121182014
55238.09121182014
55238.09121182014
55238.09121182014
55238.09121182014
55238.09121182014
55238.09121182014
55238.09121182014
55238.09121182014
55238.09121182014
55238.09121182014
55238.09121182014
55238.09121182014
55238.09121182014
55238.09121182014
55238.09121182014
55238.09121182014
55238.09121182014
55238.09121182014
55238.09121182014
55238.09121182014
55238.09121182014
55238.09121182014
55238.09121182014
55238.09121182014
55238.09121182014
55238.09121182014
55238.09121182014
55238.09121182014
55238.09121182014
55238.09121182014
55238.09121182014
55238.09121182014
55238.09121182014
55238.09121182014
55238.09121182014
55238.09121182014
55238.09121182014
55238.09121182014
55238.09121182014
55238.09121182014
55238.09121182014
55238.09121182014
55238.09121182014
55238.09121182014
55238.09121182014
55238.09121182014
55238.09121182014
55238.09121182014
55238.09121182014
55238.09121182014
55238.09121182014
55238.09121182014
55238.09121182014
55238.09121182014
55238.09121182014
55238.09121182014
55238.09121182014
55238.09121182014
55238.09121182014
55238.09121182014
55238.09121182014
55238.09121182014
55238.09121182014
55238.09121182014
55238.09121182014
55238.09121182014
55238.09121182014
55238.09121182014
55238.09121182014
55238.09121182014
55238.09121182014
55238.09121182014
55238.09121182014
55238.09121182014
55238.09121182014
55238.09121182014
55238.09121182014
55238.09121182014
55238.09121182014
54783.01423379493
54783.01423379493
54783.01423379493
54783.01423379493
54783.01423379493
54783.01423379493
54783.01423379493
54783.01423379493
54783.01423379493
54783.01423379493
54783.01423379493
54783.01423379493
54783.01423379493
54783.01423379493
54783.01423379493
54783.01423379493
54783.01423379493
54783.01423379493
54783.01423379493
54783.01423379493
54783.01423379493
54783.01423379493
54783.01423379493
54783.01423379493
54783.01423379493
54783.01423379493
54783.01423379493
54783.01423379493
54783.01423379493
54783.01423379493
54783.01423379493
54783.01423379493
54783.01423379493
54783.01423379493
54783.01423379493
54783.01423379493
54783.01423379493
54783.01423379493
54783.01423379493
54783.01423379493
54783.01423379493
54783.01423379493
54783.01423379493
54783.01423379493
54783.01423379493
54783.01423379493
54783.01423379493
54783.01423379493
54783.01423379493
54783.01423379493
54783.01423379493
54783.01423379493
54783.01423379493
54783.01423379493
54783.01423379493
54783.01423379493
54783.01423379493
54783.01423379493
54783.01423379493
54783.01423379493
54783.01423379493
54783.01423379493
54783.01423379493
54783.01423379493
54783.01423379493
54783.01423379493
54783.01423379493
54783.01423379493
54783.01423379493
54783.01423379493
54783.01423379493
54783.01423379493
54783.01423379493
54783.01423379493
54783.01423379493
54783.01423379493
54783.01423379493
54783.01423379493
54783.01423379493
54783.01423379493
54783.01423379493
54783.01423379493
54783.01423379493
54783.01423379493
54783.01423379493
54783.01423379493
54783.01423379493
54783.01423379493
54783.01423379493
54783.01423379493
54783.01423379493
54783.01423379493
54783.01423379493
54783.01423379493
54783.01423379493
54783.01423379493
54783.01423379493
54783.01423379493
54783.01423379493
54783.01423379493
54783.01423379493
54783.01423379493
54783.01423379493
54783.01423379493
54783.01423379493
54783.01423379493
54783.01423379493
54783.01423379493
54783.01423379493
54783.01423379493
54783.01423379493
54783.01423379493
54783.01423379493
54783.01423379493
54783.01423379493
54783.01423379493
54783.01423379493
54783.01423379493
54783.01423379493
54783.01423379493
54783.01423379493
54783.01423379493
54783.01423379493
54783.01423379493
54783.01423379493
54783.01423379493
54783.01423379493
54783.01423379493
54783.01423379493
54783.01423379493
54783.01423379493
54783.01423379493
54783.01423379493
54783.01423379493
54783.01423379493
54783.01423379493
54783.01423379493
54783.01423379493
54783.01423379493
54783.01423379493
54783.01423379493
54783.01423379493
54783.01423379493
54783.01423379493
54783.01423379493
54783.01423379493
54783.01423379493
54783.01423379493
54783.01423379493
54783.01423379493
54783.01423379493
54783.01423379493
54783.01423379493
54783.01423379493
54783.01423379493
54783.01423379493
54783.01423379493
54783.01423379493
54783.01423379493
54783.01423379493
54783.01423379493
54783.01423379493
54783.01423379493
54783.01423379493
54783.01423379493
54783.01423379493
54783.01423379493
54783.01423379493
54647.07153758423
54647.07153758423
54448.857119697306
54448.857119697306
54448.857119697306
54448.857119697306
54448.857119697306
54448.857119697306
54448.857119697306
54448.857119697306
54448.857119697306
54448.857119697306
54448.857119697306
54448.857119697306
54448.857119697306
54448.857119697306
54448.857119697306
54448.857119697306
54448.857119697306
54448.857119697306
54448.857119697306
54448.857119697306
54448.857119697306
54448.857119697306
54448.857119697306
54448.857119697306
54448.857119697306
54448.857119697306
54448.857119697306
54448.857119697306
54019.57095366906
54019.57095366906
54019.57095366906
54019.57095366906
54019.57095366906
54019.57095366906
54019.57095366906
54019.57095366906
54019.57095366906
54019.57095366906
54019.57095366906
54019.57095366906
54019.57095366906
54019.57095366906
54019.57095366906
54019.57095366906
54019.57095366906
54019.57095366906
54019.57095366906
54019.57095366906
54019.57095366906
54019.57095366906
54019.57095366906
54019.57095366906
54019.57095366906
54019.57095366906
54019.57095366906
54019.57095366906
54019.57095366906
54019.57095366906
54019.57095366906
54019.57095366906
54019.57095366906
54019.57095366906
54019.57095366906
54019.57095366906
53822.092691471975
53822.092691471975
53822.092691471975
53822.092691471975
53822.092691471975
53822.092691471975
53822.092691471975
53822.092691471975
53822.092691471975
53822.092691471975
53822.092691471975
53822.092691471975
53822.092691471975
53822.092691471975
53822.092691471975
53822.092691471975
53822.092691471975
53822.092691471975
53822.092691471975
53822.092691471975
53822.092691471975
53822.092691471975
53822.092691471975
53822.092691471975
53822.092691471975
53822.092691471975
53822.092691471975
53822.092691471975
53822.092691471975
53822.092691471975
53822.092691471975
53822.092691471975
53822.092691471975
53822.092691471975
53822.092691471975
53822.092691471975
53822.092691471975
53822.092691471975
53822.092691471975
53822.092691471975
53822.092691471975
53822.092691471975
53822.092691471975
53822.092691471975
53822.092691471975
53822.092691471975
53822.092691471975
53822.092691471975
53822.092691471975
53822.092691471975
53046.126025104015
53046.126025104015
53046.126025104015
53046.126025104015
53046.126025104015
53046.126025104015
53046.126025104015
53046.126025104015
53046.126025104015
53046.126025104015
53046.126025104015
53046.126025104015
53046.126025104015
53046.126025104015
53046.126025104015
53046.126025104015
53046.126025104015
53046.126025104015
52600.35292849606
52600.35292849606
52600.35292849606
52600.35292849606
52600.35292849606
52600.35292849606
52600.35292849606
52600.35292849606
52600.35292849606
52600.35292849606
52600.35292849606
52600.35292849606
52600.35292849606
52600.35292849606
52600.35292849606
52600.35292849606
52600.35292849606
52600.35292849606
52600.35292849606
52600.35292849606
52600.35292849606
52600.35292849606
52600.35292849606
52600.35292849606
52600.35292849606
52600.35292849606
52600.35292849606
52600.35292849606
52600.35292849606
52600.35292849606
52600.35292849606
52600.35292849606
52600.35292849606
52600.35292849606
52600.35292849606
52600.35292849606
52600.35292849606
52600.35292849606
52600.35292849606
52600.35292849606
52600.35292849606
52600.35292849606
52600.35292849606
52600.35292849606
52600.35292849606
52600.35292849606
52600.35292849606
52600.35292849606
52600.35292849606
52600.35292849606
52600.35292849606
52600.35292849606
52600.35292849606
52600.35292849606
52600.35292849606
52600.35292849606
52600.35292849606
52600.35292849606
52600.35292849606
52600.35292849606
52600.35292849606
52600.35292849606
52600.35292849606
52600.35292849606
52600.35292849606
52600.35292849606
52600.35292849606
52600.35292849606
52600.35292849606
52600.35292849606
52600.35292849606
52600.35292849606
52600.35292849606
52600.35292849606
52600.35292849606
52600.35292849606
52600.35292849606
52600.35292849606
52600.35292849606
52600.35292849606
52600.35292849606
52600.35292849606
52600.35292849606
52600.35292849606
52600.35292849606
52581.00017937785
52581.00017937785
52581.00017937785
52581.00017937785
52581.00017937785
52581.00017937785
52581.00017937785
52581.00017937785
52581.00017937785
52581.00017937785
52581.00017937785
52581.00017937785
52581.00017937785
52581.00017937785
52581.00017937785
52581.00017937785
52581.00017937785
52581.00017937785
52581.00017937785
50812.73762918226
50812.73762918226
50812.73762918226
50812.73762918226
50812.73762918226
50812.73762918226
50812.73762918226
50812.73762918226
50812.73762918226
50812.73762918226
50812.73762918226
50812.73762918226
50812.73762918226
50651.84720056058
50651.84720056058
50651.84720056058
50651.84720056058
50651.84720056058
50651.84720056058
50651.84720056058
50651.84720056058
50651.84720056058
50651.84720056058
50651.84720056058
50651.84720056058
50651.84720056058
50651.84720056058
50651.84720056058
50651.84720056058
50651.84720056058
50651.84720056058
50651.84720056058
50651.84720056058
50651.84720056058
50651.84720056058
50651.84720056058
50651.84720056058
50651.84720056058
50651.84720056058
50651.84720056058
50651.84720056058
50651.84720056058
50651.84720056058
50651.84720056058
50651.84720056058
50651.84720056058
50651.84720056058
50651.84720056058
50651.84720056058
50651.84720056058
50651.84720056058
50651.84720056058
50651.84720056058
50651.84720056058
50651.84720056058
50651.84720056058
50651.84720056058
50651.84720056058
50651.84720056058
50651.84720056058
50651.84720056058
50651.84720056058
50651.84720056058
50651.84720056058
50651.84720056058
50651.84720056058
50651.84720056058
50651.84720056058
50651.84720056058
50651.84720056058
50651.84720056058
50651.84720056058
50651.84720056058
50651.84720056058
50651.84720056058
50651.84720056058
50651.84720056058
50651.84720056058
50651.84720056058
50651.84720056058
50651.84720056058
50651.84720056058
50651.84720056058
50651.84720056058
50651.84720056058
50651.84720056058
50651.84720056058
50651.84720056058
50651.84720056058
50651.84720056058
50651.84720056058
50651.84720056058
50651.84720056058
50651.84720056058
50651.84720056058
50651.84720056058
50651.84720056058
50651.84720056058
50651.84720056058
50651.84720056058
50651.84720056058
50651.84720056058
50651.84720056058
50651.84720056058
50651.84720056058
50651.84720056058
50651.84720056058
50651.84720056058
50651.84720056058
50651.84720056058
50651.84720056058
50651.84720056058
50651.84720056058
50651.84720056058
50651.84720056058
50651.84720056058
50651.84720056058
50651.84720056058
50651.84720056058
50651.84720056058
50651.84720056058
50651.84720056058
50651.84720056058
50651.84720056058
50651.84720056058
50651.84720056058
50651.84720056058
50651.84720056058
50651.84720056058
50651.84720056058
50651.84720056058
50651.84720056058
50651.84720056058
50651.84720056058
50651.84720056058
50651.84720056058
50651.84720056058
50651.84720056058
50651.84720056058
50651.84720056058
50651.84720056058
50651.84720056058
50651.84720056058
50651.84720056058
50651.84720056058
50651.84720056058
50651.84720056058
50651.84720056058
50651.84720056058
50651.84720056058
50651.84720056058
50651.84720056058
50651.84720056058
50651.84720056058
50651.84720056058
50651.84720056058
50651.84720056058
50651.84720056058
50651.84720056058
50651.84720056058
50651.84720056058
50651.84720056058
50651.84720056058
50651.84720056058
50651.84720056058
50651.84720056058
50651.84720056058
50651.84720056058
50651.84720056058
50651.84720056058
50651.84720056058
50651.84720056058
50422.117591098744
50422.117591098744
50422.117591098744
50422.117591098744
50422.117591098744
50422.117591098744
50422.117591098744
50422.117591098744
50422.117591098744
50422.117591098744
50422.117591098744
50422.117591098744
50096.601556824484
50096.601556824484
50096.601556824484
50096.601556824484
50096.601556824484
50096.601556824484
50096.601556824484
50096.601556824484
50096.601556824484
50096.601556824484
50096.601556824484
50096.601556824484
50096.601556824484
50096.601556824484
50096.601556824484
50096.601556824484
50096.601556824484
50096.601556824484
50096.601556824484
50096.601556824484
50096.601556824484
50096.601556824484
50096.601556824484
50096.601556824484
50096.601556824484
50096.601556824484
50096.601556824484
50096.601556824484
50096.601556824484
50096.601556824484
50096.601556824484
50096.601556824484
50096.601556824484
50096.601556824484
50096.601556824484
50096.601556824484
50096.601556824484
50096.601556824484
50096.601556824484
50096.601556824484
50096.601556824484
50096.601556824484
50096.601556824484
50096.601556824484
50096.601556824484
50096.601556824484
50096.601556824484
50096.601556824484
50096.601556824484
50096.601556824484
50096.601556824484
50096.601556824484
50096.601556824484
50096.601556824484
50096.601556824484
50096.601556824484
50096.601556824484
50096.601556824484
50096.601556824484
50096.601556824484
50096.601556824484
50096.601556824484
50096.601556824484
50096.601556824484
50096.601556824484
50096.601556824484
50096.601556824484
50096.601556824484
50096.601556824484
50096.601556824484
50096.601556824484
50096.601556824484
50096.601556824484
50096.601556824484
50096.601556824484
50096.601556824484
50096.601556824484
50096.601556824484
50096.601556824484
50096.601556824484
50096.601556824484
50096.601556824484
50096.601556824484
50096.601556824484
50096.601556824484
50096.601556824484
50096.601556824484
50096.601556824484
50096.601556824484
50096.601556824484
50096.601556824484
50096.601556824484
50096.601556824484
50096.601556824484
50096.601556824484
50096.601556824484
50096.601556824484
50096.601556824484
50096.601556824484
50096.601556824484
50096.601556824484
50096.601556824484
50096.601556824484
50096.601556824484
49022.65709263959
49022.65709263959
49022.65709263959
49022.65709263959
49022.65709263959
49022.65709263959
49022.65709263959
49022.65709263959
49022.65709263959
49022.65709263959
49022.65709263959
49022.65709263959
49022.65709263959
49022.65709263959
49022.65709263959
49022.65709263959
49022.65709263959
49022.65709263959
49022.65709263959
49022.65709263959
49022.65709263959
49022.65709263959
49018.46058887015
49018.46058887015
49018.46058887015
49018.46058887015
49018.46058887015
49018.46058887015
49018.46058887015
49018.46058887015
49018.46058887015
49018.46058887015
49018.46058887015
49018.46058887015
49018.46058887015
48777.29134658072
48777.29134658072
48656.6397040607
48656.6397040607
48656.6397040607
48656.6397040607
48656.6397040607
48656.6397040607
48656.6397040607
48656.6397040607
48656.6397040607
48656.6397040607
48656.6397040607
48656.6397040607
48656.6397040607
48656.6397040607
48656.6397040607
48656.6397040607
48656.6397040607
48656.6397040607
48656.6397040607
48656.6397040607
48656.6397040607
48656.6397040607
48656.6397040607
48656.6397040607
48656.6397040607
48656.6397040607
48656.6397040607
48211.699170826774
48211.699170826774
48211.699170826774
48211.699170826774
48211.699170826774
48211.699170826774
48211.699170826774
48211.699170826774
48211.699170826774
48211.699170826774
48211.699170826774
48211.699170826774
48211.699170826774
48211.699170826774
48211.699170826774
48211.699170826774
48211.699170826774
48211.699170826774
48211.699170826774
48211.699170826774
48211.699170826774
48211.699170826774
48211.699170826774
48211.699170826774
48211.699170826774
48211.699170826774
48211.699170826774
48211.699170826774
48211.699170826774
48211.699170826774
48211.699170826774
48211.699170826774
48211.699170826774
48211.699170826774
48211.699170826774
48211.699170826774
48211.699170826774
48211.699170826774
48211.699170826774
48211.699170826774
48211.699170826774
48211.699170826774
48211.699170826774
48211.699170826774
48211.699170826774
48211.699170826774
48211.699170826774
48211.699170826774
48211.699170826774
48211.699170826774
48211.699170826774
48211.699170826774
48211.699170826774
48211.699170826774
48211.699170826774
48211.699170826774
48211.699170826774
48211.699170826774
48211.699170826774
48211.699170826774
48211.699170826774
48211.699170826774
48211.699170826774
48211.699170826774
48211.699170826774
48211.699170826774
48211.699170826774
48211.699170826774
48211.699170826774
48211.699170826774
48211.699170826774
47487.46787521612
47487.46787521612
47487.46787521612
47487.46787521612
47487.46787521612
47487.46787521612
47487.46787521612
47487.46787521612
47487.46787521612
47487.46787521612
47487.46787521612
47487.46787521612
47487.46787521612
47487.46787521612
47487.46787521612
47487.46787521612
47487.46787521612
47487.46787521612
47487.46787521612
47487.46787521612
47487.46787521612
47487.46787521612
47487.46787521612
47487.46787521612
47487.46787521612
47487.46787521612
47487.46787521612
47487.46787521612
47487.46787521612
47487.46787521612
47487.46787521612
47487.46787521612
47487.46787521612
47487.46787521612
47487.46787521612
47487.46787521612
47487.46787521612
47487.46787521612
47487.46787521612
47487.46787521612
47487.46787521612
47487.46787521612
47487.46787521612
47487.46787521612
47487.46787521612
47487.46787521612
47487.46787521612
47487.46787521612
47487.46787521612
47487.46787521612
47487.46787521612
47487.46787521612
47487.46787521612
47487.46787521612
47487.46787521612
47487.46787521612
47487.46787521612
47487.46787521612
47487.46787521612
47487.46787521612
47487.46787521612
47487.46787521612
47487.46787521612
47487.46787521612
47487.46787521612
47487.46787521612
47487.46787521612
47487.46787521612
47487.46787521612
47487.46787521612
47487.46787521612
47487.46787521612
47487.46787521612
47487.46787521612
47487.46787521612
47487.46787521612
47487.46787521612
47487.46787521612
47487.46787521612
47487.46787521612
47487.46787521612
47487.46787521612
47487.46787521612
47487.46787521612
47487.46787521612
47487.46787521612
47487.46787521612
47487.46787521612
47487.46787521612
47487.46787521612
47487.46787521612
47487.46787521612
47487.46787521612
47487.46787521612
47487.46787521612
47487.46787521612
47487.46787521612
47487.46787521612
47487.46787521612
47487.46787521612
47487.46787521612
47487.46787521612
47487.46787521612
47487.46787521612
47487.46787521612
47487.46787521612
47487.46787521612
47487.46787521612
47487.46787521612
47487.46787521612
47487.46787521612
47487.46787521612
47487.46787521612
47487.46787521612
47487.46787521612
47487.46787521612
47487.46787521612
47487.46787521612
47487.46787521612
47487.46787521612
47487.46787521612
47487.46787521612
47487.46787521612
47487.46787521612
47487.46787521612
47487.46787521612
47487.46787521612
47487.46787521612
47487.46787521612
47487.46787521612
47487.46787521612
47487.46787521612
47487.46787521612
47487.46787521612
47487.46787521612
47487.46787521612
47487.46787521612
47487.46787521612
47487.46787521612
47487.46787521612
47487.46787521612
47487.46787521612
47487.46787521612
47487.46787521612
47487.46787521612
47487.46787521612
47487.46787521612
47487.46787521612
47487.46787521612
47487.46787521612
47487.46787521612
47487.46787521612
47487.46787521612
47487.46787521612
47487.46787521612
47487.46787521612
47487.46787521612
47487.46787521612
47487.46787521612
47487.46787521612
47487.46787521612
47487.46787521612
47487.46787521612
47487.46787521612
47487.46787521612
47487.46787521612
47487.46787521612
47487.46787521612
47487.46787521612
47487.46787521612
47487.46787521612
47487.46787521612
47487.46787521612
47487.46787521612
47487.46787521612
47487.46787521612
47487.46787521612
47487.46787521612
47487.46787521612
47487.46787521612
47487.46787521612
47487.46787521612
47487.46787521612
47487.46787521612
47487.46787521612
47487.46787521612
47487.46787521612
47487.46787521612
47487.46787521612
47487.46787521612
47487.46787521612
47487.46787521612
47385.10145100213
47385.10145100213
47385.10145100213
47385.10145100213
47385.10145100213
47385.10145100213
47385.10145100213
47385.10145100213
47385.10145100213
47385.10145100213
47194.337063239924
47194.337063239924
47194.337063239924
47194.337063239924
47194.337063239924
47194.337063239924
47194.337063239924
47194.337063239924
47194.337063239924
47194.337063239924
47194.337063239924
47194.337063239924
47194.337063239924
47194.337063239924
47194.337063239924
47194.337063239924
47194.337063239924
47194.337063239924
47194.337063239924
47194.337063239924
47194.337063239924
47194.337063239924
47194.337063239924
47194.337063239924
47194.337063239924
47194.337063239924
47194.337063239924
47194.337063239924
47194.337063239924
47194.337063239924
47194.337063239924
47194.337063239924
47194.337063239924
47194.337063239924
47194.337063239924
47194.337063239924
47194.337063239924
47194.337063239924
47194.337063239924
47194.337063239924
47194.337063239924
47194.337063239924
47194.337063239924
47194.337063239924
47194.337063239924
47194.337063239924
47165.85318707537
47165.85318707537
47165.85318707537
47165.85318707537
47165.85318707537
47165.85318707537
47165.85318707537
47165.85318707537
47165.85318707537
47165.85318707537
47165.85318707537
47165.85318707537
47165.85318707537
47165.85318707537
47165.85318707537
47165.85318707537
47125.82690641469
47125.82690641469
47125.82690641469
47125.82690641469
47125.82690641469
47125.82690641469
47125.82690641469
47125.82690641469
47125.82690641469
47125.82690641469
47125.82690641469
47125.82690641469
47125.82690641469
47125.82690641469
47125.82690641469
47125.82690641469
47125.82690641469
47125.82690641469
47125.82690641469
47125.82690641469
47125.82690641469
47125.82690641469
47125.82690641469
47125.82690641469
47125.82690641469
47125.82690641469
47125.82690641469
47125.82690641469
47125.82690641469
47125.82690641469
47125.82690641469
47125.82690641469
47125.82690641469
47125.82690641469
47125.82690641469
47125.82690641469
47125.82690641469
47125.82690641469
47125.82690641469
47125.82690641469
47125.82690641469
47125.82690641469
47125.82690641469
46434.11287739324
46434.11287739324
46434.11287739324
46434.11287739324
46434.11287739324
46287.76791252781
46287.76791252781
46287.76791252781
46287.76791252781
46287.76791252781
46287.76791252781
46287.76791252781
46287.76791252781
46287.76791252781
46287.76791252781
46287.76791252781
46287.76791252781
46287.76791252781
46287.76791252781
46287.76791252781
46287.76791252781
46287.76791252781
46287.76791252781
46287.76791252781
46287.76791252781
46287.76791252781
46287.76791252781
46287.76791252781
46287.76791252781
46287.76791252781
46287.76791252781
46287.76791252781
46287.76791252781
46287.76791252781
46287.76791252781
46287.76791252781
46287.76791252781
46287.76791252781
46287.76791252781
46287.76791252781
46287.76791252781
46287.76791252781
46287.76791252781
46287.76791252781
46287.76791252781
46287.76791252781
46287.76791252781
45626.16387668171
45626.16387668171
45626.16387668171
45626.16387668171
45626.16387668171
45626.16387668171
45626.16387668171
45626.16387668171
45626.16387668171
45626.16387668171
45626.16387668171
45626.16387668171
45626.16387668171
45626.16387668171
45626.16387668171
45626.16387668171
45626.16387668171
45626.16387668171
45626.16387668171
45626.16387668171
45626.16387668171
45626.16387668171
45626.16387668171
45626.16387668171
45626.16387668171
45626.16387668171
45626.16387668171
45626.16387668171
45626.16387668171
45626.16387668171
45626.16387668171
45626.16387668171
45626.16387668171
45626.16387668171
45626.16387668171
45626.16387668171
45626.16387668171
45626.16387668171
45626.16387668171
45626.16387668171
45626.16387668171
45626.16387668171
45626.16387668171
45626.16387668171
45626.16387668171
45626.16387668171
45626.16387668171
45626.16387668171
45626.16387668171
45626.16387668171
45626.16387668171
45626.16387668171
45626.16387668171
45626.16387668171
45626.16387668171
45626.16387668171
45626.16387668171
45626.16387668171
45626.16387668171
45626.16387668171
45626.16387668171
45626.16387668171
45626.16387668171
45626.16387668171
45626.16387668171
45626.16387668171
45626.16387668171
45626.16387668171
45626.16387668171
45626.16387668171
45626.16387668171
45626.16387668171
45626.16387668171
45626.16387668171
45626.16387668171
45626.16387668171
45626.16387668171
45626.16387668171
45626.16387668171
45626.16387668171
45626.16387668171
45626.16387668171
45626.16387668171
45626.16387668171
45626.16387668171
45626.16387668171
45626.16387668171
45626.16387668171
45626.16387668171
45626.16387668171
45626.16387668171
45626.16387668171
45626.16387668171
45626.16387668171
45626.16387668171
45626.16387668171
45626.16387668171
45626.16387668171
45626.16387668171
45626.16387668171
45626.16387668171
45626.16387668171
45626.16387668171
45626.16387668171
45626.16387668171
45626.16387668171
45626.16387668171
45626.16387668171
45626.16387668171
45626.16387668171
45626.16387668171
45626.16387668171
45626.16387668171
45626.16387668171
45626.16387668171
45626.16387668171
45626.16387668171
45626.16387668171
45626.16387668171
45626.16387668171
45626.16387668171
45626.16387668171
45626.16387668171
45626.16387668171
45626.16387668171
45626.16387668171
45626.16387668171
45626.16387668171
45626.16387668171
45626.16387668171
45626.16387668171
45626.16387668171
45626.16387668171
45626.16387668171
45626.16387668171
45626.16387668171
45626.16387668171
45626.16387668171
45626.16387668171
45626.16387668171
45626.16387668171
45626.16387668171
45626.16387668171
45626.16387668171
45626.16387668171
45626.16387668171
45626.16387668171
45626.16387668171
45626.16387668171
44958.51211992775
44958.51211992775
44958.51211992775
44958.51211992775
44958.51211992775
44724.46549504619
44724.46549504619
44724.46549504619
44724.46549504619
44724.46549504619
44724.46549504619
44724.46549504619
44724.46549504619
44724.46549504619
44724.46549504619
44724.46549504619
44724.46549504619
44724.46549504619
44724.46549504619
44724.46549504619
44724.46549504619
44724.46549504619
44724.46549504619
44724.46549504619
44724.46549504619
44724.46549504619
44724.46549504619
44724.46549504619
44724.46549504619
44724.46549504619
44724.46549504619
44724.46549504619
44720.75714758218
44720.75714758218
44720.75714758218
44720.75714758218
44720.75714758218
44720.75714758218
44720.75714758218
44720.75714758218
44720.75714758218
44720.75714758218
44720.75714758218
44720.75714758218
44720.75714758218
44720.75714758218
44720.75714758218
44720.75714758218
44720.75714758218
44720.75714758218
44720.75714758218
44720.75714758218
44720.75714758218
44720.75714758218
44720.75714758218
44720.75714758218
44720.75714758218
44720.75714758218
44720.75714758218
44720.75714758218
44720.75714758218
44720.75714758218
44720.75714758218
44720.75714758218
44720.75714758218
44720.75714758218
44720.75714758218
44720.75714758218
44720.75714758218
44720.75714758218
44720.75714758218
44720.75714758218
44720.75714758218
44720.75714758218
44720.75714758218
44720.75714758218
44720.75714758218
44383.516300381234
44383.516300381234
44383.516300381234
44383.516300381234
44383.516300381234
44383.516300381234
44383.516300381234
44383.516300381234
44383.516300381234
44341.89809770043
44341.89809770043
44341.89809770043
44341.89809770043
44341.89809770043
44341.89809770043
44341.89809770043
44341.89809770043
44341.89809770043
44341.89809770043
44341.89809770043
44341.89809770043
44341.89809770043
44341.89809770043
44341.89809770043
44341.89809770043
44133.803396126284
44133.803396126284
44133.803396126284
44133.803396126284
44133.803396126284
44133.803396126284
44133.803396126284
44133.803396126284
44133.803396126284
44133.803396126284
44133.803396126284
44133.803396126284
44133.803396126284
44133.803396126284
44133.803396126284
44063.25380115895
44063.25380115895
44063.25380115895
44063.25380115895
44063.25380115895
44063.25380115895
44063.25380115895
44063.25380115895
44063.25380115895
44063.25380115895
44063.25380115895
44063.25380115895
44063.25380115895
44063.25380115895
44063.25380115895
44063.25380115895
44063.25380115895
44063.25380115895
44063.25380115895
44063.25380115895
44063.25380115895
44063.25380115895
44063.25380115895
44063.25380115895
44063.25380115895
44063.25380115895
44063.25380115895
44063.25380115895
44063.25380115895
44063.25380115895
44063.25380115895
44063.25380115895
44063.25380115895
44063.25380115895
44063.25380115895
44063.25380115895
44063.25380115895
44063.25380115895
44063.25380115895
44063.25380115895
44063.25380115895
44063.25380115895
44063.25380115895
44063.25380115895
44063.25380115895
44063.25380115895
44063.25380115895
44063.25380115895
44063.25380115895
44063.25380115895
44063.25380115895
44063.25380115895
44063.25380115895
43596.39500448737
43596.39500448737
43596.39500448737
43596.39500448737
43596.39500448737
43596.39500448737
43596.39500448737
43596.39500448737
43596.39500448737
43596.39500448737
43596.39500448737
43596.39500448737
43596.39500448737
43596.39500448737
43596.39500448737
43596.39500448737
43596.39500448737
43596.39500448737
43596.39500448737
43329.10966947993
43329.10966947993
43329.10966947993
43103.866674346085
43103.866674346085
43103.866674346085
43103.866674346085
43103.866674346085
43103.866674346085
43103.866674346085
43103.866674346085
43103.866674346085
43103.866674346085
43103.866674346085
43103.866674346085
43103.866674346085
43103.866674346085
43103.866674346085
43103.866674346085
43103.866674346085
43103.866674346085
43103.866674346085
43103.866674346085
43103.866674346085
43103.866674346085
43103.866674346085
43103.866674346085
43103.866674346085
43103.866674346085
43103.866674346085
43103.866674346085
43103.866674346085
43103.866674346085
43103.866674346085
43103.866674346085
43103.866674346085
43103.866674346085
43103.866674346085
43103.866674346085
43103.866674346085
43103.866674346085
43103.866674346085
43103.866674346085
43103.866674346085
43103.866674346085
43103.866674346085
43103.866674346085
42934.11427839552
42934.11427839552
42934.11427839552
42934.11427839552
42934.11427839552
42934.11427839552
42934.11427839552
42934.11427839552
42934.11427839552
42934.11427839552
42934.11427839552
42934.11427839552
42934.11427839552
42934.11427839552
42934.11427839552
42934.11427839552
42934.11427839552
42934.11427839552
42934.11427839552
42934.11427839552
42934.11427839552
42934.11427839552
42892.46557969477
42892.46557969477
42892.46557969477
42892.46557969477
42892.46557969477
42892.46557969477
42892.46557969477
42892.46557969477
42892.46557969477
42892.46557969477
42892.46557969477
42892.46557969477
42892.46557969477
42892.46557969477
42892.46557969477
42892.46557969477
42892.46557969477
42892.46557969477
42892.46557969477
42892.46557969477
42892.46557969477
42834.30466099409
42834.30466099409
42834.30466099409
42834.30466099409
42834.30466099409
42834.30466099409
42834.30466099409
42834.30466099409
42834.30466099409
42834.30466099409
42834.30466099409
42834.30466099409
42834.30466099409
42834.30466099409
42834.30466099409
42834.30466099409
42834.30466099409
42834.30466099409
42834.30466099409
42834.30466099409
42834.30466099409
42834.30466099409
42834.30466099409
42834.30466099409
42834.30466099409
42834.30466099409
42834.30466099409
42834.30466099409
42834.30466099409
42834.30466099409
42834.30466099409
42834.30466099409
42834.30466099409
42834.30466099409
42834.30466099409
42834.30466099409
42834.30466099409
42834.30466099409
42834.30466099409
42834.30466099409
42161.32576978321
42161.32576978321
42161.32576978321
42161.32576978321
42161.32576978321
42161.32576978321
42161.32576978321
42161.32576978321
42161.32576978321
42161.32576978321
42161.32576978321
42161.32576978321
42161.32576978321
42161.32576978321
42161.32576978321
42161.32576978321
42161.32576978321
42161.32576978321
42161.32576978321
42161.32576978321
42161.32576978321
42161.32576978321
42161.32576978321
42161.32576978321
42161.32576978321
42161.32576978321
42161.32576978321
42161.32576978321
42161.32576978321
42161.32576978321
42161.32576978321
42161.32576978321
42161.32576978321
42161.32576978321
42161.32576978321
42161.32576978321
42161.32576978321
42161.32576978321
42161.32576978321
42161.32576978321
42161.32576978321
42161.32576978321
42161.32576978321
42161.32576978321
42161.32576978321
42161.32576978321
42161.32576978321
42161.32576978321
42161.32576978321
42161.32576978321
42161.32576978321
42161.32576978321
42161.32576978321
42161.32576978321
42161.32576978321
42161.32576978321
42161.32576978321
42161.32576978321
42161.32576978321
42161.32576978321
42161.32576978321
42161.32576978321
42161.32576978321
42161.32576978321
42161.32576978321
42161.32576978321
42161.32576978321
42161.32576978321
42161.32576978321
42161.32576978321
42161.32576978321
42161.32576978321
42161.32576978321
42045.54090557893
42045.54090557893
42045.54090557893
42045.54090557893
42045.54090557893
42045.54090557893
42045.54090557893
42045.54090557893
42045.54090557893
42045.54090557893
42045.54090557893
42045.54090557893
42045.54090557893
42045.54090557893
42045.54090557893
42045.54090557893
42045.54090557893
42045.54090557893
42045.54090557893
42045.54090557893
42045.54090557893
42045.54090557893
42045.54090557893
42045.54090557893
42045.54090557893
41584.02051607373
41584.02051607373
41584.02051607373
41584.02051607373
41584.02051607373
41584.02051607373
41584.02051607373
41584.02051607373
41584.02051607373
41584.02051607373
41584.02051607373
41584.02051607373
41584.02051607373
41584.02051607373
41584.02051607373
41584.02051607373
41584.02051607373
41584.02051607373
41584.02051607373
41584.02051607373
41584.02051607373
41584.02051607373
41584.02051607373
41584.02051607373
41584.02051607373
41584.02051607373
41584.02051607373
41584.02051607373
41584.02051607373
41584.02051607373
41584.02051607373
41584.02051607373
41584.02051607373
41584.02051607373
41584.02051607373
41584.02051607373
41584.02051607373
41584.02051607373
41515.897253730334
41515.897253730334
41515.897253730334
41515.897253730334
41515.897253730334
41515.897253730334
41515.897253730334
41515.897253730334
41515.897253730334
41515.897253730334
41515.897253730334
41515.897253730334
41515.897253730334
41515.897253730334
41515.897253730334
41515.897253730334
41515.897253730334
41515.897253730334
41515.897253730334
41515.897253730334
41515.897253730334
41515.897253730334
41515.897253730334
41515.897253730334
41515.897253730334
41515.897253730334
41515.897253730334
41515.897253730334
41515.897253730334
41515.897253730334
41515.897253730334
41515.897253730334
41515.897253730334
41515.897253730334
41515.897253730334
41515.897253730334
41515.897253730334
41515.897253730334
41515.897253730334
41515.897253730334
41515.897253730334
41515.897253730334
41515.897253730334
41515.897253730334
41515.897253730334
41515.897253730334
41515.897253730334
41515.897253730334
41312.92904909499
41312.92904909499
41312.92904909499
41312.92904909499
41312.92904909499
41312.92904909499
41312.92904909499
41312.92904909499
41312.92904909499
41312.92904909499
41312.92904909499
41312.92904909499
41312.92904909499
41312.92904909499
41139.208918304124
41139.208918304124
41139.208918304124
41139.208918304124
41139.208918304124
41139.208918304124
41139.208918304124
41139.208918304124
41139.208918304124
41139.208918304124
41139.208918304124
41139.208918304124
41139.208918304124
40528.88665116866
40528.88665116866
40528.88665116866
40528.88665116866
40528.88665116866
40528.88665116866
40528.88665116866
40528.88665116866
40528.88665116866
40528.88665116866
40528.88665116866
40528.88665116866
40528.88665116866
40528.88665116866
40528.88665116866
40528.88665116866
40528.88665116866
40528.88665116866
40528.88665116866
40528.88665116866
40528.88665116866
40528.88665116866
40528.88665116866
40528.88665116866
40528.88665116866
40528.88665116866
40528.88665116866
40528.88665116866
40528.88665116866
40528.88665116866
40528.88665116866
40528.88665116866
40528.88665116866
40528.88665116866
40528.88665116866
40528.88665116866
40528.88665116866
40528.88665116866
40528.88665116866
40528.88665116866
40528.88665116866
40528.88665116866
40528.88665116866
40528.88665116866
40528.88665116866
40528.88665116866
40528.88665116866
40528.88665116866
40528.88665116866
40528.88665116866
40528.88665116866
40528.88665116866
40528.88665116866
40528.88665116866
40528.88665116866
40528.88665116866
40528.88665116866
40528.88665116866
40528.88665116866
40528.88665116866
40528.88665116866
40528.88665116866
40528.88665116866
40528.88665116866
40528.88665116866
40528.88665116866
40528.88665116866
40528.88665116866
40528.88665116866
40528.88665116866
40528.88665116866
40528.88665116866
40528.88665116866
40528.88665116866
40528.88665116866
40528.88665116866
40528.88665116866
40528.88665116866
40528.88665116866
40528.88665116866
40528.88665116866
40528.88665116866
40528.88665116866
40528.88665116866
40528.88665116866
40528.88665116866
40528.88665116866
40528.88665116866
40528.88665116866
40528.88665116866
40528.88665116866
40528.88665116866
40528.88665116866
40528.88665116866
40464.70656210081
40464.70656210081
40464.70656210081
40464.70656210081
40464.70656210081
40464.70656210081
40464.70656210081
40464.70656210081
40464.70656210081
40464.70656210081
40464.70656210081
40464.70656210081
40464.70656210081
40464.70656210081
40464.70656210081
40464.70656210081
40464.70656210081
40464.70656210081
40464.70656210081
40464.70656210081
40464.70656210081
40464.70656210081
40083.47214868019
40083.47214868019
40083.47214868019
40083.47214868019
40083.47214868019
40083.47214868019
40083.47214868019
40083.47214868019
40083.47214868019
40083.47214868019
40083.47214868019
40083.47214868019
40083.47214868019
40083.47214868019
40083.47214868019
40083.47214868019
40083.47214868019
40083.47214868019
40083.47214868019
40083.47214868019
40083.47214868019
40083.47214868019
40083.47214868019
40083.47214868019
40083.47214868019
40083.47214868019
40083.47214868019
40083.47214868019
40083.47214868019
40083.47214868019
40083.47214868019
40083.47214868019
40083.47214868019
40083.47214868019
40083.47214868019
40083.47214868019
40083.47214868019
40083.47214868019
40083.47214868019
40083.47214868019
40083.47214868019
40083.47214868019
40083.47214868019
40083.47214868019
40083.47214868019
40083.47214868019
40083.47214868019
40083.47214868019
40083.47214868019
40083.47214868019
40083.47214868019
40083.47214868019
40083.47214868019
40083.47214868019
40083.47214868019
40083.47214868019
40083.47214868019
40083.47214868019
40083.47214868019
40083.47214868019
40083.47214868019
40083.47214868019
40083.47214868019
40083.47214868019
40083.47214868019
40083.47214868019
40083.47214868019
40083.47214868019
40083.47214868019
40083.47214868019
40083.47214868019
40083.47214868019
40083.47214868019
40083.47214868019
40083.47214868019
40083.47214868019
40083.47214868019
40083.47214868019
40083.47214868019
40083.47214868019
40083.47214868019
40083.47214868019
40083.47214868019
40083.47214868019
40083.47214868019
40083.47214868019
40083.47214868019
40083.47214868019
40083.47214868019
40083.47214868019
40083.47214868019
40083.47214868019
40083.47214868019
40083.47214868019
40083.47214868019
40083.47214868019
40083.47214868019
40083.47214868019
40083.47214868019
40083.47214868019
40083.47214868019
40083.47214868019
40083.47214868019
39725.683014249495
39725.683014249495
39725.683014249495
39725.683014249495
39725.683014249495
39725.683014249495
39725.683014249495
39725.683014249495
39725.683014249495
39725.683014249495
39725.683014249495
39725.683014249495
39725.683014249495
39725.683014249495
39725.683014249495
39725.683014249495
39725.683014249495
39725.683014249495
39725.683014249495
39725.683014249495
39725.683014249495
39725.683014249495
39725.683014249495
39725.683014249495
39725.683014249495
39725.683014249495
39725.683014249495
39725.683014249495
39725.683014249495
39725.683014249495
39725.683014249495
39725.683014249495
39725.683014249495
39725.683014249495
39725.683014249495
39725.683014249495
39725.683014249495
39725.683014249495
39725.683014249495
39725.683014249495
39725.683014249495
39725.683014249495
39725.683014249495
39725.683014249495
39725.683014249495
39725.683014249495
39725.683014249495
39725.683014249495
39725.683014249495
39725.683014249495
39725.683014249495
39725.683014249495
39725.683014249495
39725.683014249495
39725.683014249495
39725.683014249495
39725.683014249495
39725.683014249495
39725.683014249495
39725.683014249495
39725.683014249495
39725.683014249495
39725.683014249495
39725.683014249495
39725.683014249495
39725.683014249495
39725.683014249495
39725.683014249495
39725.683014249495
39725.683014249495
39725.683014249495
39725.683014249495
39725.683014249495
39725.683014249495
39725.683014249495
39725.683014249495
39725.683014249495
39725.683014249495
39725.683014249495
39725.683014249495
39725.683014249495
39725.683014249495
39725.683014249495
39725.683014249495
39725.683014249495
39626.81328008034
39626.81328008034
39626.81328008034
39626.81328008034
39626.81328008034
39626.81328008034
39626.81328008034
39626.81328008034
39626.81328008034
39626.81328008034
39626.81328008034
39626.81328008034
39626.81328008034
39626.81328008034
39626.81328008034
39626.81328008034
39626.81328008034
39626.81328008034
39626.81328008034
39626.81328008034
39626.81328008034
39626.81328008034
39626.81328008034
39626.81328008034
39626.81328008034
39626.81328008034
39626.81328008034
39626.81328008034
39626.81328008034
39626.81328008034
39626.81328008034
39626.81328008034
39610.855842928206
39610.855842928206
39610.855842928206
39610.855842928206
39610.855842928206
39610.855842928206
39610.855842928206
39610.855842928206
39610.855842928206
39610.855842928206
39610.855842928206
39610.855842928206
39610.855842928206
39610.855842928206
39610.855842928206
39610.855842928206
39610.855842928206
39610.855842928206
39610.855842928206
39610.855842928206
39610.855842928206
39610.855842928206
39610.855842928206
39610.855842928206
39610.855842928206
39610.855842928206
39610.855842928206
39610.855842928206
39610.855842928206
39610.855842928206
39610.855842928206
39610.855842928206
39610.855842928206
39610.855842928206
39610.855842928206
39610.855842928206
39610.855842928206
39610.855842928206
39610.855842928206
39610.855842928206
39610.855842928206
39610.855842928206
39610.855842928206
39610.855842928206
39610.855842928206
39610.855842928206
39610.855842928206
39610.855842928206
39610.855842928206
39610.855842928206
39610.855842928206
39610.855842928206
39610.855842928206
39610.855842928206
39610.855842928206
39610.855842928206
39610.855842928206
39610.855842928206
39610.855842928206
39610.855842928206
39610.855842928206
39610.855842928206
39610.855842928206
39610.855842928206
39560.735930563555
39560.735930563555
39560.735930563555
39560.735930563555
39560.735930563555
39560.735930563555
39560.735930563555
39560.735930563555
39560.735930563555
39560.735930563555
39560.735930563555
39560.735930563555
39560.735930563555
39560.735930563555
39560.735930563555
39560.735930563555
39560.735930563555
39560.735930563555
39560.735930563555
39560.735930563555
39560.735930563555
39560.735930563555
39560.735930563555
39560.735930563555
39560.735930563555
39560.735930563555
39560.735930563555
39560.735930563555
39560.735930563555
39560.735930563555
39560.735930563555
39560.735930563555
39560.735930563555
39560.735930563555
39560.735930563555
39560.735930563555
39560.735930563555
39560.735930563555
39560.735930563555
39560.735930563555
39560.735930563555
39560.735930563555
39560.735930563555
39560.735930563555
39560.735930563555
39560.735930563555
39560.735930563555
39560.735930563555
39560.735930563555
39560.735930563555
39560.735930563555
39560.735930563555
39560.735930563555
39560.735930563555
39560.735930563555
39560.735930563555
39560.735930563555
39560.735930563555
39560.735930563555
39560.735930563555
39560.735930563555
39560.735930563555
39560.735930563555
39560.735930563555
39560.735930563555
39560.735930563555
39560.735930563555
39560.735930563555
39560.735930563555
39560.735930563555
39560.735930563555
39560.735930563555
39560.735930563555
39560.735930563555
39560.735930563555
39560.735930563555
39560.735930563555
39560.735930563555
39560.735930563555
39560.735930563555
39560.735930563555
39560.735930563555
39460.409895495715
39460.409895495715
39460.409895495715
39460.409895495715
39460.409895495715
39460.409895495715
39460.409895495715
39460.409895495715
39460.409895495715
39460.409895495715
39177.10917172747
39177.10917172747
39177.10917172747
39177.10917172747
39177.10917172747
39177.10917172747
39177.10917172747
39177.10917172747
39177.10917172747
39177.10917172747
39177.10917172747
39177.10917172747
39177.10917172747
39177.10917172747
39177.10917172747
39177.10917172747
39177.10917172747
39177.10917172747
39177.10917172747
39177.10917172747
39177.10917172747
39177.10917172747
39177.10917172747
39177.10917172747
39177.10917172747
39177.10917172747
39177.10917172747
39177.10917172747
39177.10917172747
39177.10917172747
39177.10917172747
39177.10917172747
39177.10917172747
39177.10917172747
39177.10917172747
39177.10917172747
39177.10917172747
39177.10917172747
39177.10917172747
39177.10917172747
39177.10917172747
39177.10917172747
39177.10917172747
39177.10917172747
39177.10917172747
39177.10917172747
39177.10917172747
39177.10917172747
39177.10917172747
39143.1632837884
39143.1632837884
39143.1632837884
39143.1632837884
39143.1632837884
39143.1632837884
39143.1632837884
39143.1632837884
39143.1632837884
39143.1632837884
39143.1632837884
39143.1632837884
39143.1632837884
39143.1632837884
39143.1632837884
39143.1632837884
39143.1632837884
39143.1632837884
39143.1632837884
39143.1632837884
39143.1632837884
39143.1632837884
39143.1632837884
39143.1632837884
39143.1632837884
39143.1632837884
39143.1632837884
39143.1632837884
39143.1632837884
39143.1632837884
39143.1632837884
39143.1632837884
39143.1632837884
39143.1632837884
39143.1632837884
39143.1632837884
39143.1632837884
39143.1632837884
39143.1632837884
39143.1632837884
39143.1632837884
39143.1632837884
39143.1632837884
39143.1632837884
39143.1632837884
39143.1632837884
39143.1632837884
39143.1632837884
39143.1632837884
39143.1632837884
39143.1632837884
39143.1632837884
39143.1632837884
39143.1632837884
39143.1632837884
39143.1632837884
39143.1632837884
39143.1632837884
39143.1632837884
39143.1632837884
39143.1632837884
39143.1632837884
39143.1632837884
39143.1632837884
39143.1632837884
39048.24288532997
39048.24288532997
39048.24288532997
39048.24288532997
39048.24288532997
39048.24288532997
39048.24288532997
39048.24288532997
39048.24288532997
39048.24288532997
39048.24288532997
39048.24288532997
39048.24288532997
39048.24288532997
38878.002071163515
38878.002071163515
38878.002071163515
38776.61863135964
38776.61863135964
38776.61863135964
38776.61863135964
38776.61863135964
38776.61863135964
38776.61863135964
38776.61863135964
38631.77056075203
38631.77056075203
38631.77056075203
38631.77056075203
38631.77056075203
38631.77056075203
38631.77056075203
38631.77056075203
38631.77056075203
38631.77056075203
38631.77056075203
38631.77056075203
38631.77056075203
38631.77056075203
38631.77056075203
38631.77056075203
38631.77056075203
38631.77056075203
38631.77056075203
38611.89754675611
38611.89754675611
38611.89754675611
38611.89754675611
38611.89754675611
38611.89754675611
38611.89754675611
38611.89754675611
38611.89754675611
38611.89754675611
38611.89754675611
38611.89754675611
38611.89754675611
38385.648414814816
38385.648414814816
38385.648414814816
38385.648414814816
38385.648414814816
38385.648414814816
38385.648414814816
38385.648414814816
38385.648414814816
38385.648414814816
38385.648414814816
38385.648414814816
38385.648414814816
38385.648414814816
38385.648414814816
38385.648414814816
38385.648414814816
38385.648414814816
38385.648414814816
38385.648414814816
38385.648414814816
38385.648414814816
38385.648414814816
38385.648414814816
38385.648414814816
38385.648414814816
38385.648414814816
38385.648414814816
38385.648414814816
38385.648414814816
38385.648414814816
38385.648414814816
38385.648414814816
38385.648414814816
38385.648414814816
38385.648414814816
38385.648414814816
38385.648414814816
38385.648414814816
38385.648414814816
38385.648414814816
38385.648414814816
38385.648414814816
38385.648414814816
38385.648414814816
38385.648414814816
38385.648414814816
38385.648414814816
38385.648414814816
38385.648414814816
38385.648414814816
38385.648414814816
38385.648414814816
38385.648414814816
38385.648414814816
38385.648414814816
38385.648414814816
38385.648414814816
38385.648414814816
38385.648414814816
38385.648414814816
38385.648414814816
38385.648414814816
38385.648414814816
38385.648414814816
38385.648414814816
38385.648414814816
38385.648414814816
38385.648414814816
38385.648414814816
38385.648414814816
38385.648414814816
38385.648414814816
38385.648414814816
38385.648414814816
38385.648414814816
38385.648414814816
38385.648414814816
38385.648414814816
38385.648414814816
38385.648414814816
38385.648414814816
38385.648414814816
38385.648414814816
38385.648414814816
38385.648414814816
38385.648414814816
38383.120024410164
38126.03773157301
38126.03773157301
38126.03773157301
38126.03773157301
38126.03773157301
38126.03773157301
38126.03773157301
38126.03773157301
38126.03773157301
38126.03773157301
38126.03773157301
38126.03773157301
38126.03773157301
38126.03773157301
38126.03773157301
38126.03773157301
38126.03773157301
38126.03773157301
38126.03773157301
38126.03773157301
38126.03773157301
38126.03773157301
38126.03773157301
38126.03773157301
38126.03773157301
38126.03773157301
38126.03773157301
38126.03773157301
38126.03773157301
38126.03773157301
38126.03773157301
38126.03773157301
38126.03773157301
38126.03773157301
38126.03773157301
38126.03773157301
38126.03773157301
38126.03773157301
38126.03773157301
38126.03773157301
38126.03773157301
38126.03773157301
38126.03773157301
38126.03773157301
38126.03773157301
38126.03773157301
38126.03773157301
38126.03773157301
38126.03773157301
38126.03773157301
38126.03773157301
38126.03773157301
38126.03773157301
38126.03773157301
38126.03773157301
38126.03773157301
38126.03773157301
38126.03773157301
38126.03773157301
38031.19779816483
38031.19779816483
38031.19779816483
37405.83255267546
37405.83255267546
37405.83255267546
37405.83255267546
37405.83255267546
37405.83255267546
37405.83255267546
37405.83255267546
37405.83255267546
37405.83255267546
37405.83255267546
37405.83255267546
37405.83255267546
37405.83255267546
37405.83255267546
37405.83255267546
37405.83255267546
37405.83255267546
37405.83255267546
37405.83255267546
37405.83255267546
37405.83255267546
37405.83255267546
37405.83255267546
37405.83255267546
37405.83255267546
37405.83255267546
37405.83255267546
37405.83255267546
37405.83255267546
37405.83255267546
37405.83255267546
37405.83255267546
37405.83255267546
37405.83255267546
37405.83255267546
37405.83255267546
37405.83255267546
37405.83255267546
37405.83255267546
37405.83255267546
37405.83255267546
37405.83255267546
37405.83255267546
37405.83255267546
37405.83255267546
37405.83255267546
37405.83255267546
37405.83255267546
37405.83255267546
37405.83255267546
37405.83255267546
37405.83255267546
37405.83255267546
37405.83255267546
37405.83255267546
37405.83255267546
37405.83255267546
37405.83255267546
37405.83255267546
37405.83255267546
37405.83255267546
37405.83255267546
37405.83255267546
37405.83255267546
37405.83255267546
37405.83255267546
37405.83255267546
37405.83255267546
37405.83255267546
37405.83255267546
37405.83255267546
37405.83255267546
37405.83255267546
37405.83255267546
37405.83255267546
37405.83255267546
37405.83255267546
37405.83255267546
37405.83255267546
37405.83255267546
37405.83255267546
37405.83255267546
37405.83255267546
37405.83255267546
37405.83255267546
37405.83255267546
37405.83255267546
37405.83255267546
37405.83255267546
37405.83255267546
37405.83255267546
37405.83255267546
37405.83255267546
37405.83255267546
37405.83255267546
37405.83255267546
37405.83255267546
37405.83255267546
37405.83255267546
37405.83255267546
37405.83255267546
37405.83255267546
37405.83255267546
37405.83255267546
37405.83255267546
37405.83255267546
37405.83255267546
37405.83255267546
37405.83255267546
37405.83255267546
37405.83255267546
37405.83255267546
37405.83255267546
37405.83255267546
37405.83255267546
37405.83255267546
37405.83255267546
37405.83255267546
37405.83255267546
37405.83255267546
37405.83255267546
37405.83255267546
37405.83255267546
37405.83255267546
37405.83255267546
37405.83255267546
37405.83255267546
37405.83255267546
37405.83255267546
37405.83255267546
37405.83255267546
37405.83255267546
37405.83255267546
37405.83255267546
37405.83255267546
37405.83255267546
37405.83255267546
37405.83255267546
37405.83255267546
37405.83255267546
37405.83255267546
37405.83255267546
37405.83255267546
37405.83255267546
37405.83255267546
37405.83255267546
37405.83255267546
37405.83255267546
37405.83255267546
37405.83255267546
37405.83255267546
37405.83255267546
37405.83255267546
37405.83255267546
37405.83255267546
37405.83255267546
37405.83255267546
37405.83255267546
37405.83255267546
37405.83255267546
37405.83255267546
37405.83255267546
37405.83255267546
37405.83255267546
37405.83255267546
37405.83255267546
37405.83255267546
37405.83255267546
37405.83255267546
37405.83255267546
37405.83255267546
37405.83255267546
37405.83255267546
37405.83255267546
37405.83255267546
37405.83255267546
37405.83255267546
36522.53653207111
36522.53653207111
36522.53653207111
36522.53653207111
36522.53653207111
36522.53653207111
36522.53653207111
36522.53653207111
36522.53653207111
36522.53653207111
36522.53653207111
36522.53653207111
36522.53653207111
36522.53653207111
36522.53653207111
36522.53653207111
36522.53653207111
36522.53653207111
36522.53653207111
36522.53653207111
36522.53653207111
36522.53653207111
36522.53653207111
36522.53653207111
36522.53653207111
36522.53653207111
36522.53653207111
36522.53653207111
36522.53653207111
36522.53653207111
36522.53653207111
36522.53653207111
36522.53653207111
36522.53653207111
36522.53653207111
36522.53653207111
36522.53653207111
36522.53653207111
36522.53653207111
36522.53653207111
36522.53653207111
36522.53653207111
36522.53653207111
36522.53653207111
36522.53653207111
36522.53653207111
36522.53653207111
36522.53653207111
36522.53653207111
36522.53653207111
36522.53653207111
36522.53653207111
36522.53653207111
36522.53653207111
36522.53653207111
36522.53653207111
36522.53653207111
36522.53653207111
36522.53653207111
36522.53653207111
36522.53653207111
36522.53653207111
36522.53653207111
36522.53653207111
36522.53653207111
36522.53653207111
36522.53653207111
36522.53653207111
36522.53653207111
36522.53653207111
36522.53653207111
36522.53653207111
36522.53653207111
36522.53653207111
36522.53653207111
36522.53653207111
36522.53653207111
36522.53653207111
36522.53653207111
36522.53653207111
36522.53653207111
36522.53653207111
36522.53653207111
36522.53653207111
36522.53653207111
36522.53653207111
36522.53653207111
36522.53653207111
36522.53653207111
36522.53653207111
36522.53653207111
36522.53653207111
36522.53653207111
36522.53653207111
36522.53653207111
36522.53653207111
36522.53653207111
36522.53653207111
36522.53653207111
36522.53653207111
36522.53653207111
36522.53653207111
36522.53653207111
36522.53653207111
36522.53653207111
36522.53653207111
36522.53653207111
36522.53653207111
36522.53653207111
36522.53653207111
36522.53653207111
36522.53653207111
36522.53653207111
36522.53653207111
36522.53653207111
36522.53653207111
36522.53653207111
36522.53653207111
36522.53653207111
36522.53653207111
36522.53653207111
36522.53653207111
36522.53653207111
36522.53653207111
36522.53653207111
36522.53653207111
36522.53653207111
36522.53653207111
36522.53653207111
36522.53653207111
36522.53653207111
36522.53653207111
36522.53653207111
36522.53653207111
36522.53653207111
36522.53653207111
36522.53653207111
36522.53653207111
36522.53653207111
36522.53653207111
36522.53653207111
36522.53653207111
36522.53653207111
36522.53653207111
36522.53653207111
36522.53653207111
36522.53653207111
36522.53653207111
36522.53653207111
36522.53653207111
36522.53653207111
36522.53653207111
36522.53653207111
36522.53653207111
36522.53653207111
36522.53653207111
36522.53653207111
36522.53653207111
36522.53653207111
36522.53653207111
36522.53653207111
36522.53653207111
36522.53653207111
36522.53653207111
36522.53653207111
36522.53653207111
36522.53653207111
36522.53653207111
36522.53653207111
36522.53653207111
36522.53653207111
36522.53653207111
36522.53653207111
36522.53653207111
36522.53653207111
36522.53653207111
36522.53653207111
36522.53653207111
36522.53653207111
36522.53653207111
36522.53653207111
36522.53653207111
36522.53653207111
36522.53653207111
36522.53653207111
36522.53653207111
36522.53653207111
36522.53653207111
36522.53653207111
36522.53653207111
36522.53653207111
36522.53653207111
36522.53653207111
36522.53653207111
36522.53653207111
36522.53653207111
36522.53653207111
36522.53653207111
36522.53653207111
36522.53653207111
36522.53653207111
36522.53653207111
36522.53653207111
36522.53653207111
36522.53653207111
36522.53653207111
36522.53653207111
36522.53653207111
36522.53653207111
36522.53653207111
36522.53653207111
36522.53653207111
36522.53653207111
36522.53653207111
36522.53653207111
36522.53653207111
36522.53653207111
36522.53653207111
36522.53653207111
36522.53653207111
36522.53653207111
36522.53653207111
36522.53653207111
36522.53653207111
36522.53653207111
36522.53653207111
36522.53653207111
36522.53653207111
36522.53653207111
36522.53653207111
36522.53653207111
36522.53653207111
36522.53653207111
36522.53653207111
36522.53653207111
36522.53653207111
36522.53653207111
36522.53653207111
36522.53653207111
36522.53653207111
36522.53653207111
36522.53653207111
36522.53653207111
36522.53653207111
36522.53653207111
36522.53653207111
36522.53653207111
36522.53653207111
36522.53653207111
36522.53653207111
36522.53653207111
36522.53653207111
36522.53653207111
36522.53653207111
36522.53653207111
36522.53653207111
36522.53653207111
36522.53653207111
36522.53653207111
36522.53653207111
36522.53653207111
36522.53653207111
36522.53653207111
36522.53653207111
36522.53653207111
36522.53653207111
36522.53653207111
36522.53653207111
36522.53653207111
36522.53653207111
36522.53653207111
36522.53653207111
36522.53653207111
36522.53653207111
36522.53653207111
36522.53653207111
36522.53653207111
36522.53653207111
36522.53653207111
36522.53653207111
36522.53653207111
36522.53653207111
36522.53653207111
36522.53653207111
36522.53653207111
36522.53653207111
36522.53653207111
36522.53653207111
36522.53653207111
36522.53653207111
36522.53653207111
36522.53653207111
36522.53653207111
36522.53653207111
36522.53653207111
36522.53653207111
36522.53653207111
36522.53653207111
36522.53653207111
36522.53653207111
36522.53653207111
36522.53653207111
36522.53653207111
36522.53653207111
36522.53653207111
36522.53653207111
36522.53653207111
36522.53653207111
36522.53653207111
36522.53653207111
36522.53653207111
36522.53653207111
36522.53653207111
36522.53653207111
36522.53653207111
36522.53653207111
36522.53653207111
36522.53653207111
36522.53653207111
36522.53653207111
36522.53653207111
36522.53653207111
36522.53653207111
36522.53653207111
36522.53653207111
36522.53653207111
36522.53653207111
36522.53653207111
36522.53653207111
36522.53653207111
36522.53653207111
36522.53653207111
36522.53653207111
36522.53653207111
36522.53653207111
36522.53653207111
36522.53653207111
36522.53653207111
36522.53653207111
36522.53653207111
36522.53653207111
36522.53653207111
36522.53653207111
36522.53653207111
36522.53653207111
36522.53653207111
36522.53653207111
36522.53653207111
36522.53653207111
36522.53653207111
36522.53653207111
36522.53653207111
36522.53653207111
36522.53653207111
36522.53653207111
36522.53653207111
36522.53653207111
36522.53653207111
36522.53653207111
36522.53653207111
36522.53653207111
36522.53653207111
36522.53653207111
36522.53653207111
36522.53653207111
36522.53653207111
36522.53653207111
36522.53653207111
36522.53653207111
36522.53653207111
36522.53653207111
36522.53653207111
36522.53653207111
36522.53653207111
36522.53653207111
36522.53653207111
36522.53653207111
36522.53653207111
36522.53653207111
36522.53653207111
36522.53653207111
36522.53653207111
36522.53653207111
36522.53653207111
36522.53653207111
36522.53653207111
36522.53653207111
36522.53653207111
36522.53653207111
36522.53653207111
36522.53653207111
36433.601945988405
36433.601945988405
36433.601945988405
36433.601945988405
36433.601945988405
36433.601945988405
36433.601945988405
36433.601945988405
36433.601945988405
36433.601945988405
36433.601945988405
36433.601945988405
36433.601945988405
36433.601945988405
36433.601945988405
36433.601945988405
36433.601945988405
36433.601945988405
36433.601945988405
36433.601945988405
36433.601945988405
36433.601945988405
36433.601945988405
36433.601945988405
36433.601945988405
36433.601945988405
36433.601945988405
36433.601945988405
36433.601945988405
36433.601945988405
36433.601945988405
36433.601945988405
36410.857656048545
36410.857656048545
36410.857656048545
36410.857656048545
36410.857656048545
36410.857656048545
36410.857656048545
36410.857656048545
36410.857656048545
36410.857656048545
36410.857656048545
36410.857656048545
36410.857656048545
36410.857656048545
36410.857656048545
36410.857656048545
36410.857656048545
36410.857656048545
36410.857656048545
36275.42347137043
36275.42347137043
36275.42347137043
36275.42347137043
36275.42347137043
36275.42347137043
36275.42347137043
36275.42347137043
36275.42347137043
36275.42347137043
36275.42347137043
36275.42347137043
36275.42347137043
36275.42347137043
36275.42347137043
36275.42347137043
36275.42347137043
36275.42347137043
36275.42347137043
36275.42347137043
36275.42347137043
36275.42347137043
36275.42347137043
36275.42347137043
36275.42347137043
36275.42347137043
36275.42347137043
36275.42347137043
36275.42347137043
36275.42347137043
36275.42347137043
36275.42347137043
36275.42347137043
36275.42347137043
36275.42347137043
36275.42347137043
36275.42347137043
36275.42347137043
36275.42347137043
36275.42347137043
36275.42347137043
36275.42347137043
36275.42347137043
36275.42347137043
36275.42347137043
36275.42347137043
36275.42347137043
36275.42347137043
36275.42347137043
36275.42347137043
36275.42347137043
36275.42347137043
36275.42347137043
36275.42347137043
36275.42347137043
36275.42347137043
36275.42347137043
36275.42347137043
36275.42347137043
36275.42347137043
36275.42347137043
36275.42347137043
36275.42347137043
36275.42347137043
36275.42347137043
36275.42347137043
36275.42347137043
36275.42347137043
36275.42347137043
36275.42347137043
36275.42347137043
36275.42347137043
36275.42347137043
36275.42347137043
36275.42347137043
36275.42347137043
36275.42347137043
36275.42347137043
36275.42347137043
36275.42347137043
36275.42347137043
36275.42347137043
36275.42347137043
36275.42347137043
36275.42347137043
36275.42347137043
36275.42347137043
36275.42347137043
36275.42347137043
36275.42347137043
36275.42347137043
36275.42347137043
36275.42347137043
36275.42347137043
36275.42347137043
36275.42347137043
36275.42347137043
36275.42347137043
36275.42347137043
36275.42347137043
36275.42347137043
36275.42347137043
36275.42347137043
36275.42347137043
36275.42347137043
36275.42347137043
36275.42347137043
36275.42347137043
36060.72035479932
36060.72035479932
36060.72035479932
36060.72035479932
36060.72035479932
36060.72035479932
36060.72035479932
36060.72035479932
36060.72035479932
36060.72035479932
36060.72035479932
36060.72035479932
36060.72035479932
36060.72035479932
36060.72035479932
36060.72035479932
36060.72035479932
36060.72035479932
36060.72035479932
36060.72035479932
36060.72035479932
36060.72035479932
36060.72035479932
36060.72035479932
36060.72035479932
36060.72035479932
36060.72035479932
36060.72035479932
36060.72035479932
36060.72035479932
36060.72035479932
36060.72035479932
36060.72035479932
36060.72035479932
36060.72035479932
36060.72035479932
36060.72035479932
36060.72035479932
36060.72035479932
36060.72035479932
36060.72035479932
36060.72035479932
36060.72035479932
36060.72035479932
36060.72035479932
36060.72035479932
36060.72035479932
36060.72035479932
36060.72035479932
36060.72035479932
36060.72035479932
36060.72035479932
36060.72035479932
36060.72035479932
36060.72035479932
36060.72035479932
36060.72035479932
36060.72035479932
36060.72035479932
36060.72035479932
36060.72035479932
36060.72035479932
36060.72035479932
36060.72035479932
36060.72035479932
36060.72035479932
36060.72035479932
36060.72035479932
36060.72035479932
36060.72035479932
36060.72035479932
36060.72035479932
36060.72035479932
36060.72035479932
36060.72035479932
36060.72035479932
36060.72035479932
36060.72035479932
36060.72035479932
36060.72035479932
36060.72035479932
36060.72035479932
36060.72035479932
36060.72035479932
36060.72035479932
36060.72035479932
36060.72035479932
36060.72035479932
36060.72035479932
36060.72035479932
35672.54746894427
35672.54746894427
35672.54746894427
35672.54746894427
35672.54746894427
35672.54746894427
35672.54746894427
35672.54746894427
35672.54746894427
35672.54746894427
35672.54746894427
35672.54746894427
35672.54746894427
35672.54746894427
35672.54746894427
35672.54746894427
35672.54746894427
35672.54746894427
35672.54746894427
35672.54746894427
35672.54746894427
35672.54746894427
35672.54746894427
35672.54746894427
35672.54746894427
35672.54746894427
35672.54746894427
35672.54746894427
35672.54746894427
35672.54746894427
35672.54746894427
35672.54746894427
35672.54746894427
35672.54746894427
35672.54746894427
35672.54746894427
35672.54746894427
35672.54746894427
35672.54746894427
35672.54746894427
35672.54746894427
35672.54746894427
35672.54746894427
35672.54746894427
35672.54746894427
35672.54746894427
35672.54746894427
35672.54746894427
35672.54746894427
35672.54746894427
35672.54746894427
35672.54746894427
35672.54746894427
35672.54746894427
35672.54746894427
35672.54746894427
35672.54746894427
35672.54746894427
35672.54746894427
35672.54746894427
35672.54746894427
35672.54746894427
35672.54746894427
35672.54746894427
35672.54746894427
35672.54746894427
35672.54746894427
35672.54746894427
35672.54746894427
35672.54746894427
35672.54746894427
35672.54746894427
35672.54746894427
35672.54746894427
35672.54746894427
35672.54746894427
35672.54746894427
35672.54746894427
35672.54746894427
35672.54746894427
35672.54746894427
35672.54746894427
35672.54746894427
35672.54746894427
35672.54746894427
35672.54746894427
35672.54746894427
35672.54746894427
35531.91938642591
35531.91938642591
35531.91938642591
35531.91938642591
35531.91938642591
35531.91938642591
35531.91938642591
35531.91938642591
35531.91938642591
35531.91938642591
35531.91938642591
35531.91938642591
35531.91938642591
35531.91938642591
35531.91938642591
35531.91938642591
35531.91938642591
35531.91938642591
35531.91938642591
35531.91938642591
35531.91938642591
35531.91938642591
35531.91938642591
35531.91938642591
35531.91938642591
35531.91938642591
35531.91938642591
35531.91938642591
35531.91938642591
35531.91938642591
35531.91938642591
35531.91938642591
35531.91938642591
35531.91938642591
35531.91938642591
35531.91938642591
35531.91938642591
35531.91938642591
35531.91938642591
35531.91938642591
35531.91938642591
35531.91938642591
35531.91938642591
35531.91938642591
35531.91938642591
35531.91938642591
35531.91938642591
35531.91938642591
35531.91938642591
35531.91938642591
35531.91938642591
35531.91938642591
35531.91938642591
35531.91938642591
35531.91938642591
35531.91938642591
35531.91938642591
35531.91938642591
35531.91938642591
35531.91938642591
35531.91938642591
35531.91938642591
35531.91938642591
35531.91938642591
35531.91938642591
35531.91938642591
35531.91938642591
35531.91938642591
35531.91938642591
35531.91938642591
35531.91938642591
35531.91938642591
35531.91938642591
35531.91938642591
35531.91938642591
35531.91938642591
35531.91938642591
35531.91938642591
35531.91938642591
35531.91938642591
35531.91938642591
35531.91938642591
35531.91938642591
35531.91938642591
35531.91938642591
35053.514004422024
35053.514004422024
35053.514004422024
35053.514004422024
35053.514004422024
35053.514004422024
35053.514004422024
35053.514004422024
35053.514004422024
35053.514004422024
35053.514004422024
35053.514004422024
35053.514004422024
35053.514004422024
35053.514004422024
35053.514004422024
35053.514004422024
35053.514004422024
35053.514004422024
35053.514004422024
35053.514004422024
35053.514004422024
35053.514004422024
35053.514004422024
35053.514004422024
35053.514004422024
35053.514004422024
35053.514004422024
35053.514004422024
35053.514004422024
35053.514004422024
34970.51647015044
34970.51647015044
34970.51647015044
34970.51647015044
34970.51647015044
34970.51647015044
34970.51647015044
34970.51647015044
34970.51647015044
34970.51647015044
34970.51647015044
34970.51647015044
34970.51647015044
34970.51647015044
34970.51647015044
34970.51647015044
34970.51647015044
34970.51647015044
34970.51647015044
34970.51647015044
34970.51647015044
34970.51647015044
34970.51647015044
34970.51647015044
34970.51647015044
34970.51647015044
34970.51647015044
34970.51647015044
34970.51647015044
34970.51647015044
34970.51647015044
34970.51647015044
34970.51647015044
34970.51647015044
34970.51647015044
34970.51647015044
34970.51647015044
34970.51647015044
34970.51647015044
34970.51647015044
34970.51647015044
34970.51647015044
34970.51647015044
34970.51647015044
34970.51647015044
34970.51647015044
34970.51647015044
34970.51647015044
34970.51647015044
34970.51647015044
34970.51647015044
34970.51647015044
34970.51647015044
34970.51647015044
34970.51647015044
34970.51647015044
34970.51647015044
34970.51647015044
34970.51647015044
34970.51647015044
34970.51647015044
34970.51647015044
34970.51647015044
34970.51647015044
34970.51647015044
34970.51647015044
34970.51647015044
34970.51647015044
34970.51647015044
34970.51647015044
34970.51647015044
34970.51647015044
34776.18306266028
34776.18306266028
34776.18306266028
34776.18306266028
34776.18306266028
34776.18306266028
34776.18306266028
34776.18306266028
34776.18306266028
34776.18306266028
34776.18306266028
34776.18306266028
34776.18306266028
34776.18306266028
34776.18306266028
34776.18306266028
34776.18306266028
34776.18306266028
34776.18306266028
34776.18306266028
34776.18306266028
34776.18306266028
34776.18306266028
34776.18306266028
34776.18306266028
34776.18306266028
34776.18306266028
34776.18306266028
34776.18306266028
34776.18306266028
34776.18306266028
34776.18306266028
34776.18306266028
34776.18306266028
34776.18306266028
34704.266455714554
34704.266455714554
34704.266455714554
34704.266455714554
34704.266455714554
34704.266455714554
34704.266455714554
34704.266455714554
34704.266455714554
34704.266455714554
34704.266455714554
34704.266455714554
34704.266455714554
34704.266455714554
34704.266455714554
34704.266455714554
34704.266455714554
34704.266455714554
34704.266455714554
34704.266455714554
34704.266455714554
34704.266455714554
34704.266455714554
34704.266455714554
34704.266455714554
34704.266455714554
34704.266455714554
34704.266455714554
34704.266455714554
34704.266455714554
34704.266455714554
34704.266455714554
34704.266455714554
34704.266455714554
34601.475119337025
34601.475119337025
34601.475119337025
34601.475119337025
34601.475119337025
34601.475119337025
34601.475119337025
34601.475119337025
34601.475119337025
34601.475119337025
34601.475119337025
34601.475119337025
34601.475119337025
34601.475119337025
34601.475119337025
34601.475119337025
34601.475119337025
34601.475119337025
34601.475119337025
34601.475119337025
34601.475119337025
34519.87486692018
34519.87486692018
34519.87486692018
34519.87486692018
34519.87486692018
34519.87486692018
34519.87486692018
34519.87486692018
34519.87486692018
34519.87486692018
34519.87486692018
34519.87486692018
34519.87486692018
34519.87486692018
34519.87486692018
34519.87486692018
34519.87486692018
34519.87486692018
34519.87486692018
34519.87486692018
34519.87486692018
34519.87486692018
34519.87486692018
34519.87486692018
34519.87486692018
34519.87486692018
34519.87486692018
34519.87486692018
34519.87486692018
34519.87486692018
34519.87486692018
34519.87486692018
34519.87486692018
34519.87486692018
34519.87486692018
34519.87486692018
34519.87486692018
34519.87486692018
34519.87486692018
34519.87486692018
34519.87486692018
34519.87486692018
34519.87486692018
34519.87486692018
34519.87486692018
34519.87486692018
34519.87486692018
34519.87486692018
34519.87486692018
34519.87486692018
34519.87486692018
34519.87486692018
34519.87486692018
34519.87486692018
34519.87486692018
34519.87486692018
34519.87486692018
34519.87486692018
34519.87486692018
34519.87486692018
34519.87486692018
34519.87486692018
34519.87486692018
34519.87486692018
34519.87486692018
34519.87486692018
34519.87486692018
34519.87486692018
Time: 24.39152479171753 seconds 
Best solution: 34519.87486692018 [76, 81, 74, 77, 72, 63, 61, 38, 42, 33, 49, 48, 45, 50, 44, 52, 36, 13, 5, 35, 54, 99, 23, 32, 39, 40, 104, 9, 21, 20, 98, 12, 18, 26, 25, 86, 47, 11, 89, 22, 29, 30, 41, 14, 60, 90, 59, 83, 68, 65, 15, 16, 27, 56, 17, 31, 37, 103, 8, 4, 62, 55, 28, 105, 34, 19, 46, 10, 3, 2, 1, 6, 7, 24, 53, 57, 43, 51, 58, 66, 87, 88, 94, 100, 95, 75, 73, 93, 92, 96, 91, 102, 101, 97, 70, 69, 64, 80, 67, 71, 78, 79, 85, 82, 84]
Avg solution: 47830.46284866641