Alg:2, Run: 3, file: C:\Users\gabri\Documents\AN 3 SEM 2\AI\Lab\Lab3\\lin105.tsp, population number: 100, generations: 100 
107992.66409471983
107992.66409471983
107992.66409471983
107992.66409471983
106016.61116454352
103498.86984583542
103498.86984583542
103217.76159378447
103217.76159378447
103217.76159378447
100043.32608331299
98401.26845046284
98401.26845046284
98401.26845046284
98401.26845046284
98401.26845046284
98401.26845046284
98401.26845046284
97463.02510534195
97265.25532818434
97265.25532818434
97062.89582553112
97062.89582553112
97062.89582553112
97062.89582553112
97062.89582553112
97062.89582553112
97062.89582553112
97062.89582553112
97062.89582553112
97062.89582553112
97062.89582553112
96730.87926025773
96695.43600162753
96388.85817612457
96388.85817612457
94733.15550338064
92948.23632904263
91162.86876355401
91162.86876355401
90653.52435749167
90653.52435749167
90653.52435749167
90653.52435749167
90653.52435749167
90653.52435749167
90653.52435749167
90653.52435749167
90653.52435749167
90653.52435749167
90653.52435749167
90653.52435749167
90653.52435749167
90653.52435749167
90653.52435749167
90653.52435749167
90653.52435749167
90653.52435749167
90653.52435749167
90653.52435749167
89140.19680394852
89140.19680394852
89140.19680394852
89140.19680394852
89140.19680394852
89140.19680394852
89140.19680394852
89140.19680394852
89140.19680394852
89140.19680394852
89140.19680394852
89140.19680394852
89140.19680394852
89140.19680394852
82049.15770320897
82049.15770320897
82049.15770320897
82049.15770320897
82049.15770320897
82049.15770320897
81095.4680944858
81095.4680944858
81095.4680944858
81095.4680944858
81095.4680944858
81095.4680944858
81095.4680944858
81095.4680944858
81095.4680944858
81095.4680944858
81095.4680944858
81095.4680944858
81095.4680944858
81095.4680944858
81095.4680944858
81095.4680944858
81095.4680944858
81095.4680944858
81095.4680944858
81095.4680944858
Time: 0.4421072006225586 seconds 
Best solution: 81095.4680944858 [55, 27, 37, 36, 45, 58, 92, 87, 70, 78, 100, 98, 94, 95, 22, 15, 68, 91, 86, 3, 42, 52, 10, 103, 29, 64, 80, 9, 72, 75, 25, 44, 54, 26, 12, 69, 49, 17, 1, 76, 62, 2, 88, 96, 53, 38, 7, 74, 66, 23, 20, 28, 41, 104, 47, 35, 6, 21, 77, 43, 11, 46, 33, 30, 84, 61, 60, 4, 39, 13, 40, 14, 85, 8, 48, 50, 59, 57, 56, 71, 99, 90, 67, 101, 83, 19, 5, 18, 16, 32, 102, 97, 79, 81, 105, 82, 63, 93, 31, 24, 34, 89, 65, 51, 73]
Avg solution: 91346.24598583295