Alg:2, Run: 7, file: C:\Users\gabri\Documents\AN 3 SEM 2\AI\Lab\Lab3\\lin105.tsp, population number: 100, generations: 100 
101042.3556156357
101042.3556156357
101042.3556156357
101042.3556156357
101042.3556156357
101042.3556156357
101042.3556156357
101042.3556156357
101042.3556156357
101042.3556156357
101042.3556156357
101042.3556156357
101042.3556156357
101042.3556156357
101042.3556156357
100820.40003189677
97262.73103144605
97262.73103144605
97262.73103144605
97262.73103144605
97262.73103144605
97262.73103144605
97262.73103144605
97262.73103144605
97262.73103144605
97262.73103144605
96192.84152164482
96192.84152164482
96192.84152164482
96192.84152164482
96192.84152164482
95299.0338728409
95299.0338728409
95299.0338728409
95299.0338728409
95299.0338728409
95299.0338728409
95299.0338728409
95299.0338728409
95299.0338728409
95299.0338728409
95299.0338728409
94547.27707214472
94547.27707214472
94547.27707214472
94547.27707214472
94547.27707214472
94547.27707214472
94547.27707214472
94547.27707214472
94547.27707214472
94547.27707214472
94547.27707214472
94547.27707214472
94547.27707214472
94547.27707214472
94547.27707214472
94547.27707214472
94547.27707214472
94547.27707214472
94547.27707214472
94547.27707214472
94547.27707214472
94547.27707214472
94547.27707214472
94547.27707214472
93939.57710754918
93939.57710754918
93939.57710754918
93939.57710754918
93939.57710754918
93939.57710754918
93939.57710754918
91305.55504878663
91305.55504878663
91305.55504878663
91305.55504878663
91305.55504878663
91305.55504878663
91305.55504878663
91305.55504878663
91305.55504878663
91305.55504878663
91305.55504878663
91305.55504878663
91305.55504878663
91305.55504878663
91305.55504878663
91305.55504878663
91305.55504878663
91305.55504878663
91305.55504878663
91305.55504878663
91305.55504878663
91305.55504878663
91305.55504878663
91305.55504878663
91305.55504878663
91305.55504878663
91305.55504878663
Time: 0.43994736671447754 seconds 
Best solution: 91305.55504878663 [25, 71, 78, 41, 4, 52, 6, 93, 94, 18, 2, 30, 26, 32, 20, 37, 24, 11, 58, 8, 97, 86, 89, 74, 75, 46, 90, 1, 55, 44, 57, 62, 91, 82, 99, 42, 45, 5, 9, 10, 3, 28, 35, 39, 100, 54, 40, 61, 88, 65, 19, 76, 84, 104, 21, 31, 12, 15, 16, 34, 13, 14, 81, 67, 64, 69, 47, 98, 102, 60, 66, 49, 59, 105, 29, 48, 83, 23, 101, 79, 73, 87, 96, 70, 53, 27, 22, 103, 33, 95, 72, 92, 43, 50, 80, 38, 51, 36, 63, 56, 77, 68, 85, 7, 17]
Avg solution: 95102.9830059192