Alg:2, Run: 2, file: C:\Users\gabri\Documents\AN 3 SEM 2\AI\Lab\Lab3\\lin105.tsp, population number: 100, generations: 100 
107016.90259777707
107016.90259777707
107016.90259777707
107016.90259777707
107016.90259777707
103604.20752030313
103604.20752030313
103604.20752030313
103604.20752030313
103604.20752030313
101517.11200463056
101517.11200463056
101517.11200463056
101517.11200463056
101517.11200463056
101517.11200463056
100905.52700019193
99556.0075360625
99556.0075360625
99556.0075360625
99556.0075360625
97389.81536855431
97389.81536855431
97389.81536855431
97389.81536855431
97389.81536855431
97389.81536855431
97389.81536855431
97389.81536855431
97389.81536855431
97389.81536855431
97389.81536855431
97389.81536855431
97389.81536855431
97389.81536855431
97389.81536855431
97389.81536855431
97389.81536855431
97389.81536855431
97389.81536855431
97389.81536855431
97389.81536855431
97389.81536855431
97389.81536855431
95011.39352777188
95011.39352777188
95011.39352777188
95011.39352777188
95011.39352777188
95011.39352777188
95011.39352777188
95011.39352777188
95011.39352777188
93612.51823907092
93612.51823907092
93612.51823907092
93612.51823907092
93612.51823907092
93612.51823907092
91259.45718142706
91259.45718142706
91259.45718142706
91259.45718142706
91259.45718142706
91259.45718142706
91259.45718142706
91259.45718142706
91259.45718142706
91259.45718142706
91259.45718142706
91259.45718142706
91259.45718142706
91259.45718142706
91259.45718142706
91259.45718142706
91259.45718142706
91259.45718142706
91259.45718142706
91259.45718142706
91259.45718142706
91259.45718142706
91259.45718142706
91259.45718142706
90130.24196803148
90130.24196803148
90130.24196803148
90130.24196803148
90130.24196803148
90130.24196803148
90130.24196803148
90130.24196803148
90130.24196803148
90130.24196803148
90130.24196803148
90130.24196803148
90130.24196803148
90130.24196803148
90130.24196803148
88716.56226594315
88716.56226594315
Time: 0.44209861755371094 seconds 
Best solution: 88716.56226594315 [3, 83, 53, 35, 85, 47, 66, 71, 82, 98, 79, 11, 103, 33, 73, 76, 50, 56, 41, 74, 59, 57, 105, 81, 95, 54, 62, 61, 43, 42, 27, 69, 25, 26, 9, 17, 10, 2, 88, 49, 77, 15, 38, 68, 78, 104, 65, 58, 19, 102, 12, 97, 34, 23, 14, 8, 60, 84, 45, 92, 29, 32, 93, 31, 40, 70, 75, 48, 51, 21, 30, 37, 99, 101, 4, 36, 44, 5, 80, 18, 24, 90, 94, 55, 89, 6, 46, 100, 13, 72, 52, 7, 91, 87, 63, 67, 1, 16, 86, 96, 39, 28, 20, 22, 64]
Avg solution: 95376.94910830357