Alg:2, Run: 0, file: C:\Users\gabri\Documents\AN 3 SEM 2\AI\Lab\Lab3\\lin105.tsp, population number: 100, generations: 100 
106896.19760427017
106896.19760427017
106896.19760427017
104597.23036226991
104597.23036226991
103191.6855031374
102865.8404677908
102865.8404677908
102865.8404677908
102507.12933671284
102507.12933671284
102507.12933671284
100930.4552998682
100930.4552998682
100930.4552998682
100930.4552998682
100930.4552998682
100930.4552998682
100930.4552998682
98470.27881964846
98470.27881964846
98470.27881964846
98470.27881964846
98470.27881964846
98470.27881964846
97627.77296070443
97627.77296070443
97627.77296070443
97627.77296070443
97627.77296070443
97627.77296070443
97627.77296070443
97627.77296070443
97627.77296070443
97627.77296070443
97627.77296070443
97627.77296070443
97627.77296070443
97627.77296070443
97380.01680870737
97380.01680870737
94604.68175569775
94604.68175569775
94604.68175569775
94604.68175569775
94604.68175569775
94604.68175569775
94604.68175569775
94604.68175569775
94604.68175569775
94604.68175569775
94604.68175569775
94604.68175569775
94604.68175569775
94604.68175569775
94541.55108461101
94541.55108461101
94541.55108461101
94541.55108461101
94541.55108461101
94541.55108461101
94541.55108461101
94541.55108461101
92850.17836130717
92850.17836130717
92850.17836130717
92850.17836130717
92850.17836130717
92850.17836130717
92850.17836130717
92850.17836130717
92850.17836130717
92709.18331476155
92709.18331476155
92709.18331476155
92709.18331476155
92709.18331476155
92709.18331476155
92709.18331476155
92709.18331476155
92709.18331476155
92709.18331476155
92709.18331476155
92709.18331476155
92709.18331476155
92709.18331476155
89349.71873985621
89349.71873985621
89349.71873985621
89349.71873985621
87399.60277233116
87399.60277233116
87399.60277233116
87399.60277233116
87399.60277233116
87399.60277233116
87399.60277233116
87399.60277233116
87399.60277233116
87399.60277233116
Time: 0.443173885345459 seconds 
Best solution: 87399.60277233116 [56, 28, 25, 74, 69, 78, 20, 70, 46, 33, 75, 36, 47, 104, 24, 40, 8, 31, 101, 32, 10, 93, 84, 103, 55, 58, 23, 3, 12, 16, 14, 38, 83, 26, 98, 5, 76, 68, 2, 37, 77, 59, 102, 64, 7, 97, 96, 95, 22, 27, 15, 42, 89, 85, 72, 54, 52, 71, 57, 13, 4, 11, 9, 6, 80, 34, 87, 79, 92, 99, 82, 41, 65, 60, 35, 18, 1, 39, 66, 19, 21, 30, 73, 86, 81, 94, 91, 100, 88, 90, 53, 61, 48, 44, 17, 29, 51, 50, 45, 62, 63, 43, 105, 67, 49]
Avg solution: 95538.50391136062