Alg:2, Run: 9, file: C:\Users\gabri\Documents\AN 3 SEM 2\AI\Lab\Lab3\\lin105.tsp, population number: 100, generations: 100 
106484.08564978925
106484.08564978925
106484.08564978925
104808.1354259421
104808.1354259421
104808.1354259421
104803.27780439763
104803.27780439763
100105.62546964089
100105.62546964089
100105.62546964089
100105.62546964089
100105.62546964089
100105.62546964089
100105.62546964089
100105.62546964089
100105.62546964089
100105.62546964089
100105.62546964089
100105.62546964089
100105.62546964089
100105.62546964089
100105.62546964089
100105.62546964089
100105.62546964089
100105.62546964089
100105.62546964089
98493.6706814752
98493.6706814752
98493.6706814752
96313.81929857761
92971.24755634028
92971.24755634028
92971.24755634028
92971.24755634028
91345.16082434198
91345.16082434198
91345.16082434198
91345.16082434198
91345.16082434198
91345.16082434198
90102.67545568885
90102.67545568885
90102.67545568885
90102.67545568885
90102.67545568885
90102.67545568885
90102.67545568885
90102.67545568885
90102.67545568885
90102.67545568885
90102.67545568885
90102.67545568885
90102.67545568885
90102.67545568885
90102.67545568885
90102.67545568885
90102.67545568885
90102.67545568885
90102.67545568885
90102.67545568885
90053.92357948836
90053.92357948836
87143.5868732153
87143.5868732153
87143.5868732153
87143.5868732153
87143.5868732153
86466.41979300669
86466.41979300669
86466.41979300669
86466.41979300669
86466.41979300669
86132.1539769492
84986.20539154348
84986.20539154348
84986.20539154348
84986.20539154348
84986.20539154348
84986.20539154348
84986.20539154348
84986.20539154348
84986.20539154348
84986.20539154348
84986.20539154348
84986.20539154348
84986.20539154348
84986.20539154348
84986.20539154348
84986.20539154348
84986.20539154348
84986.20539154348
84986.20539154348
84986.20539154348
84986.20539154348
84986.20539154348
84986.20539154348
84986.20539154348
84986.20539154348
84986.20539154348
Time: 0.4436147212982178 seconds 
Best solution: 84986.20539154348 [46, 13, 23, 67, 73, 77, 45, 57, 74, 81, 102, 55, 100, 10, 89, 99, 35, 63, 17, 5, 34, 28, 20, 3, 37, 39, 44, 38, 94, 43, 52, 104, 7, 31, 19, 16, 11, 59, 22, 42, 30, 15, 24, 9, 48, 12, 105, 60, 61, 66, 95, 82, 41, 90, 98, 71, 4, 6, 47, 51, 69, 97, 84, 83, 93, 64, 92, 101, 91, 18, 8, 65, 88, 87, 49, 33, 80, 78, 75, 68, 79, 70, 86, 85, 96, 56, 76, 58, 32, 50, 36, 40, 103, 2, 25, 14, 62, 26, 27, 1, 21, 54, 53, 72, 29]
Avg solution: 92032.25773034523