Alg:2, Run: 6, file: C:\Users\gabri\Documents\AN 3 SEM 2\AI\Lab\Lab3\\lin105.tsp, population number: 100, generations: 100 
108294.57222611833
108294.57222611833
107100.93834593974
107100.93834593974
107100.93834593974
107100.93834593974
106177.86544134491
106177.86544134491
105873.3542624093
104144.37723296262
104144.37723296262
104144.37723296262
102770.44045604677
102770.44045604677
102770.44045604677
102770.44045604677
102378.69994186983
102378.69994186983
102378.69994186983
102378.69994186983
102192.15653922786
102134.93295120224
101078.25088308883
101078.25088308883
101078.25088308883
101078.25088308883
98410.30544879544
98410.30544879544
98410.30544879544
98410.30544879544
98410.30544879544
98410.30544879544
98410.30544879544
98410.30544879544
98410.30544879544
98410.30544879544
98410.30544879544
98410.30544879544
94363.14216395198
94363.14216395198
94363.14216395198
94363.14216395198
94363.14216395198
94363.14216395198
94363.14216395198
94023.91024466435
94023.91024466435
94023.91024466435
94023.91024466435
94023.91024466435
94023.91024466435
94023.91024466435
94023.91024466435
94023.91024466435
94023.91024466435
93137.9132573775
93137.9132573775
90099.51487256026
90099.51487256026
90099.51487256026
90099.51487256026
90099.51487256026
90099.51487256026
89532.15272224047
89532.15272224047
89532.15272224047
89532.15272224047
89532.15272224047
89261.13485258842
89261.13485258842
89261.13485258842
89261.13485258842
89261.13485258842
88245.53675614238
87313.84191002791
87313.84191002791
87313.84191002791
87313.84191002791
87313.84191002791
87313.84191002791
87313.84191002791
87313.84191002791
87313.84191002791
87313.84191002791
87313.84191002791
87313.84191002791
87313.84191002791
87313.84191002791
87313.84191002791
87313.84191002791
87313.84191002791
87313.84191002791
87313.84191002791
86251.19047730518
86251.19047730518
86251.19047730518
86251.19047730518
86251.19047730518
83974.89755245982
83974.89755245982
Time: 0.44111132621765137 seconds 
Best solution: 83974.89755245982 [6, 27, 26, 54, 97, 72, 12, 24, 23, 66, 7, 35, 63, 58, 74, 93, 10, 25, 22, 18, 75, 39, 34, 68, 57, 19, 105, 70, 32, 55, 62, 94, 103, 61, 46, 42, 100, 102, 28, 13, 51, 2, 3, 73, 11, 101, 83, 92, 86, 37, 14, 53, 89, 90, 60, 4, 64, 98, 44, 65, 80, 78, 15, 41, 47, 17, 96, 1, 67, 85, 21, 88, 87, 9, 33, 30, 38, 81, 8, 104, 76, 40, 69, 77, 43, 16, 20, 79, 45, 31, 36, 59, 84, 49, 82, 5, 71, 52, 95, 99, 91, 50, 48, 56, 29]
Avg solution: 94538.50166436669