Alg:2, Run: 4, file: C:\Users\gabri\Documents\AN 3 SEM 2\AI\Lab\Lab3\\lin105.tsp, population number: 100, generations: 100 
109808.5162353448
109493.55446069207
104534.31016642392
104534.31016642392
104534.31016642392
104534.31016642392
104534.31016642392
104534.31016642392
104534.31016642392
102800.42869908348
102800.42869908348
102800.42869908348
102800.42869908348
102800.42869908348
100763.51371175915
100763.51371175915
100763.51371175915
99869.35567326388
97707.17521803499
97707.17521803499
97707.17521803499
97707.17521803499
97707.17521803499
97707.17521803499
97707.17521803499
97707.17521803499
97707.17521803499
94261.98833825134
94261.98833825134
94261.98833825134
94261.98833825134
94261.98833825134
94261.98833825134
94261.98833825134
94261.98833825134
94261.98833825134
94261.98833825134
94261.98833825134
94261.98833825134
94261.98833825134
94261.98833825134
94261.98833825134
94261.98833825134
94261.98833825134
94261.98833825134
94261.98833825134
94261.98833825134
94261.98833825134
94261.98833825134
94261.98833825134
91704.71571116154
91704.71571116154
91704.71571116154
91704.71571116154
91704.71571116154
90474.11423886276
90474.11423886276
90474.11423886276
90474.11423886276
90474.11423886276
90474.11423886276
90474.11423886276
90474.11423886276
90338.03690660783
90338.03690660783
90338.03690660783
90338.03690660783
90338.03690660783
90338.03690660783
90338.03690660783
90338.03690660783
90338.03690660783
90338.03690660783
90338.03690660783
90338.03690660783
90338.03690660783
90338.03690660783
90338.03690660783
90338.03690660783
90338.03690660783
90338.03690660783
90338.03690660783
90338.03690660783
90338.03690660783
90338.03690660783
90338.03690660783
89874.03809093781
89874.03809093781
89874.03809093781
89874.03809093781
89874.03809093781
89874.03809093781
89874.03809093781
89874.03809093781
89874.03809093781
89874.03809093781
89874.03809093781
89874.03809093781
89874.03809093781
89874.03809093781
Time: 0.44580721855163574 seconds 
Best solution: 89874.03809093781 [59, 51, 44, 61, 97, 67, 90, 35, 86, 65, 12, 57, 62, 22, 28, 50, 69, 37, 91, 8, 54, 66, 64, 92, 98, 19, 104, 81, 60, 101, 68, 105, 82, 26, 79, 83, 76, 24, 49, 14, 5, 75, 80, 47, 34, 87, 55, 4, 36, 10, 78, 89, 96, 18, 95, 2, 58, 99, 77, 43, 16, 84, 27, 74, 11, 46, 45, 21, 73, 102, 31, 7, 72, 48, 100, 17, 63, 93, 23, 29, 30, 6, 71, 38, 13, 88, 85, 52, 25, 40, 53, 20, 1, 9, 41, 39, 33, 56, 42, 94, 3, 15, 32, 103, 70]
Avg solution: 94329.22465498881