Alg:2, Run: 1, file: C:\Users\gabri\Documents\AN 3 SEM 2\AI\Lab\Lab3\\lin105.tsp, population number: 100, generations: 100 
103583.56727801934
103583.56727801934
103583.56727801934
103583.56727801934
103583.56727801934
103583.56727801934
103583.56727801934
103583.56727801934
103583.56727801934
103583.56727801934
103583.56727801934
103583.56727801934
103571.9721401119
102005.00315203598
102005.00315203598
102005.00315203598
102005.00315203598
102005.00315203598
102005.00315203598
99994.9847527954
99994.9847527954
97031.69986909158
97031.69986909158
97031.69986909158
97031.69986909158
97031.69986909158
97031.69986909158
97031.69986909158
97031.69986909158
97031.69986909158
97031.69986909158
97031.69986909158
97031.69986909158
97031.69986909158
97031.69986909158
97031.69986909158
97031.69986909158
97031.69986909158
97031.69986909158
97031.69986909158
97031.69986909158
97031.69986909158
95431.08238438723
95431.08238438723
95431.08238438723
95431.08238438723
95431.08238438723
95431.08238438723
95431.08238438723
95431.08238438723
95431.08238438723
95431.08238438723
95431.08238438723
95431.08238438723
95431.08238438723
95431.08238438723
93478.34005337986
93478.34005337986
93478.34005337986
93478.34005337986
90457.00303381275
90457.00303381275
90457.00303381275
90426.29237771594
90426.29237771594
90426.29237771594
90426.29237771594
87114.47943861122
87114.47943861122
87114.47943861122
87114.47943861122
87114.47943861122
87114.47943861122
87114.47943861122
87114.47943861122
87114.47943861122
87114.47943861122
87114.47943861122
87114.47943861122
87114.47943861122
87114.47943861122
87114.47943861122
87114.47943861122
87114.47943861122
87114.47943861122
87114.47943861122
87114.47943861122
87114.47943861122
87114.47943861122
87114.47943861122
87114.47943861122
85565.20882632067
85565.20882632067
85565.20882632067
85565.20882632067
85565.20882632067
85565.20882632067
85565.20882632067
85565.20882632067
85565.20882632067
Time: 0.4411008358001709 seconds 
Best solution: 85565.20882632067 [47, 8, 41, 69, 50, 45, 34, 49, 64, 2, 17, 5, 24, 35, 9, 32, 44, 59, 93, 61, 56, 36, 76, 71, 80, 81, 86, 77, 65, 87, 58, 33, 40, 1, 10, 12, 16, 19, 89, 83, 60, 66, 20, 27, 7, 6, 28, 14, 31, 23, 73, 3, 11, 26, 46, 68, 38, 100, 78, 30, 39, 67, 98, 70, 84, 57, 43, 99, 53, 91, 92, 79, 96, 97, 90, 102, 88, 48, 75, 63, 55, 13, 52, 101, 25, 85, 37, 18, 103, 29, 4, 15, 51, 21, 54, 42, 22, 82, 95, 94, 72, 74, 62, 105, 104]
Avg solution: 94001.19543315869