Alg:2, Run: 8, file: C:\Users\gabri\Documents\AN 3 SEM 2\AI\Lab\Lab3\\lin105.tsp, population number: 100, generations: 100 
108706.14803037482
106766.6908116904
106766.6908116904
105421.73937588536
105421.73937588536
105421.73937588536
105421.73937588536
105421.73937588536
105421.73937588536
105421.73937588536
104905.45309855402
101212.77581745079
101212.77581745079
101212.77581745079
101212.77581745079
100797.43418096117
100797.43418096117
98372.22890938842
98372.22890938842
92710.70653477382
92710.70653477382
92710.70653477382
91009.55372526837
91009.55372526837
91009.55372526837
91009.55372526837
89816.21855027172
89816.21855027172
89816.21855027172
89816.21855027172
89816.21855027172
89816.21855027172
89816.21855027172
89816.21855027172
89816.21855027172
89816.21855027172
89816.21855027172
89816.21855027172
89816.21855027172
89816.21855027172
89816.21855027172
89816.21855027172
87132.48566094393
87132.48566094393
87132.48566094393
87132.48566094393
87132.48566094393
87132.48566094393
84190.65061083688
84190.65061083688
84190.65061083688
84190.65061083688
84190.65061083688
84190.65061083688
84190.65061083688
84190.65061083688
84190.65061083688
84190.65061083688
84190.65061083688
84190.65061083688
84190.65061083688
84190.65061083688
84190.65061083688
84190.65061083688
83827.86896379477
83827.86896379477
83827.86896379477
83827.86896379477
83827.86896379477
83827.86896379477
83827.86896379477
83827.86896379477
83827.86896379477
83827.86896379477
83827.86896379477
83827.86896379477
83827.86896379477
83827.86896379477
83827.86896379477
83827.86896379477
83827.86896379477
83827.86896379477
83827.86896379477
83544.55838058887
83544.55838058887
83544.55838058887
83544.55838058887
83544.55838058887
83544.55838058887
83544.55838058887
83544.55838058887
83544.55838058887
83544.55838058887
82714.00706248754
82714.00706248754
82714.00706248754
82714.00706248754
82714.00706248754
82714.00706248754
82714.00706248754
Time: 0.4419727325439453 seconds 
Best solution: 82714.00706248754 [13, 40, 77, 70, 88, 62, 8, 25, 76, 83, 60, 18, 11, 6, 24, 42, 28, 52, 71, 84, 17, 103, 3, 29, 22, 101, 92, 93, 90, 9, 19, 30, 15, 20, 59, 63, 64, 87, 81, 79, 98, 67, 96, 102, 97, 53, 82, 73, 100, 80, 94, 99, 95, 66, 27, 51, 46, 78, 49, 55, 1, 50, 4, 54, 35, 34, 69, 2, 5, 39, 16, 31, 21, 104, 37, 12, 32, 14, 43, 105, 91, 74, 86, 68, 72, 61, 44, 36, 10, 85, 7, 48, 65, 38, 26, 56, 58, 41, 33, 23, 45, 47, 57, 75, 89]
Avg solution: 89245.35886438208