Alg:2, Run: 5, file: C:\Users\gabri\Documents\AN 3 SEM 2\AI\Lab\Lab3\\lin105.tsp, population number: 100, generations: 100 
108127.11420902265
108127.11420902265
107945.18311242065
107945.18311242065
106034.96093675359
103833.47995196175
103715.48446001665
103715.48446001665
103715.48446001665
102414.44507450955
102414.44507450955
102414.44507450955
102414.44507450955
100140.39063683027
99876.03834156535
99876.03834156535
99876.03834156535
99876.03834156535
99876.03834156535
97752.8048943593
97752.8048943593
97752.8048943593
97752.8048943593
97752.8048943593
97310.34206237108
97310.34206237108
97310.34206237108
97310.34206237108
97310.34206237108
97310.34206237108
97310.34206237108
97310.34206237108
97310.34206237108
97310.34206237108
97310.34206237108
94928.32170420558
94928.32170420558
94928.32170420558
94928.32170420558
94928.32170420558
94928.32170420558
94928.32170420558
94928.32170420558
94928.32170420558
94928.32170420558
94928.32170420558
94928.32170420558
94928.32170420558
92477.11919535985
92477.11919535985
92477.11919535985
92477.11919535985
92477.11919535985
92477.11919535985
92477.11919535985
92477.11919535985
92477.11919535985
92477.11919535985
92477.11919535985
92477.11919535985
92477.11919535985
92477.11919535985
92477.11919535985
92477.11919535985
92477.11919535985
91392.86909636391
91392.86909636391
91392.86909636391
91392.86909636391
91392.86909636391
91392.86909636391
91392.86909636391
91392.86909636391
91392.86909636391
91392.86909636391
91392.86909636391
91392.86909636391
91392.86909636391
91392.86909636391
90807.5010308434
89290.3598434602
89290.3598434602
89290.3598434602
89290.3598434602
87350.60222117303
86066.51865080785
86066.51865080785
86066.51865080785
86066.51865080785
86066.51865080785
86066.51865080785
86066.51865080785
86066.51865080785
86066.51865080785
86066.51865080785
86066.51865080785
86066.51865080785
86066.51865080785
86066.51865080785
86066.51865080785
Time: 0.4420959949493408 seconds 
Best solution: 86066.51865080785 [81, 100, 105, 97, 102, 75, 85, 78, 94, 67, 83, 39, 42, 32, 92, 103, 91, 70, 53, 72, 63, 9, 15, 57, 13, 66, 49, 36, 88, 17, 90, 24, 37, 73, 1, 51, 60, 104, 64, 47, 3, 61, 25, 45, 41, 82, 21, 99, 93, 48, 38, 84, 8, 18, 56, 19, 16, 52, 71, 77, 76, 50, 23, 89, 68, 55, 34, 62, 44, 28, 2, 80, 7, 26, 40, 43, 58, 98, 46, 74, 87, 20, 6, 29, 22, 33, 11, 4, 35, 27, 14, 12, 10, 101, 69, 96, 79, 54, 95, 59, 30, 5, 31, 86, 65]
Avg solution: 94335.12336925085