Alg:2, Run: 7, file: C:\Users\gabri\Documents\AN 3 SEM 2\AI\Lab\Lab3\\lin105.tsp, population number: 100, generations: 500 
106001.24542746277
106001.24542746277
101219.2153734323
101219.2153734323
101219.2153734323
101219.2153734323
101219.2153734323
101219.2153734323
101219.2153734323
101219.2153734323
101219.2153734323
101219.2153734323
101219.2153734323
101219.2153734323
101219.2153734323
97918.90646095817
97918.90646095817
97918.90646095817
97918.90646095817
97918.90646095817
97918.90646095817
97918.90646095817
97918.90646095817
97918.90646095817
97918.90646095817
97918.90646095817
97918.90646095817
94772.74747229787
94772.74747229787
94772.74747229787
94772.74747229787
94772.74747229787
94772.74747229787
94772.74747229787
94772.74747229787
94772.74747229787
94772.74747229787
94324.33491886586
94324.33491886586
94324.33491886586
94324.33491886586
94324.33491886586
94324.33491886586
94324.33491886586
93753.37887218191
93753.37887218191
93753.37887218191
93753.37887218191
93753.37887218191
93753.37887218191
93753.37887218191
93753.37887218191
93753.37887218191
93753.37887218191
93753.37887218191
93753.37887218191
93706.4665924475
93706.4665924475
93706.4665924475
93322.9508402488
91833.82163345115
91833.82163345115
91833.82163345115
91833.82163345115
91833.82163345115
91475.02120508075
91475.02120508075
91475.02120508075
91475.02120508075
91475.02120508075
91475.02120508075
90875.01945330256
90875.01945330256
90666.46225208235
89277.29486441462
89277.29486441462
87691.2495319721
87691.2495319721
87691.2495319721
87691.2495319721
87691.2495319721
87691.2495319721
87691.2495319721
87691.2495319721
87691.2495319721
87691.2495319721
87691.2495319721
87691.2495319721
87691.2495319721
87691.2495319721
87691.2495319721
87691.2495319721
87691.2495319721
87691.2495319721
87691.2495319721
87691.2495319721
87691.2495319721
87691.2495319721
87691.2495319721
83663.50303228361
83663.50303228361
83663.50303228361
83663.50303228361
83663.50303228361
83663.50303228361
83663.50303228361
83663.50303228361
83027.18289667746
82060.95001488096
81290.3563742618
81290.3563742618
81290.3563742618
81290.3563742618
81290.3563742618
80704.34451196583
80704.34451196583
80704.34451196583
80704.34451196583
80704.34451196583
80704.34451196583
80704.34451196583
80704.34451196583
80704.34451196583
80704.34451196583
80704.34451196583
80704.34451196583
80704.34451196583
80704.34451196583
80704.34451196583
80704.34451196583
80704.34451196583
80704.34451196583
80704.34451196583
80116.54475289216
80116.54475289216
79719.15089165585
79719.15089165585
79719.15089165585
79719.15089165585
79719.15089165585
79719.15089165585
79719.15089165585
79719.15089165585
79719.15089165585
79719.15089165585
79719.15089165585
79719.15089165585
79719.15089165585
79719.15089165585
79719.15089165585
79719.15089165585
79719.15089165585
79719.15089165585
79719.15089165585
79719.15089165585
79719.15089165585
79719.15089165585
79719.15089165585
79719.15089165585
79719.15089165585
79719.15089165585
79719.15089165585
79719.15089165585
79719.15089165585
79719.15089165585
79719.15089165585
79719.15089165585
79719.15089165585
79719.15089165585
79719.15089165585
79719.15089165585
79719.15089165585
79719.15089165585
79719.15089165585
79719.15089165585
79719.15089165585
79719.15089165585
79719.15089165585
79719.15089165585
79719.15089165585
79719.15089165585
79719.15089165585
79719.15089165585
79504.16274076552
79504.16274076552
79504.16274076552
79504.16274076552
79504.16274076552
79504.16274076552
79504.16274076552
79504.16274076552
79504.16274076552
79504.16274076552
78880.88386542219
78880.88386542219
78880.88386542219
78880.88386542219
78880.88386542219
78880.88386542219
78880.88386542219
78880.88386542219
78870.88303171353
78870.88303171353
78870.88303171353
78870.88303171353
78870.88303171353
78870.88303171353
78870.88303171353
78870.88303171353
78870.88303171353
78870.88303171353
78870.88303171353
78870.88303171353
78870.88303171353
78870.88303171353
78870.88303171353
78870.88303171353
78870.88303171353
78870.88303171353
78870.88303171353
78870.88303171353
78870.88303171353
78654.78373381184
78654.78373381184
78654.78373381184
78654.78373381184
78654.78373381184
78654.78373381184
78329.13222330708
78329.13222330708
78329.13222330708
78329.13222330708
78329.13222330708
78329.13222330708
78329.13222330708
78329.13222330708
78329.13222330708
78329.13222330708
78329.13222330708
78329.13222330708
78329.13222330708
78329.13222330708
78329.13222330708
78329.13222330708
78329.13222330708
78329.13222330708
76724.19935149947
76724.19935149947
76724.19935149947
76724.19935149947
76724.19935149947
76724.19935149947
76724.19935149947
76724.19935149947
76724.19935149947
76724.19935149947
76724.19935149947
76724.19935149947
76724.19935149947
76724.19935149947
76724.19935149947
76724.19935149947
76724.19935149947
76724.19935149947
76724.19935149947
76724.19935149947
76724.19935149947
76724.19935149947
76724.19935149947
76724.19935149947
76724.19935149947
76724.19935149947
75552.52537132779
75552.52537132779
73075.40714419271
73075.40714419271
73075.40714419271
73075.40714419271
73075.40714419271
73075.40714419271
73075.40714419271
73075.40714419271
73075.40714419271
73075.40714419271
73075.40714419271
73075.40714419271
73075.40714419271
73075.40714419271
73075.40714419271
73075.40714419271
73075.40714419271
73075.40714419271
73075.40714419271
73075.40714419271
73075.40714419271
73075.40714419271
73075.40714419271
73075.40714419271
73075.40714419271
73075.40714419271
73075.40714419271
73075.40714419271
73075.40714419271
73075.40714419271
73075.40714419271
73075.40714419271
73075.40714419271
73075.40714419271
73075.40714419271
73075.40714419271
73075.40714419271
73075.40714419271
73075.40714419271
73075.40714419271
73075.40714419271
73075.40714419271
73075.40714419271
73075.40714419271
73075.40714419271
73075.40714419271
73075.40714419271
73075.40714419271
73075.40714419271
73075.40714419271
73075.40714419271
73075.40714419271
73075.40714419271
73075.40714419271
73075.40714419271
73075.40714419271
73075.40714419271
73075.40714419271
73075.40714419271
73075.40714419271
73075.40714419271
73075.40714419271
73075.40714419271
73075.40714419271
73075.40714419271
73075.40714419271
73075.40714419271
73075.40714419271
73075.40714419271
73075.40714419271
73075.40714419271
73075.40714419271
73075.40714419271
73075.40714419271
73075.40714419271
73075.40714419271
73075.40714419271
70739.64132714919
70739.64132714919
70739.64132714919
70739.64132714919
70739.64132714919
70739.64132714919
70739.64132714919
70739.64132714919
70739.64132714919
70739.64132714919
70739.64132714919
70739.64132714919
70739.64132714919
70739.64132714919
70739.64132714919
70739.64132714919
70739.64132714919
70739.64132714919
70739.64132714919
70739.64132714919
70739.64132714919
70739.64132714919
70739.64132714919
70739.64132714919
70739.64132714919
70739.64132714919
70739.64132714919
70739.64132714919
70739.64132714919
70739.64132714919
70739.64132714919
70739.64132714919
70739.64132714919
70739.64132714919
70739.64132714919
70739.64132714919
70739.64132714919
70739.64132714919
70739.64132714919
70739.64132714919
70739.64132714919
70739.64132714919
70739.64132714919
70739.64132714919
70739.64132714919
70739.64132714919
70739.64132714919
70739.64132714919
70739.64132714919
70739.64132714919
70739.64132714919
70739.64132714919
70739.64132714919
70739.64132714919
70739.64132714919
70739.64132714919
70739.64132714919
70739.64132714919
70739.64132714919
70739.64132714919
70739.64132714919
70739.64132714919
70739.64132714919
70739.64132714919
70739.64132714919
70739.64132714919
70739.64132714919
70739.64132714919
70739.64132714919
70739.64132714919
70739.64132714919
70739.64132714919
70739.64132714919
70739.64132714919
70739.64132714919
70739.64132714919
70739.64132714919
70739.64132714919
70739.64132714919
70739.64132714919
70739.64132714919
70739.64132714919
70739.64132714919
70739.64132714919
70739.64132714919
70739.64132714919
70739.64132714919
70739.64132714919
70739.64132714919
70739.64132714919
70739.64132714919
70739.64132714919
70739.64132714919
70739.64132714919
70739.64132714919
70739.64132714919
70739.64132714919
70739.64132714919
70739.64132714919
70739.64132714919
70739.64132714919
69863.6927675943
69863.6927675943
69863.6927675943
69863.6927675943
69863.6927675943
69863.6927675943
69863.6927675943
69863.6927675943
69863.6927675943
69863.6927675943
69863.6927675943
69863.6927675943
69863.6927675943
69863.6927675943
69863.6927675943
69863.6927675943
69863.6927675943
69863.6927675943
69863.6927675943
69863.6927675943
69863.6927675943
69863.6927675943
69863.6927675943
69863.6927675943
69863.6927675943
69863.6927675943
69863.6927675943
69863.6927675943
69863.6927675943
69287.31893894376
69287.31893894376
69287.31893894376
69287.31893894376
69287.31893894376
69287.31893894376
69287.31893894376
69287.31893894376
69287.31893894376
69287.31893894376
69287.31893894376
69287.31893894376
69287.31893894376
69287.31893894376
69287.31893894376
69287.31893894376
69287.31893894376
69287.31893894376
69287.31893894376
Time: 2.1834750175476074 seconds 
Best solution: 69287.31893894376 [54, 55, 103, 42, 86, 92, 38, 60, 61, 50, 70, 51, 104, 20, 26, 35, 23, 9, 13, 22, 18, 25, 44, 33, 41, 28, 4, 5, 34, 62, 49, 19, 12, 7, 53, 71, 64, 58, 78, 10, 24, 16, 97, 56, 84, 73, 21, 100, 63, 2, 66, 75, 95, 72, 88, 32, 85, 101, 17, 8, 3, 27, 98, 91, 65, 43, 76, 37, 45, 46, 39, 96, 31, 59, 79, 102, 74, 48, 105, 99, 67, 52, 94, 57, 93, 77, 81, 89, 82, 80, 83, 68, 69, 90, 47, 11, 29, 40, 30, 14, 36, 6, 1, 15, 87]
Avg solution: 78542.82519924072