Alg:2, Run: 5, file: C:\Users\gabri\Documents\AN 3 SEM 2\AI\Lab\Lab3\\lin105.tsp, population number: 100, generations: 500 
109510.69226196366
109510.69226196366
107044.37982697078
107044.37982697078
101778.07493644094
101778.07493644094
101778.07493644094
101778.07493644094
94369.2864305076
94369.2864305076
94369.2864305076
94369.2864305076
94369.2864305076
94369.2864305076
94369.2864305076
94369.2864305076
94369.2864305076
94369.2864305076
94369.2864305076
94369.2864305076
94369.2864305076
94369.2864305076
94369.2864305076
94369.2864305076
94369.2864305076
94369.2864305076
94369.2864305076
94369.2864305076
94369.2864305076
94369.2864305076
94369.2864305076
94369.2864305076
94369.2864305076
94219.74065113337
94219.74065113337
94219.74065113337
94219.74065113337
94219.74065113337
94219.74065113337
94219.74065113337
94219.74065113337
94219.74065113337
94219.74065113337
94219.74065113337
92804.80659678615
92804.80659678615
92804.80659678615
92804.80659678615
92804.80659678615
91789.85097782755
91789.85097782755
91789.85097782755
91789.85097782755
91789.85097782755
91789.85097782755
91789.85097782755
91789.85097782755
91789.85097782755
91789.85097782755
91789.85097782755
91789.85097782755
91789.85097782755
91789.85097782755
91789.85097782755
90748.61450517619
90748.61450517619
90748.61450517619
90748.61450517619
90748.61450517619
90748.61450517619
87503.83796982058
87503.83796982058
87503.83796982058
87503.83796982058
87503.83796982058
84733.36732110118
84733.36732110118
84733.36732110118
84733.36732110118
84733.36732110118
84733.36732110118
84733.36732110118
84733.36732110118
84733.36732110118
84733.36732110118
84733.36732110118
84733.36732110118
84733.36732110118
84733.36732110118
84733.36732110118
84733.36732110118
84733.36732110118
84733.36732110118
84733.36732110118
84733.36732110118
84733.36732110118
84733.36732110118
84733.36732110118
84733.36732110118
84733.36732110118
84733.36732110118
84733.36732110118
84733.36732110118
84733.36732110118
84733.36732110118
84733.36732110118
84733.36732110118
84733.36732110118
84733.36732110118
84733.36732110118
84733.36732110118
84733.36732110118
84733.36732110118
84733.36732110118
84733.36732110118
84733.36732110118
84733.36732110118
84733.36732110118
84733.36732110118
84733.36732110118
84733.36732110118
84733.36732110118
84733.36732110118
84733.36732110118
84733.36732110118
84733.36732110118
84733.36732110118
84733.36732110118
84733.36732110118
84733.36732110118
84733.36732110118
84733.36732110118
84403.38673750125
84403.38673750125
80083.5333014684
80083.5333014684
80083.5333014684
80083.5333014684
80083.5333014684
80083.5333014684
80083.5333014684
80083.5333014684
80083.5333014684
80083.5333014684
80083.5333014684
80083.5333014684
80083.5333014684
80083.5333014684
80083.5333014684
80083.5333014684
80083.5333014684
80083.5333014684
80083.5333014684
79539.87713785614
79539.87713785614
79539.87713785614
79539.87713785614
79539.87713785614
79539.87713785614
79539.87713785614
79539.87713785614
79539.87713785614
79539.87713785614
79539.87713785614
79539.87713785614
79539.87713785614
79539.87713785614
79539.87713785614
76001.8245748414
76001.8245748414
76001.8245748414
76001.8245748414
76001.8245748414
76001.8245748414
76001.8245748414
76001.8245748414
76001.8245748414
76001.8245748414
76001.8245748414
76001.8245748414
76001.8245748414
76001.8245748414
76001.8245748414
76001.8245748414
76001.8245748414
76001.8245748414
76001.8245748414
76001.8245748414
76001.8245748414
76001.8245748414
76001.8245748414
76001.8245748414
76001.8245748414
76001.8245748414
76001.8245748414
76001.8245748414
76001.8245748414
76001.8245748414
76001.8245748414
76001.8245748414
76001.8245748414
76001.8245748414
76001.8245748414
76001.8245748414
76001.8245748414
76001.8245748414
76001.8245748414
76001.8245748414
76001.8245748414
76001.8245748414
76001.8245748414
76001.8245748414
76001.8245748414
76001.8245748414
76001.8245748414
76001.8245748414
76001.8245748414
76001.8245748414
76001.8245748414
76001.8245748414
76001.8245748414
74516.17905856599
74516.17905856599
74516.17905856599
74516.17905856599
74516.17905856599
74516.17905856599
74516.17905856599
74516.17905856599
74516.17905856599
74516.17905856599
74516.17905856599
74516.17905856599
74516.17905856599
74516.17905856599
74516.17905856599
74516.17905856599
74516.17905856599
74516.17905856599
74516.17905856599
74516.17905856599
74516.17905856599
74516.17905856599
74516.17905856599
74516.17905856599
74516.17905856599
74516.17905856599
74516.17905856599
74516.17905856599
74516.17905856599
74516.17905856599
74516.17905856599
74516.17905856599
74516.17905856599
74516.17905856599
74516.17905856599
74516.17905856599
74516.17905856599
74516.17905856599
74516.17905856599
74516.17905856599
74516.17905856599
74516.17905856599
74516.17905856599
74516.17905856599
74516.17905856599
74516.17905856599
74516.17905856599
74516.17905856599
74516.17905856599
74516.17905856599
74516.17905856599
74516.17905856599
74516.17905856599
74516.17905856599
74516.17905856599
74516.17905856599
74516.17905856599
74516.17905856599
74516.17905856599
74516.17905856599
74516.17905856599
74516.17905856599
74516.17905856599
74516.17905856599
74516.17905856599
74516.17905856599
74516.17905856599
74516.17905856599
74516.17905856599
74516.17905856599
74516.17905856599
74516.17905856599
74516.17905856599
74516.17905856599
74516.17905856599
74516.17905856599
74516.17905856599
74516.17905856599
74516.17905856599
74516.17905856599
74516.17905856599
74516.17905856599
74516.17905856599
74516.17905856599
74516.17905856599
74516.17905856599
74516.17905856599
74516.17905856599
74516.17905856599
74516.17905856599
74516.17905856599
74516.17905856599
74516.17905856599
74516.17905856599
74516.17905856599
74516.17905856599
74516.17905856599
74516.17905856599
74516.17905856599
74516.17905856599
74516.17905856599
74516.17905856599
72853.12190306211
72853.12190306211
72853.12190306211
72853.12190306211
72853.12190306211
72853.12190306211
72853.12190306211
72853.12190306211
72563.36984048664
72563.36984048664
72563.36984048664
72563.36984048664
72563.36984048664
72563.36984048664
72563.36984048664
71218.17619525094
71218.17619525094
71218.17619525094
71218.17619525094
71218.17619525094
71218.17619525094
71218.17619525094
71218.17619525094
71218.17619525094
71218.17619525094
71218.17619525094
71218.17619525094
71218.17619525094
71218.17619525094
71218.17619525094
71218.17619525094
71218.17619525094
71218.17619525094
71218.17619525094
71218.17619525094
71218.17619525094
71218.17619525094
71218.17619525094
71218.17619525094
71218.17619525094
71218.17619525094
70311.09231175891
70311.09231175891
70268.94170106755
70268.94170106755
70268.94170106755
70268.94170106755
70268.94170106755
70268.94170106755
70268.94170106755
70268.94170106755
70268.94170106755
70268.94170106755
70268.94170106755
70268.94170106755
70268.94170106755
70268.94170106755
70268.94170106755
70268.94170106755
70268.94170106755
70268.94170106755
70108.36926323657
67503.40726750453
67503.40726750453
67503.40726750453
67503.40726750453
66618.72318188233
66618.72318188233
66618.72318188233
66618.72318188233
66618.72318188233
66618.72318188233
66618.72318188233
66618.72318188233
66618.72318188233
66618.72318188233
66618.72318188233
66618.72318188233
66618.72318188233
66618.72318188233
66618.72318188233
66618.72318188233
66618.72318188233
66618.72318188233
66618.72318188233
66618.72318188233
66618.72318188233
66618.72318188233
66618.72318188233
66618.72318188233
66618.72318188233
66618.72318188233
66618.72318188233
66618.72318188233
66618.72318188233
66618.72318188233
66618.72318188233
66618.72318188233
66618.72318188233
66618.72318188233
66618.72318188233
66618.72318188233
66618.72318188233
66618.72318188233
66618.72318188233
66618.72318188233
66618.72318188233
66618.72318188233
66618.72318188233
66618.72318188233
66618.72318188233
66618.72318188233
66618.72318188233
66618.72318188233
66618.72318188233
66618.72318188233
66618.72318188233
66618.72318188233
66618.72318188233
66618.72318188233
66618.72318188233
66618.72318188233
66618.72318188233
66618.72318188233
66618.72318188233
66618.72318188233
66618.72318188233
66618.72318188233
66618.72318188233
66618.72318188233
66618.72318188233
66618.72318188233
66618.72318188233
66618.72318188233
66618.72318188233
66618.72318188233
66618.72318188233
66618.72318188233
66618.72318188233
66618.72318188233
66618.72318188233
66618.72318188233
66618.72318188233
66618.72318188233
66618.72318188233
66618.72318188233
66618.72318188233
66618.72318188233
66618.72318188233
66618.72318188233
66618.72318188233
66618.72318188233
66618.72318188233
66618.72318188233
66618.72318188233
66618.72318188233
66618.72318188233
66618.72318188233
66618.72318188233
66618.72318188233
66618.72318188233
66618.72318188233
66618.72318188233
66618.72318188233
66618.72318188233
66618.72318188233
66618.72318188233
66618.72318188233
66618.72318188233
66618.72318188233
66618.72318188233
66618.72318188233
66618.72318188233
66618.72318188233
66618.72318188233
66618.72318188233
66618.72318188233
Time: 2.2355072498321533 seconds 
Best solution: 66618.72318188233 [81, 74, 61, 44, 12, 10, 8, 13, 17, 75, 4, 5, 35, 71, 34, 66, 55, 68, 27, 76, 84, 39, 30, 54, 9, 60, 95, 50, 98, 100, 77, 46, 87, 90, 51, 52, 48, 16, 57, 53, 69, 89, 70, 6, 43, 28, 79, 88, 63, 36, 105, 80, 45, 42, 19, 99, 64, 86, 85, 72, 47, 104, 2, 1, 40, 20, 14, 3, 58, 38, 67, 82, 59, 83, 65, 33, 7, 11, 32, 103, 15, 21, 26, 22, 29, 37, 25, 18, 41, 23, 24, 49, 56, 31, 92, 78, 62, 73, 94, 91, 93, 102, 101, 96, 97]
Avg solution: 76966.99989068696