Alg:2, Run: 0, file: C:\Users\gabri\Documents\AN 3 SEM 2\AI\Lab\Lab3\\lin105.tsp, population number: 100, generations: 500 
109231.06129486168
109073.26554343823
109073.26554343823
106908.55675780331
106908.55675780331
106043.65675125728
105136.8563423219
105136.8563423219
105136.8563423219
105136.8563423219
102388.51187577957
102388.51187577957
102388.51187577957
102388.51187577957
102388.51187577957
102388.51187577957
102388.51187577957
101169.99044807638
101169.99044807638
101169.99044807638
100434.73574461922
100434.73574461922
100307.67378625904
100307.67378625904
100307.67378625904
100307.67378625904
100307.67378625904
99621.55888927718
98399.69300642426
98399.69300642426
98399.69300642426
98399.69300642426
98399.69300642426
98399.69300642426
98399.69300642426
98399.69300642426
98003.2264293969
98003.2264293969
96195.80813870092
96195.80813870092
94477.8848137546
94477.8848137546
94477.8848137546
94477.8848137546
94477.8848137546
94477.8848137546
94477.8848137546
94477.8848137546
94477.8848137546
94477.8848137546
94477.8848137546
92128.53232302837
92128.53232302837
92128.53232302837
92128.53232302837
92128.53232302837
92128.53232302837
92128.53232302837
92128.53232302837
92128.53232302837
92128.53232302837
92128.53232302837
92128.53232302837
92128.53232302837
92128.53232302837
92128.53232302837
92128.53232302837
92128.53232302837
92128.53232302837
92128.53232302837
92128.53232302837
92128.53232302837
92128.53232302837
92128.53232302837
92128.53232302837
90816.38006711064
90816.38006711064
90816.38006711064
90816.38006711064
90816.38006711064
90816.38006711064
90816.38006711064
90274.27179035018
90274.27179035018
90274.27179035018
90274.27179035018
90274.27179035018
90274.27179035018
90274.27179035018
90274.27179035018
90274.27179035018
90274.27179035018
90274.27179035018
90274.27179035018
90274.27179035018
90131.12863417958
90131.12863417958
90131.12863417958
89362.60295702182
89362.60295702182
89362.60295702182
89362.60295702182
89362.60295702182
89362.60295702182
89362.60295702182
89362.60295702182
89362.60295702182
89362.60295702182
89362.60295702182
89362.60295702182
89362.60295702182
89362.60295702182
89362.60295702182
89362.60295702182
89362.60295702182
89362.60295702182
88070.9710482625
88070.9710482625
88070.9710482625
88070.9710482625
88070.9710482625
88070.9710482625
88070.9710482625
88070.9710482625
88070.9710482625
88070.9710482625
88070.9710482625
88070.9710482625
88070.9710482625
88070.9710482625
88070.9710482625
88070.9710482625
88070.9710482625
87728.69204890465
87384.9899741648
87384.9899741648
87384.9899741648
87384.9899741648
87384.9899741648
87384.9899741648
87147.93354568664
87147.93354568664
87147.93354568664
87147.93354568664
87147.93354568664
86279.09637849225
86279.09637849225
86279.09637849225
85990.67229925466
85990.67229925466
85990.67229925466
85990.67229925466
83475.3783243233
83475.3783243233
83475.3783243233
83475.3783243233
83475.3783243233
83475.3783243233
83475.3783243233
83475.3783243233
83475.3783243233
83475.3783243233
83475.3783243233
83475.3783243233
83475.3783243233
83475.3783243233
83475.3783243233
83475.3783243233
83475.3783243233
83475.3783243233
83475.3783243233
83475.3783243233
83475.3783243233
83475.3783243233
83475.3783243233
83475.3783243233
83475.3783243233
83475.3783243233
83475.3783243233
83475.3783243233
83475.3783243233
83475.3783243233
83475.3783243233
83475.3783243233
83475.3783243233
83475.3783243233
83475.3783243233
83475.3783243233
83475.3783243233
83475.3783243233
81422.47616989208
81422.47616989208
81422.47616989208
81422.47616989208
81422.47616989208
81422.47616989208
81422.47616989208
81422.47616989208
81422.47616989208
81422.47616989208
81422.47616989208
81422.47616989208
81422.47616989208
81422.47616989208
81422.47616989208
81422.47616989208
81422.47616989208
81422.47616989208
81422.47616989208
81422.47616989208
81422.47616989208
81422.47616989208
81422.47616989208
81422.47616989208
81422.47616989208
81422.47616989208
81422.47616989208
81422.47616989208
81422.47616989208
81422.47616989208
81422.47616989208
81422.47616989208
81421.38454818084
81421.38454818084
80255.3560141179
80255.3560141179
80255.3560141179
80255.3560141179
80255.3560141179
80255.3560141179
80255.3560141179
80255.3560141179
78346.98332062623
78346.98332062623
78346.98332062623
78346.98332062623
78346.98332062623
78346.98332062623
78346.98332062623
78346.98332062623
78346.98332062623
78346.98332062623
77272.45944552796
77272.45944552796
77272.45944552796
77272.45944552796
77272.45944552796
77272.45944552796
77272.45944552796
77272.45944552796
77272.45944552796
76154.78548749007
76154.78548749007
76154.78548749007
76154.78548749007
76154.78548749007
76154.78548749007
76154.78548749007
76154.78548749007
76154.78548749007
76154.78548749007
76154.78548749007
76154.78548749007
76154.78548749007
76154.78548749007
76154.78548749007
76154.78548749007
76154.78548749007
76154.78548749007
74744.35167074761
74744.35167074761
74744.35167074761
74744.35167074761
74744.35167074761
74744.35167074761
73985.90160245364
73985.90160245364
73985.90160245364
73985.90160245364
73837.59704497684
73837.59704497684
73837.59704497684
73837.59704497684
73837.59704497684
73837.59704497684
73837.59704497684
73837.59704497684
73837.59704497684
73489.18712263685
73489.18712263685
73489.18712263685
73489.18712263685
73489.18712263685
73489.18712263685
73489.18712263685
73489.18712263685
73489.18712263685
73489.18712263685
73489.18712263685
73489.18712263685
73489.18712263685
73489.18712263685
73489.18712263685
73489.18712263685
73489.18712263685
73489.18712263685
73489.18712263685
73489.18712263685
73489.18712263685
73489.18712263685
73489.18712263685
73489.18712263685
73489.18712263685
73489.18712263685
73489.18712263685
73317.75142902916
72007.8745322747
72007.8745322747
72007.8745322747
72007.8745322747
72007.8745322747
72007.8745322747
72007.8745322747
72007.8745322747
72007.8745322747
72007.8745322747
72007.8745322747
72007.8745322747
72007.8745322747
72007.8745322747
72007.8745322747
72007.8745322747
72007.8745322747
72007.8745322747
72007.8745322747
69384.36455283522
69384.36455283522
69384.36455283522
69384.36455283522
69384.36455283522
69384.36455283522
69384.36455283522
69384.36455283522
69384.36455283522
69384.36455283522
69384.36455283522
69384.36455283522
69384.36455283522
69384.36455283522
69384.36455283522
69384.36455283522
69384.36455283522
69384.36455283522
69384.36455283522
69384.36455283522
69384.36455283522
69384.36455283522
69384.36455283522
69384.36455283522
69384.36455283522
69384.36455283522
69384.36455283522
69384.36455283522
69384.36455283522
69384.36455283522
69384.36455283522
69384.36455283522
69384.36455283522
69384.36455283522
69384.36455283522
69384.36455283522
69384.36455283522
69384.36455283522
69384.36455283522
69384.36455283522
69384.36455283522
69384.36455283522
69384.36455283522
69384.36455283522
68447.23774986828
68447.23774986828
68447.23774986828
68447.23774986828
68447.23774986828
68447.23774986828
68447.23774986828
68447.23774986828
68447.23774986828
68447.23774986828
68447.23774986828
68447.23774986828
68352.3909540308
68352.3909540308
68352.3909540308
68352.3909540308
68352.3909540308
68352.3909540308
68352.3909540308
68352.3909540308
68352.3909540308
68352.3909540308
68352.3909540308
68352.3909540308
68352.3909540308
68352.3909540308
68352.3909540308
68352.3909540308
68352.3909540308
68352.3909540308
68352.3909540308
68352.3909540308
68352.3909540308
68352.3909540308
68352.3909540308
68352.3909540308
68352.3909540308
68352.3909540308
68352.3909540308
68352.3909540308
68352.3909540308
68352.3909540308
68352.3909540308
67143.78179205078
66833.14561253214
66833.14561253214
66833.14561253214
66545.90543064255
66545.90543064255
66545.90543064255
66545.90543064255
66545.90543064255
66545.90543064255
66545.90543064255
66545.90543064255
66545.90543064255
66545.90543064255
66545.90543064255
66545.90543064255
66545.90543064255
66545.90543064255
66545.90543064255
66545.90543064255
66545.90543064255
66545.90543064255
66545.90543064255
66545.90543064255
66545.90543064255
66545.90543064255
66545.90543064255
66545.90543064255
66545.90543064255
65173.855109205026
65173.855109205026
65173.855109205026
65173.855109205026
65173.855109205026
65173.855109205026
65173.855109205026
65127.0653857051
65127.0653857051
65127.0653857051
65127.0653857051
65127.0653857051
65127.0653857051
65127.0653857051
65127.0653857051
65127.0653857051
65127.0653857051
65127.0653857051
65127.0653857051
65127.0653857051
65127.0653857051
63995.09509731825
63995.09509731825
63995.09509731825
63995.09509731825
63995.09509731825
63205.99025177036
63205.99025177036
63205.99025177036
63205.99025177036
63205.99025177036
63205.99025177036
63205.99025177036
63205.99025177036
63205.99025177036
63205.99025177036
63205.99025177036
63205.99025177036
63205.99025177036
63205.99025177036
63205.99025177036
63205.99025177036
63205.99025177036
63205.99025177036
63205.99025177036
63205.99025177036
63205.99025177036
63205.99025177036
63205.99025177036
Time: 2.3276731967926025 seconds 
Best solution: 63205.99025177036 [51, 104, 65, 36, 17, 8, 33, 62, 91, 78, 73, 70, 75, 42, 45, 98, 101, 89, 88, 2, 74, 64, 12, 97, 76, 66, 95, 7, 54, 80, 77, 30, 86, 5, 100, 99, 48, 26, 103, 72, 67, 92, 94, 4, 93, 6, 105, 24, 87, 9, 82, 20, 102, 85, 39, 96, 81, 79, 29, 69, 15, 10, 21, 31, 11, 22, 37, 18, 16, 23, 27, 35, 34, 13, 14, 61, 47, 56, 43, 83, 84, 52, 53, 60, 63, 38, 25, 19, 40, 32, 55, 49, 57, 41, 46, 50, 28, 1, 3, 58, 59, 68, 90, 71, 44]
Avg solution: 78969.94189946292