Alg:2, Run: 4, file: C:\Users\gabri\Documents\AN 3 SEM 2\AI\Lab\Lab3\\lin105.tsp, population number: 100, generations: 500 
103890.77948637345
103890.77948637345
103890.77948637345
103890.77948637345
103619.78541498068
103619.78541498068
103619.78541498068
99043.83904062834
99043.83904062834
99043.83904062834
99043.83904062834
99043.83904062834
99043.83904062834
99043.83904062834
99043.83904062834
99043.83904062834
99043.83904062834
99043.83904062834
99043.83904062834
99043.83904062834
99043.83904062834
99043.83904062834
99043.83904062834
97739.28912990495
97739.28912990495
97739.28912990495
97739.28912990495
97739.28912990495
97739.28912990495
97739.28912990495
97739.28912990495
97739.28912990495
97047.48430935542
97047.48430935542
96906.91953218216
96906.91953218216
96906.91953218216
96906.91953218216
96906.91953218216
87185.80811956388
87185.80811956388
87185.80811956388
87185.80811956388
87185.80811956388
87185.80811956388
87185.80811956388
87185.80811956388
87185.80811956388
87185.80811956388
87185.80811956388
87185.80811956388
87185.80811956388
87185.80811956388
87185.80811956388
87185.80811956388
87185.80811956388
87185.80811956388
87185.80811956388
87185.80811956388
87185.80811956388
87185.80811956388
87185.80811956388
87185.80811956388
87185.80811956388
87185.80811956388
87185.80811956388
87185.80811956388
87185.80811956388
87185.80811956388
87185.80811956388
87185.80811956388
87185.80811956388
87185.80811956388
87185.80811956388
87185.80811956388
87185.80811956388
87185.80811956388
87185.80811956388
87185.80811956388
87185.80811956388
87185.80811956388
87185.80811956388
87185.80811956388
87185.80811956388
87185.80811956388
87185.80811956388
87185.80811956388
87185.80811956388
87185.80811956388
87185.80811956388
87185.80811956388
87185.80811956388
87185.80811956388
87185.80811956388
87185.80811956388
87185.80811956388
87185.80811956388
87185.80811956388
87185.80811956388
87185.80811956388
87185.80811956388
87185.80811956388
87185.80811956388
87185.80811956388
87185.80811956388
87185.80811956388
87185.80811956388
87185.80811956388
87185.80811956388
87185.80811956388
87185.80811956388
87185.80811956388
87185.80811956388
87185.80811956388
87185.80811956388
87185.80811956388
87185.80811956388
87185.80811956388
87185.80811956388
87185.80811956388
87185.80811956388
87185.80811956388
87185.80811956388
87185.80811956388
87185.80811956388
87185.80811956388
87185.80811956388
87185.80811956388
87185.80811956388
87185.80811956388
87185.80811956388
87185.80811956388
87185.80811956388
87185.80811956388
87185.80811956388
87185.80811956388
87185.80811956388
87185.80811956388
87185.80811956388
85756.26532529239
85756.26532529239
85756.26532529239
85756.26532529239
85756.26532529239
85756.26532529239
85756.26532529239
85756.26532529239
85756.26532529239
85756.26532529239
85756.26532529239
85756.26532529239
85756.26532529239
85756.26532529239
85756.26532529239
85756.26532529239
85756.26532529239
85756.26532529239
85545.44069817991
85545.44069817991
85545.44069817991
85545.44069817991
85545.44069817991
83859.33146177066
83859.33146177066
83859.33146177066
83859.33146177066
83859.33146177066
83859.33146177066
83859.33146177066
83859.33146177066
83859.33146177066
83859.33146177066
83859.33146177066
83859.33146177066
83859.33146177066
83107.9908218754
83107.9908218754
83107.9908218754
83107.9908218754
80992.75378721787
80992.75378721787
80992.75378721787
80992.75378721787
80992.75378721787
80992.75378721787
80992.75378721787
80992.75378721787
80959.6039583257
80959.6039583257
79007.74190730935
79007.74190730935
79007.74190730935
79007.74190730935
79007.74190730935
78856.40156400342
78856.40156400342
78856.40156400342
78856.40156400342
78856.40156400342
78856.40156400342
77596.36773727046
77596.36773727046
77596.36773727046
77596.36773727046
77596.36773727046
77596.36773727046
77596.36773727046
77596.36773727046
77596.36773727046
77596.36773727046
77596.36773727046
77596.36773727046
77596.36773727046
77596.36773727046
77314.63180357814
77314.63180357814
77314.63180357814
77314.63180357814
77314.63180357814
77314.63180357814
77314.63180357814
77314.63180357814
77314.63180357814
77314.63180357814
77314.63180357814
77314.63180357814
77314.63180357814
77314.63180357814
77314.63180357814
77314.63180357814
77314.63180357814
77314.63180357814
77314.63180357814
77314.63180357814
77314.63180357814
77314.63180357814
77314.63180357814
77314.63180357814
77314.63180357814
77314.63180357814
76734.29954132406
76734.29954132406
76734.29954132406
76734.29954132406
76734.29954132406
76734.29954132406
76734.29954132406
76734.29954132406
75288.36771376006
75288.36771376006
75288.36771376006
75288.36771376006
75288.36771376006
75288.36771376006
75288.36771376006
75288.36771376006
75288.36771376006
75288.36771376006
75288.36771376006
74999.08895904824
74999.08895904824
74999.08895904824
74999.08895904824
74999.08895904824
74999.08895904824
73660.38731393864
73660.38731393864
73660.38731393864
73660.38731393864
73660.38731393864
73660.38731393864
73660.38731393864
73660.38731393864
73660.38731393864
73660.38731393864
73660.38731393864
73660.38731393864
73660.38731393864
73660.38731393864
73660.38731393864
73660.38731393864
73660.38731393864
73660.38731393864
73660.38731393864
73660.38731393864
73660.38731393864
73660.38731393864
73660.38731393864
73660.38731393864
73660.38731393864
73660.38731393864
73660.38731393864
73660.38731393864
73660.38731393864
73660.38731393864
73660.38731393864
73660.38731393864
73660.38731393864
73660.38731393864
73660.38731393864
73660.38731393864
73660.38731393864
73660.38731393864
73660.38731393864
73660.38731393864
73660.38731393864
73660.38731393864
73660.38731393864
73660.38731393864
73660.38731393864
73660.38731393864
73660.38731393864
73660.38731393864
73660.38731393864
73660.38731393864
73660.38731393864
73660.38731393864
73660.38731393864
72618.40005919318
72618.40005919318
72618.40005919318
72618.40005919318
72618.40005919318
72618.40005919318
72618.40005919318
72618.40005919318
72618.40005919318
72618.40005919318
72618.40005919318
72618.40005919318
72618.40005919318
72618.40005919318
72618.40005919318
72618.40005919318
72618.40005919318
72618.40005919318
72618.40005919318
72618.40005919318
72618.40005919318
72618.40005919318
72618.40005919318
72618.40005919318
71671.26782860108
71671.26782860108
71671.26782860108
71671.26782860108
71671.26782860108
71671.26782860108
71671.26782860108
71671.26782860108
71671.26782860108
71671.26782860108
71671.26782860108
71671.26782860108
71671.26782860108
71671.26782860108
71671.26782860108
71671.26782860108
71671.26782860108
71671.26782860108
71671.26782860108
71671.26782860108
71671.26782860108
71671.26782860108
71671.26782860108
71671.26782860108
71671.26782860108
71671.26782860108
71671.26782860108
71671.26782860108
71671.26782860108
70101.25524709979
69708.50104463949
69708.50104463949
69708.50104463949
69708.50104463949
69708.50104463949
69708.50104463949
69708.50104463949
69708.50104463949
69708.50104463949
69708.50104463949
69708.50104463949
69708.50104463949
69708.50104463949
69708.50104463949
69708.50104463949
69708.50104463949
69708.50104463949
69708.50104463949
69708.50104463949
69708.50104463949
69708.50104463949
69708.50104463949
69708.50104463949
69708.50104463949
69708.50104463949
69708.50104463949
69708.50104463949
69708.50104463949
69708.50104463949
69708.50104463949
69708.50104463949
69708.50104463949
69708.50104463949
69708.50104463949
69708.50104463949
69708.50104463949
69708.50104463949
69708.50104463949
69708.50104463949
69708.50104463949
69708.50104463949
69708.50104463949
69708.50104463949
69708.50104463949
69708.50104463949
69708.50104463949
69708.50104463949
69708.50104463949
69708.50104463949
69708.50104463949
69708.50104463949
69708.50104463949
69708.50104463949
69708.50104463949
69708.50104463949
69708.50104463949
69708.50104463949
69708.50104463949
69708.50104463949
69708.50104463949
69708.50104463949
67338.9517569984
67338.9517569984
67338.9517569984
67338.9517569984
67338.9517569984
67338.9517569984
67338.9517569984
67338.9517569984
67338.9517569984
67338.9517569984
67338.9517569984
67338.9517569984
67338.9517569984
67338.9517569984
67338.9517569984
67338.9517569984
67338.9517569984
67338.9517569984
67338.9517569984
67338.9517569984
67338.9517569984
67338.9517569984
67338.9517569984
67338.9517569984
67338.9517569984
67338.9517569984
67338.9517569984
67338.9517569984
67338.9517569984
67338.9517569984
67338.9517569984
67338.9517569984
67338.9517569984
67064.74405637702
67064.74405637702
67064.74405637702
67064.74405637702
67064.74405637702
67064.74405637702
67064.74405637702
67064.74405637702
67064.74405637702
67064.74405637702
67064.74405637702
67064.74405637702
67064.74405637702
67064.74405637702
67064.74405637702
67064.74405637702
67064.74405637702
67064.74405637702
67064.74405637702
67064.74405637702
67064.74405637702
67064.74405637702
67064.74405637702
67064.74405637702
67064.74405637702
67064.74405637702
66380.59009247286
66380.59009247286
66380.59009247286
66380.59009247286
66380.59009247286
66380.59009247286
66380.59009247286
66380.59009247286
Time: 2.272496461868286 seconds 
Best solution: 66380.59009247286 [28, 29, 97, 84, 73, 70, 66, 101, 99, 102, 92, 58, 33, 36, 80, 44, 8, 69, 27, 74, 94, 12, 16, 59, 46, 18, 88, 57, 7, 35, 103, 79, 14, 93, 23, 45, 71, 11, 39, 31, 68, 67, 19, 77, 22, 10, 53, 38, 32, 41, 55, 43, 2, 4, 51, 13, 75, 30, 52, 21, 81, 82, 34, 65, 3, 85, 96, 72, 1, 105, 15, 20, 90, 49, 26, 86, 48, 5, 40, 17, 76, 6, 42, 104, 62, 63, 78, 24, 89, 61, 60, 91, 98, 87, 95, 100, 83, 64, 54, 47, 25, 37, 9, 56, 50]
Avg solution: 78386.16445482761