Alg:2, Run: 2, file: C:\Users\gabri\Documents\AN 3 SEM 2\AI\Lab\Lab3\\lin105.tsp, population number: 100, generations: 500 
108855.587694029
105112.8420977665
105112.8420977665
105112.8420977665
105112.8420977665
104413.05909432405
104413.05909432405
104413.05909432405
104413.05909432405
101042.53919351488
101042.53919351488
100388.86515711079
100388.86515711079
100388.86515711079
100388.86515711079
100388.86515711079
100388.86515711079
99294.37520774548
99294.37520774548
99294.37520774548
99294.37520774548
99294.37520774548
99294.37520774548
98615.18931127619
98615.18931127619
95827.0625753881
95827.0625753881
95827.0625753881
95827.0625753881
95740.03630549995
95740.03630549995
95740.03630549995
95740.03630549995
91626.97604887086
91626.97604887086
91626.97604887086
91626.97604887086
91626.97604887086
91626.97604887086
91626.97604887086
91626.97604887086
91626.97604887086
91626.97604887086
91626.97604887086
91626.97604887086
91626.97604887086
91626.97604887086
91626.97604887086
91626.97604887086
91626.97604887086
91626.97604887086
91626.97604887086
91626.97604887086
91626.97604887086
91626.97604887086
91626.97604887086
91626.97604887086
89924.39545368517
89924.39545368517
89924.39545368517
87651.21263477791
87651.21263477791
87651.21263477791
87651.21263477791
87651.21263477791
87651.21263477791
87651.21263477791
87651.21263477791
87651.21263477791
87651.21263477791
87651.21263477791
87651.21263477791
87651.21263477791
87651.21263477791
83706.59978530528
83706.59978530528
83706.59978530528
83706.59978530528
83706.59978530528
83706.59978530528
83706.59978530528
83706.59978530528
83706.59978530528
83706.59978530528
83706.59978530528
83706.59978530528
83706.59978530528
83706.59978530528
83706.59978530528
83706.59978530528
83706.59978530528
83706.59978530528
83706.59978530528
83706.59978530528
83706.59978530528
83706.59978530528
83706.59978530528
83706.59978530528
83706.59978530528
82675.48163744148
82675.48163744148
82675.48163744148
82675.48163744148
82675.48163744148
82675.48163744148
82675.48163744148
82439.28806435158
82439.28806435158
82439.28806435158
82439.28806435158
81803.5039430639
81803.5039430639
81803.5039430639
80639.02100617708
80639.02100617708
80639.02100617708
80639.02100617708
80639.02100617708
80639.02100617708
80639.02100617708
80639.02100617708
80639.02100617708
80639.02100617708
80639.02100617708
80639.02100617708
80639.02100617708
80639.02100617708
80639.02100617708
80639.02100617708
80639.02100617708
80639.02100617708
77812.84041414381
77812.84041414381
77812.84041414381
77812.84041414381
77812.84041414381
77812.84041414381
77812.84041414381
77812.84041414381
77812.84041414381
77812.84041414381
77812.84041414381
77812.84041414381
77812.84041414381
77812.84041414381
77812.84041414381
75442.71030635525
75442.71030635525
75442.71030635525
75442.71030635525
75442.71030635525
75442.71030635525
75442.71030635525
75442.71030635525
75442.71030635525
75442.71030635525
75442.71030635525
75442.71030635525
75442.71030635525
75442.71030635525
75442.71030635525
75442.71030635525
75442.71030635525
75442.71030635525
75442.71030635525
75442.71030635525
75442.71030635525
75442.71030635525
75442.71030635525
75442.71030635525
75442.71030635525
75442.71030635525
75442.71030635525
75442.71030635525
75442.71030635525
75442.71030635525
75442.71030635525
75442.71030635525
75442.71030635525
75442.71030635525
75442.71030635525
75442.71030635525
75442.71030635525
75442.71030635525
75442.71030635525
75442.71030635525
75442.71030635525
75442.71030635525
75442.71030635525
75442.71030635525
75442.71030635525
75442.71030635525
75442.71030635525
73265.20398512547
73265.20398512547
73265.20398512547
73265.20398512547
73265.20398512547
73265.20398512547
73265.20398512547
73265.20398512547
73265.20398512547
73265.20398512547
73265.20398512547
73265.20398512547
73265.20398512547
73265.20398512547
73265.20398512547
73265.20398512547
73265.20398512547
73265.20398512547
73265.20398512547
73265.20398512547
73265.20398512547
73265.20398512547
73265.20398512547
73265.20398512547
73265.20398512547
73265.20398512547
73265.20398512547
73265.20398512547
72032.07406909086
72032.07406909086
72032.07406909086
72032.07406909086
72032.07406909086
72032.07406909086
72032.07406909086
72032.07406909086
72032.07406909086
72032.07406909086
72032.07406909086
72032.07406909086
72032.07406909086
72032.07406909086
72032.07406909086
72032.07406909086
72032.07406909086
72032.07406909086
72032.07406909086
72032.07406909086
72032.07406909086
72032.07406909086
72032.07406909086
72032.07406909086
72032.07406909086
72032.07406909086
72032.07406909086
72032.07406909086
72032.07406909086
72032.07406909086
72032.07406909086
72032.07406909086
72032.07406909086
72032.07406909086
72032.07406909086
70857.2700422433
70857.2700422433
70857.2700422433
70857.2700422433
70857.2700422433
70857.2700422433
70857.2700422433
70857.2700422433
70857.2700422433
70857.2700422433
70857.2700422433
70470.0031428051
70470.0031428051
70470.0031428051
70470.0031428051
70470.0031428051
70470.0031428051
70470.0031428051
70470.0031428051
70470.0031428051
69409.92365552967
69409.92365552967
69409.92365552967
69409.92365552967
69409.92365552967
69409.92365552967
69409.92365552967
69409.92365552967
69409.92365552967
69409.92365552967
69409.92365552967
69409.92365552967
69409.92365552967
69409.92365552967
69409.92365552967
69409.92365552967
69409.92365552967
69409.92365552967
69131.61754300805
69131.61754300805
69131.61754300805
69131.61754300805
69131.61754300805
69131.61754300805
69131.61754300805
69131.61754300805
69131.61754300805
69131.61754300805
69131.61754300805
69131.61754300805
69131.61754300805
69131.61754300805
69131.61754300805
69131.61754300805
69131.61754300805
69131.61754300805
68548.12925420358
68548.12925420358
68548.12925420358
68548.12925420358
68548.12925420358
68548.12925420358
68548.12925420358
68548.12925420358
68548.12925420358
68548.12925420358
68548.12925420358
65347.32345730627
65347.32345730627
65347.32345730627
65347.32345730627
65347.32345730627
65347.32345730627
65347.32345730627
65347.32345730627
65347.32345730627
65347.32345730627
65347.32345730627
65347.32345730627
65347.32345730627
65347.32345730627
65347.32345730627
65347.32345730627
65347.32345730627
65347.32345730627
65347.32345730627
65347.32345730627
65347.32345730627
64789.317215197865
64789.317215197865
64789.317215197865
64789.317215197865
64789.317215197865
64789.317215197865
64789.317215197865
64789.317215197865
64789.317215197865
64789.317215197865
64789.317215197865
64789.317215197865
64789.317215197865
64789.317215197865
64789.317215197865
64789.317215197865
64789.317215197865
64789.317215197865
64451.43647738275
64451.43647738275
64451.43647738275
64451.43647738275
64451.43647738275
64451.43647738275
64451.43647738275
64451.43647738275
64451.43647738275
64451.43647738275
64451.43647738275
64451.43647738275
64451.43647738275
64451.43647738275
64451.43647738275
64451.43647738275
64451.43647738275
64451.43647738275
64451.43647738275
64451.43647738275
64451.43647738275
64451.43647738275
64451.43647738275
64413.49928625493
64413.49928625493
64413.49928625493
64413.49928625493
64413.49928625493
64413.49928625493
64413.49928625493
64413.49928625493
64413.49928625493
64413.49928625493
64413.49928625493
64413.49928625493
64413.49928625493
64413.49928625493
64413.49928625493
64413.49928625493
64413.49928625493
64413.49928625493
64413.49928625493
64413.49928625493
64413.49928625493
64413.49928625493
64413.49928625493
64413.49928625493
64413.49928625493
64413.49928625493
64413.49928625493
64413.49928625493
63739.24279104766
63739.24279104766
63739.24279104766
63739.24279104766
63739.24279104766
63739.24279104766
63739.24279104766
63739.24279104766
63739.24279104766
63739.24279104766
63739.24279104766
63739.24279104766
63739.24279104766
62914.554442920096
62914.554442920096
62914.554442920096
62558.81571686031
62558.81571686031
62558.81571686031
62558.81571686031
62558.81571686031
62558.81571686031
62558.81571686031
62558.81571686031
62558.81571686031
62558.81571686031
62558.81571686031
62558.81571686031
61906.40725267989
61906.40725267989
61906.40725267989
61906.40725267989
61906.40725267989
61906.40725267989
61906.40725267989
61906.40725267989
61906.40725267989
61906.40725267989
61906.40725267989
61906.40725267989
61906.40725267989
61906.40725267989
61906.40725267989
61906.40725267989
61906.40725267989
61906.40725267989
61906.40725267989
61906.40725267989
61906.40725267989
61906.40725267989
61906.40725267989
61906.40725267989
61906.40725267989
61906.40725267989
61906.40725267989
61906.40725267989
61906.40725267989
61906.40725267989
61906.40725267989
61906.40725267989
61906.40725267989
61906.40725267989
61906.40725267989
61906.40725267989
61906.40725267989
61906.40725267989
61906.40725267989
61906.40725267989
61906.40725267989
61906.40725267989
61906.40725267989
61906.40725267989
61906.40725267989
61906.40725267989
61906.40725267989
60399.89104196905
60399.89104196905
60399.89104196905
60399.89104196905
60399.89104196905
60399.89104196905
60399.89104196905
60399.89104196905
60399.89104196905
60399.89104196905
60399.89104196905
60399.89104196905
Time: 2.2505059242248535 seconds 
Best solution: 60399.89104196905 [48, 26, 19, 10, 30, 54, 34, 37, 11, 22, 20, 28, 38, 46, 52, 65, 82, 69, 55, 73, 68, 83, 32, 98, 62, 67, 80, 61, 63, 51, 40, 24, 23, 36, 47, 21, 103, 31, 18, 59, 105, 58, 53, 56, 49, 16, 42, 2, 1, 17, 9, 8, 33, 41, 72, 79, 64, 71, 86, 75, 29, 7, 6, 12, 27, 4, 3, 15, 104, 43, 25, 35, 66, 89, 93, 88, 87, 81, 94, 95, 50, 57, 70, 76, 100, 97, 96, 92, 99, 91, 102, 101, 77, 85, 74, 78, 60, 44, 39, 13, 5, 14, 45, 90, 84]
Avg solution: 73757.10180739325