Alg:2, Run: 1, file: C:\Users\gabri\Documents\AN 3 SEM 2\AI\Lab\Lab3\\lin105.tsp, population number: 100, generations: 500 
108962.38140663707
105768.87897459777
105768.87897459777
105768.87897459777
105768.87897459777
104491.00653455095
104491.00653455095
104491.00653455095
104491.00653455095
100747.09110238502
100747.09110238502
100747.09110238502
100747.09110238502
100747.09110238502
100747.09110238502
100747.09110238502
100747.09110238502
98998.68595153924
98998.68595153924
98998.68595153924
98998.68595153924
98998.68595153924
98998.68595153924
98998.68595153924
98998.68595153924
98998.68595153924
98998.68595153924
98998.68595153924
98998.68595153924
98998.68595153924
97399.05153392642
94531.96294521223
94531.96294521223
94531.96294521223
94531.96294521223
94531.96294521223
94531.96294521223
94531.96294521223
94531.96294521223
94531.96294521223
94531.96294521223
94531.96294521223
94531.96294521223
94531.96294521223
94531.96294521223
94531.96294521223
94531.96294521223
94531.96294521223
94531.96294521223
94531.96294521223
94531.96294521223
94531.96294521223
94531.96294521223
92974.94336641842
92974.94336641842
92974.94336641842
92974.94336641842
92974.94336641842
92974.94336641842
92974.94336641842
92974.94336641842
92974.94336641842
92974.94336641842
92974.94336641842
92974.94336641842
88484.04912822785
88484.04912822785
88484.04912822785
88484.04912822785
88484.04912822785
88484.04912822785
88484.04912822785
88484.04912822785
88484.04912822785
88484.04912822785
88484.04912822785
88484.04912822785
88484.04912822785
88484.04912822785
88484.04912822785
88484.04912822785
88484.04912822785
88484.04912822785
88484.04912822785
88484.04912822785
88484.04912822785
88484.04912822785
88484.04912822785
88484.04912822785
88484.04912822785
88484.04912822785
88484.04912822785
87101.9213474418
86827.56741626233
86827.56741626233
86827.56741626233
86827.56741626233
86827.56741626233
86827.56741626233
86827.56741626233
86827.56741626233
86827.56741626233
86827.56741626233
86827.56741626233
86827.56741626233
86827.56741626233
86827.56741626233
86827.56741626233
86827.56741626233
86827.56741626233
86827.56741626233
86827.56741626233
86827.56741626233
86827.56741626233
86827.56741626233
86827.56741626233
86827.56741626233
86827.56741626233
86827.56741626233
86827.56741626233
86827.56741626233
86827.56741626233
86827.56741626233
86827.56741626233
86600.96762838046
86600.96762838046
86600.96762838046
86142.42011674948
86142.42011674948
86142.42011674948
86142.42011674948
86142.42011674948
86142.42011674948
86142.42011674948
86142.42011674948
86142.42011674948
86142.42011674948
86142.42011674948
86142.42011674948
86142.42011674948
86142.42011674948
86142.42011674948
86142.42011674948
86142.42011674948
86142.42011674948
86142.42011674948
86142.42011674948
83087.94409803805
83087.94409803805
83087.94409803805
83087.94409803805
83087.94409803805
83087.94409803805
83087.94409803805
83087.94409803805
83087.94409803805
83087.94409803805
83087.94409803805
83087.94409803805
83087.94409803805
83087.94409803805
83087.94409803805
83087.94409803805
83087.94409803805
83087.94409803805
83087.94409803805
83087.94409803805
83087.94409803805
83087.94409803805
83087.94409803805
83087.94409803805
83087.94409803805
83087.94409803805
83087.94409803805
83087.94409803805
83087.94409803805
83087.94409803805
83087.94409803805
83087.94409803805
83087.94409803805
83087.94409803805
83087.94409803805
83087.94409803805
83087.94409803805
83087.94409803805
83087.94409803805
83087.94409803805
83087.94409803805
83087.94409803805
83087.94409803805
83087.94409803805
83087.94409803805
83087.94409803805
83087.94409803805
83087.94409803805
83087.94409803805
83087.94409803805
83087.94409803805
83087.94409803805
82856.7174100754
82856.7174100754
82856.7174100754
82856.7174100754
82856.7174100754
82856.7174100754
82856.7174100754
82856.7174100754
82856.7174100754
82856.7174100754
82856.7174100754
82856.7174100754
82856.7174100754
82856.7174100754
82856.7174100754
82856.7174100754
82856.7174100754
79813.90543444412
79813.90543444412
79813.90543444412
79813.90543444412
79813.90543444412
79813.90543444412
79813.90543444412
79813.90543444412
79813.90543444412
79813.90543444412
79813.90543444412
79813.90543444412
79813.90543444412
79813.90543444412
79813.90543444412
79813.90543444412
79813.90543444412
79813.90543444412
79813.90543444412
79813.90543444412
79813.90543444412
79813.90543444412
79813.90543444412
79813.90543444412
79813.90543444412
79813.90543444412
79813.90543444412
79813.90543444412
79813.90543444412
79813.90543444412
79813.90543444412
79813.90543444412
79813.90543444412
79813.90543444412
79813.90543444412
79813.90543444412
79813.90543444412
79813.90543444412
79813.90543444412
79813.90543444412
79813.90543444412
79813.90543444412
79813.90543444412
79813.90543444412
79813.90543444412
79813.90543444412
79813.90543444412
79813.90543444412
79813.90543444412
79813.90543444412
79813.90543444412
79813.90543444412
79813.90543444412
79813.90543444412
79813.90543444412
79813.90543444412
79813.90543444412
79813.90543444412
79813.90543444412
79813.90543444412
79813.90543444412
79813.90543444412
79813.90543444412
79813.90543444412
79813.90543444412
79813.90543444412
79813.90543444412
79813.90543444412
79813.90543444412
79813.90543444412
78113.276942051
78113.276942051
78113.276942051
78113.276942051
78113.276942051
78113.276942051
78113.276942051
78113.276942051
78113.276942051
78113.276942051
78113.276942051
78113.276942051
78113.276942051
77745.41911224749
77745.41911224749
77745.41911224749
77745.41911224749
77745.41911224749
77745.41911224749
77745.41911224749
77745.41911224749
77745.41911224749
77745.41911224749
77745.41911224749
77745.41911224749
77745.41911224749
77745.41911224749
77745.41911224749
77745.41911224749
77745.41911224749
77745.41911224749
77745.41911224749
77745.41911224749
77745.41911224749
77745.41911224749
77745.41911224749
77745.41911224749
77745.41911224749
77745.41911224749
77745.41911224749
77745.41911224749
77745.41911224749
77745.41911224749
77745.41911224749
77745.41911224749
77745.41911224749
77745.41911224749
77745.41911224749
77745.41911224749
77745.41911224749
77745.41911224749
77745.41911224749
77745.41911224749
77745.41911224749
77745.41911224749
77745.41911224749
77745.41911224749
77745.41911224749
77745.41911224749
77745.41911224749
77745.41911224749
77745.41911224749
77745.41911224749
77745.41911224749
76570.82974602249
76570.82974602249
76570.82974602249
76570.82974602249
76570.82974602249
76570.82974602249
75745.90856708295
75745.90856708295
75745.90856708295
75745.90856708295
75745.90856708295
75745.90856708295
75745.90856708295
75745.90856708295
75745.90856708295
75745.90856708295
75745.90856708295
75745.90856708295
75745.90856708295
75745.90856708295
75745.90856708295
75745.90856708295
75745.90856708295
75745.90856708295
75745.90856708295
75745.90856708295
72631.00560527247
72631.00560527247
72631.00560527247
72631.00560527247
72631.00560527247
72631.00560527247
72631.00560527247
72631.00560527247
72631.00560527247
72631.00560527247
72631.00560527247
72631.00560527247
72631.00560527247
71406.40233119491
71406.40233119491
71406.40233119491
68736.4489760492
68736.4489760492
68736.4489760492
68736.4489760492
68736.4489760492
68736.4489760492
68736.4489760492
68736.4489760492
68736.4489760492
68736.4489760492
68736.4489760492
68736.4489760492
68736.4489760492
68736.4489760492
68736.4489760492
68736.4489760492
68736.4489760492
68736.4489760492
68736.4489760492
68736.4489760492
68736.4489760492
68736.4489760492
68736.4489760492
68736.4489760492
68736.4489760492
68736.4489760492
68736.4489760492
68736.4489760492
68736.4489760492
68736.4489760492
68736.4489760492
68736.4489760492
68736.4489760492
68736.4489760492
68736.4489760492
68736.4489760492
68736.4489760492
68736.4489760492
68736.4489760492
68736.4489760492
68736.4489760492
68736.4489760492
68116.0358707715
68116.0358707715
68116.0358707715
68116.0358707715
68116.0358707715
68116.0358707715
68116.0358707715
68116.0358707715
68116.0358707715
68116.0358707715
68116.0358707715
68116.0358707715
68116.0358707715
68116.0358707715
68116.0358707715
68116.0358707715
68116.0358707715
68116.0358707715
68116.0358707715
68116.0358707715
68116.0358707715
68116.0358707715
68116.0358707715
68116.0358707715
68116.0358707715
68116.0358707715
68116.0358707715
68116.0358707715
68116.0358707715
68116.0358707715
68116.0358707715
68116.0358707715
68116.0358707715
68116.0358707715
68116.0358707715
68116.0358707715
68116.0358707715
68116.0358707715
68116.0358707715
68116.0358707715
67480.17500145304
67480.17500145304
67480.17500145304
67480.17500145304
67474.50066832485
67094.98949889172
67094.98949889172
67094.98949889172
67094.98949889172
67094.98949889172
67094.98949889172
67094.98949889172
67094.98949889172
67094.98949889172
67094.98949889172
67094.98949889172
67094.98949889172
67094.98949889172
67094.98949889172
67094.98949889172
67094.98949889172
67094.98949889172
67094.98949889172
65778.36256509087
63925.86116467323
63925.86116467323
Time: 2.2690346240997314 seconds 
Best solution: 63925.86116467323 [43, 59, 41, 53, 61, 39, 46, 81, 83, 80, 56, 6, 2, 51, 65, 19, 60, 17, 20, 34, 7, 16, 23, 49, 86, 12, 30, 22, 103, 24, 38, 58, 73, 32, 37, 66, 42, 62, 28, 36, 89, 70, 67, 98, 57, 63, 76, 69, 21, 94, 88, 87, 105, 90, 4, 95, 13, 15, 27, 10, 33, 99, 71, 64, 74, 47, 100, 82, 72, 101, 52, 9, 1, 3, 29, 55, 54, 104, 31, 50, 68, 78, 92, 102, 97, 91, 96, 85, 79, 93, 75, 77, 84, 40, 48, 45, 25, 44, 26, 8, 18, 11, 14, 5, 35]
Avg solution: 80531.8254635938