Alg:2, Run: 9, file: C:\Users\gabri\Documents\AN 3 SEM 2\AI\Lab\Lab3\\lin105.tsp, population number: 100, generations: 500 
108010.0055674596
108010.0055674596
106092.34175578732
105719.28557768196
105719.28557768196
105719.28557768196
105220.9011415346
105220.9011415346
105220.9011415346
105220.9011415346
105220.9011415346
95685.01310043165
95685.01310043165
95685.01310043165
95685.01310043165
95685.01310043165
95685.01310043165
95685.01310043165
95685.01310043165
95685.01310043165
95685.01310043165
95685.01310043165
95685.01310043165
95685.01310043165
95685.01310043165
95685.01310043165
95685.01310043165
95685.01310043165
95685.01310043165
95685.01310043165
95685.01310043165
95685.01310043165
95685.01310043165
95685.01310043165
95685.01310043165
95685.01310043165
95685.01310043165
95685.01310043165
95685.01310043165
95685.01310043165
95685.01310043165
95685.01310043165
95685.01310043165
95242.22947933346
95242.22947933346
95242.22947933346
95242.22947933346
95242.22947933346
95242.22947933346
92365.87487334193
92365.87487334193
92365.87487334193
92365.87487334193
92365.87487334193
92365.87487334193
92365.87487334193
92365.87487334193
92365.87487334193
92365.87487334193
92365.87487334193
92365.87487334193
92365.87487334193
92365.87487334193
92365.87487334193
92365.87487334193
92365.87487334193
90207.29057738482
90207.29057738482
90207.29057738482
90207.29057738482
90207.29057738482
90207.29057738482
90207.29057738482
90207.29057738482
90207.29057738482
90207.29057738482
90207.29057738482
90207.29057738482
90207.29057738482
90207.29057738482
90207.29057738482
87201.39384499546
87201.39384499546
87201.39384499546
87201.39384499546
87201.39384499546
87201.39384499546
87201.39384499546
87201.39384499546
87201.39384499546
87201.39384499546
87201.39384499546
87201.39384499546
87201.39384499546
87201.39384499546
87201.39384499546
87201.39384499546
87201.39384499546
87201.39384499546
87201.39384499546
87201.39384499546
87201.39384499546
86036.66485118664
86036.66485118664
86036.66485118664
86036.66485118664
86036.66485118664
86036.66485118664
86036.66485118664
86036.66485118664
86036.66485118664
86036.66485118664
86036.66485118664
86036.66485118664
86036.66485118664
86036.66485118664
86036.66485118664
86036.66485118664
86036.66485118664
86036.66485118664
86036.66485118664
86036.66485118664
86036.66485118664
86036.66485118664
86036.66485118664
85182.22107698616
85182.22107698616
85182.22107698616
85182.22107698616
85182.22107698616
85182.22107698616
85182.22107698616
85182.22107698616
85182.22107698616
85182.22107698616
85182.22107698616
85182.22107698616
85182.22107698616
85182.22107698616
85182.22107698616
85182.22107698616
85182.22107698616
85182.22107698616
85182.22107698616
85182.22107698616
85182.22107698616
85182.22107698616
85182.22107698616
85182.22107698616
82288.55973001626
82288.55973001626
82288.55973001626
82288.55973001626
82288.55973001626
82288.55973001626
82288.55973001626
82288.55973001626
82288.55973001626
82288.55973001626
82288.55973001626
82288.55973001626
82288.55973001626
82288.55973001626
82288.55973001626
82288.55973001626
80336.11905069904
80336.11905069904
80336.11905069904
80336.11905069904
80336.11905069904
80336.11905069904
80336.11905069904
80336.11905069904
80336.11905069904
80336.11905069904
80336.11905069904
80336.11905069904
80336.11905069904
80336.11905069904
80336.11905069904
80336.11905069904
80336.11905069904
80336.11905069904
80336.11905069904
80336.11905069904
80336.11905069904
80336.11905069904
80336.11905069904
80336.11905069904
80336.11905069904
80336.11905069904
80336.11905069904
80336.11905069904
80336.11905069904
80336.11905069904
80336.11905069904
80336.11905069904
80336.11905069904
80336.11905069904
80336.11905069904
80336.11905069904
80336.11905069904
80336.11905069904
80336.11905069904
80336.11905069904
80336.11905069904
80336.11905069904
80336.11905069904
80336.11905069904
80336.11905069904
80336.11905069904
80336.11905069904
80336.11905069904
80336.11905069904
80336.11905069904
80336.11905069904
80336.11905069904
79643.26432305783
79643.26432305783
79643.26432305783
79643.26432305783
79643.26432305783
79643.26432305783
79643.26432305783
79643.26432305783
79643.26432305783
79643.26432305783
79643.26432305783
79643.26432305783
79643.26432305783
79643.26432305783
79643.26432305783
79643.26432305783
79643.26432305783
79643.26432305783
79643.26432305783
79643.26432305783
79643.26432305783
79643.26432305783
79643.26432305783
78044.28372503095
78044.28372503095
78044.28372503095
78044.28372503095
78044.28372503095
78044.28372503095
78044.28372503095
78044.28372503095
78044.28372503095
78044.28372503095
78044.28372503095
76990.5722102773
76990.5722102773
76990.5722102773
76990.5722102773
76990.5722102773
76990.5722102773
76990.5722102773
76990.5722102773
76990.5722102773
76990.5722102773
76990.5722102773
76990.5722102773
76990.5722102773
76990.5722102773
76990.5722102773
76990.5722102773
76990.5722102773
76990.5722102773
76990.5722102773
76990.5722102773
76990.5722102773
76990.5722102773
76990.5722102773
76990.5722102773
74909.30302091788
74909.30302091788
74909.30302091788
74909.30302091788
74909.30302091788
74909.30302091788
74909.30302091788
74909.30302091788
74909.30302091788
74909.30302091788
74909.30302091788
74909.30302091788
74909.30302091788
74909.30302091788
74909.30302091788
74909.30302091788
74909.30302091788
74225.72202177705
74225.72202177705
74225.72202177705
74225.72202177705
74225.72202177705
74225.72202177705
74225.72202177705
74225.72202177705
74225.72202177705
74225.72202177705
72517.01731331919
72517.01731331919
72517.01731331919
72517.01731331919
72517.01731331919
72517.01731331919
72517.01731331919
72517.01731331919
72517.01731331919
72517.01731331919
72517.01731331919
72517.01731331919
72517.01731331919
72517.01731331919
72517.01731331919
72517.01731331919
72517.01731331919
72517.01731331919
72517.01731331919
72517.01731331919
71452.27243093534
71452.27243093534
71452.27243093534
71452.27243093534
71452.27243093534
71452.27243093534
71452.27243093534
71452.27243093534
71452.27243093534
71452.27243093534
71452.27243093534
71452.27243093534
71452.27243093534
71452.27243093534
71452.27243093534
71452.27243093534
71452.27243093534
71452.27243093534
71452.27243093534
71452.27243093534
71452.27243093534
71452.27243093534
71452.27243093534
71452.27243093534
71452.27243093534
71452.27243093534
71452.27243093534
71452.27243093534
71452.27243093534
71452.27243093534
71452.27243093534
71452.27243093534
70701.09721135028
70701.09721135028
70701.09721135028
70701.09721135028
70701.09721135028
70701.09721135028
70701.09721135028
70701.09721135028
70701.09721135028
70701.09721135028
69866.60223838258
69866.60223838258
69866.60223838258
69866.60223838258
69866.60223838258
69866.60223838258
69866.60223838258
69866.60223838258
69866.60223838258
69866.60223838258
69866.60223838258
69866.60223838258
69866.60223838258
69866.60223838258
69866.60223838258
69866.60223838258
69866.60223838258
69866.60223838258
69866.60223838258
69866.60223838258
69866.60223838258
69866.60223838258
69866.60223838258
69866.60223838258
69866.60223838258
69866.60223838258
69866.60223838258
69866.60223838258
69866.60223838258
69866.60223838258
69866.60223838258
69866.60223838258
69866.60223838258
69866.60223838258
69866.60223838258
69866.60223838258
69866.60223838258
69866.60223838258
69866.60223838258
69866.60223838258
69866.60223838258
69866.60223838258
69866.60223838258
69866.60223838258
69866.60223838258
69866.60223838258
69866.60223838258
69866.60223838258
69866.60223838258
69866.60223838258
69866.60223838258
69866.60223838258
69866.60223838258
69866.60223838258
68341.26176186866
68341.26176186866
68307.3535579269
68307.3535579269
68307.3535579269
68307.3535579269
68307.3535579269
68307.3535579269
68307.3535579269
68307.3535579269
68307.3535579269
68307.3535579269
68307.3535579269
67257.81177920147
67257.81177920147
67257.81177920147
67257.81177920147
67219.21645473533
67219.21645473533
67219.21645473533
67219.21645473533
67219.21645473533
67219.21645473533
67219.21645473533
67219.21645473533
67219.21645473533
67219.21645473533
67219.21645473533
67219.21645473533
67219.21645473533
67219.21645473533
67219.21645473533
67219.21645473533
67219.21645473533
67219.21645473533
67219.21645473533
67219.21645473533
67219.21645473533
67219.21645473533
67219.21645473533
67219.21645473533
67219.21645473533
67219.21645473533
67219.21645473533
67219.21645473533
67219.21645473533
67219.21645473533
67219.21645473533
67219.21645473533
67219.21645473533
67219.21645473533
67219.21645473533
67219.21645473533
67219.21645473533
67219.21645473533
67219.21645473533
67219.21645473533
67219.21645473533
67219.21645473533
67219.21645473533
67219.21645473533
67219.21645473533
67219.21645473533
67219.21645473533
67219.21645473533
66711.70086820559
66711.70086820559
66711.70086820559
66711.70086820559
66711.70086820559
66469.09242791256
66469.09242791256
66469.09242791256
66469.09242791256
66469.09242791256
66469.09242791256
66469.09242791256
66469.09242791256
66469.09242791256
66469.09242791256
65697.00406655499
64897.985240784255
Time: 2.17500901222229 seconds 
Best solution: 64897.985240784255 [83, 84, 85, 101, 55, 105, 57, 76, 89, 90, 88, 42, 48, 45, 40, 18, 35, 11, 23, 10, 2, 12, 15, 103, 56, 4, 16, 21, 38, 17, 14, 39, 19, 82, 51, 37, 58, 27, 54, 81, 74, 80, 75, 69, 99, 63, 64, 91, 68, 92, 78, 44, 66, 87, 65, 100, 95, 94, 93, 61, 34, 49, 13, 46, 52, 50, 104, 5, 26, 1, 41, 31, 22, 24, 47, 33, 28, 25, 30, 20, 8, 59, 96, 97, 67, 86, 71, 77, 79, 73, 72, 102, 98, 70, 62, 53, 60, 43, 36, 32, 9, 3, 29, 6, 7]
Avg solution: 78706.944174032