Alg:2, Run: 6, file: C:\Users\gabri\Documents\AN 3 SEM 2\AI\Lab\Lab3\\lin105.tsp, population number: 100, generations: 500 
109964.08029281761
109789.598473107
109789.598473107
108375.23478423379
108375.23478423379
105961.33334371547
105961.33334371547
105577.02945780627
105577.02945780627
105244.98672390221
101507.29992780824
101507.29992780824
100600.67460303637
100189.60812653019
100189.60812653019
100189.60812653019
100189.60812653019
100189.60812653019
100189.60812653019
100189.60812653019
100189.60812653019
100069.96370312665
100069.96370312665
96899.57673043251
96899.57673043251
96899.57673043251
93101.68499727754
93101.68499727754
93101.68499727754
93101.68499727754
93101.68499727754
92204.87989393939
92204.87989393939
92204.87989393939
92204.87989393939
92204.87989393939
92204.87989393939
92204.87989393939
92204.87989393939
92204.87989393939
92204.87989393939
92204.87989393939
92204.87989393939
92204.87989393939
92204.87989393939
92204.87989393939
92204.87989393939
92204.87989393939
92204.87989393939
92204.87989393939
92204.87989393939
92204.87989393939
92204.87989393939
92204.87989393939
92204.87989393939
92204.87989393939
92204.87989393939
83977.2180721752
83977.2180721752
83977.2180721752
83977.2180721752
83977.2180721752
83977.2180721752
83977.2180721752
83977.2180721752
83977.2180721752
83977.2180721752
83977.2180721752
83977.2180721752
83977.2180721752
83977.2180721752
83977.2180721752
83977.2180721752
83977.2180721752
83977.2180721752
83977.2180721752
83977.2180721752
83977.2180721752
83977.2180721752
83977.2180721752
83977.2180721752
83977.2180721752
83977.2180721752
83977.2180721752
83977.2180721752
83977.2180721752
83977.2180721752
83977.2180721752
83977.2180721752
83977.2180721752
83977.2180721752
83977.2180721752
83977.2180721752
83977.2180721752
83977.2180721752
83977.2180721752
83977.2180721752
83977.2180721752
83977.2180721752
83977.2180721752
83977.2180721752
83977.2180721752
83977.2180721752
83977.2180721752
83977.2180721752
83977.2180721752
83977.2180721752
83977.2180721752
83977.2180721752
83977.2180721752
83977.2180721752
83977.2180721752
83977.2180721752
83977.2180721752
83977.2180721752
83977.2180721752
83977.2180721752
83977.2180721752
83977.2180721752
83977.2180721752
83977.2180721752
83977.2180721752
83977.2180721752
83977.2180721752
83977.2180721752
83977.2180721752
83977.2180721752
83977.2180721752
83049.07920801049
83049.07920801049
83049.07920801049
83049.07920801049
83049.07920801049
83049.07920801049
83049.07920801049
81266.15347312875
81266.15347312875
78879.073428597
78879.073428597
78879.073428597
78879.073428597
78879.073428597
78879.073428597
78879.073428597
78879.073428597
78879.073428597
78879.073428597
78879.073428597
78879.073428597
78879.073428597
78879.073428597
78879.073428597
78879.073428597
78879.073428597
78879.073428597
78879.073428597
78879.073428597
78879.073428597
78879.073428597
78879.073428597
78879.073428597
78879.073428597
78879.073428597
78879.073428597
78879.073428597
78879.073428597
78879.073428597
78879.073428597
78879.073428597
78879.073428597
78879.073428597
78879.073428597
78879.073428597
78879.073428597
78879.073428597
78879.073428597
78879.073428597
78879.073428597
78879.073428597
78879.073428597
78879.073428597
78879.073428597
78879.073428597
78879.073428597
78879.073428597
78879.073428597
78879.073428597
78879.073428597
78879.073428597
78754.1660293653
74736.14109723922
74736.14109723922
74736.14109723922
74736.14109723922
74736.14109723922
74736.14109723922
74736.14109723922
74736.14109723922
74736.14109723922
74736.14109723922
74736.14109723922
74736.14109723922
74736.14109723922
74736.14109723922
74736.14109723922
74736.14109723922
74736.14109723922
74120.94330074426
74120.94330074426
74120.94330074426
74120.94330074426
74120.94330074426
74120.94330074426
74120.94330074426
74120.94330074426
74120.94330074426
74120.94330074426
74120.94330074426
74120.94330074426
74120.94330074426
74120.94330074426
74120.94330074426
74120.94330074426
74120.94330074426
74120.94330074426
74120.94330074426
73882.01045851933
73455.37364971687
73455.37364971687
73455.37364971687
73455.37364971687
71493.46834824416
71493.46834824416
71493.46834824416
71493.46834824416
71493.46834824416
71493.46834824416
71493.46834824416
71493.46834824416
71493.46834824416
71493.46834824416
71493.46834824416
71493.46834824416
71493.46834824416
71493.46834824416
71493.46834824416
71318.33833218942
71318.33833218942
71318.33833218942
71318.33833218942
71318.33833218942
69577.1473553729
69577.1473553729
69577.1473553729
69577.1473553729
69577.1473553729
69577.1473553729
69577.1473553729
69577.1473553729
69577.1473553729
69577.1473553729
69577.1473553729
69577.1473553729
69577.1473553729
69577.1473553729
69577.1473553729
69577.1473553729
69577.1473553729
69577.1473553729
69577.1473553729
68744.82400196887
68744.82400196887
68744.82400196887
68744.82400196887
68744.82400196887
68744.82400196887
68744.82400196887
68744.82400196887
68744.82400196887
68744.82400196887
68744.82400196887
68744.82400196887
68744.82400196887
68744.82400196887
68744.82400196887
68744.82400196887
68058.60741101383
68058.60741101383
67587.1521886212
67587.1521886212
67587.1521886212
67587.1521886212
67587.1521886212
67587.1521886212
67587.1521886212
67587.1521886212
67587.1521886212
67587.1521886212
67587.1521886212
67587.1521886212
67587.1521886212
67587.1521886212
67587.1521886212
67587.1521886212
67587.1521886212
67587.1521886212
67587.1521886212
67587.1521886212
67587.1521886212
67587.1521886212
67103.12522324703
67103.12522324703
67103.12522324703
67103.12522324703
67103.12522324703
67103.12522324703
67103.12522324703
67103.12522324703
67103.12522324703
67103.12522324703
67103.12522324703
67103.12522324703
67103.12522324703
67103.12522324703
67103.12522324703
67103.12522324703
67103.12522324703
67103.12522324703
67103.12522324703
67103.12522324703
67103.12522324703
67103.12522324703
67103.12522324703
67103.12522324703
67103.12522324703
67103.12522324703
67103.12522324703
67103.12522324703
67103.12522324703
67103.12522324703
67103.12522324703
67103.12522324703
67103.12522324703
67039.20235893552
67039.20235893552
66990.68941732739
66990.68941732739
66990.68941732739
66990.68941732739
66990.68941732739
66990.68941732739
66990.68941732739
66990.68941732739
66990.68941732739
66496.30777526453
66215.26597566265
66215.26597566265
66215.26597566265
66215.26597566265
66215.26597566265
66215.26597566265
66215.26597566265
66215.26597566265
66215.26597566265
66215.26597566265
65966.98444772455
65966.98444772455
65966.98444772455
65966.98444772455
65966.98444772455
65688.5310964313
65688.5310964313
65688.5310964313
65688.5310964313
65688.5310964313
65688.5310964313
65688.5310964313
65688.5310964313
65688.5310964313
65688.5310964313
65688.5310964313
65688.5310964313
65688.5310964313
65688.5310964313
65688.5310964313
65688.5310964313
65688.5310964313
65688.5310964313
65688.5310964313
65688.5310964313
65688.5310964313
65688.5310964313
65688.5310964313
65688.5310964313
65688.5310964313
65688.5310964313
65688.5310964313
65587.83402853427
65587.83402853427
65587.83402853427
65587.83402853427
65587.83402853427
65587.83402853427
65587.83402853427
65587.83402853427
65587.83402853427
65587.83402853427
65587.83402853427
65587.83402853427
65587.83402853427
65587.83402853427
64374.96758652937
64374.96758652937
64374.96758652937
63715.06627827837
63715.06627827837
63715.06627827837
63715.06627827837
63715.06627827837
63715.06627827837
63715.06627827837
63715.06627827837
63715.06627827837
63715.06627827837
63715.06627827837
63715.06627827837
63715.06627827837
63715.06627827837
63715.06627827837
63715.06627827837
63715.06627827837
63715.06627827837
63715.06627827837
63715.06627827837
63715.06627827837
63715.06627827837
63715.06627827837
63715.06627827837
63715.06627827837
63715.06627827837
63715.06627827837
63715.06627827837
63715.06627827837
63715.06627827837
63715.06627827837
60898.47300581592
60898.47300581592
60898.47300581592
60898.47300581592
60898.47300581592
60898.47300581592
60898.47300581592
60898.47300581592
60898.47300581592
60898.47300581592
60898.47300581592
60898.47300581592
60898.47300581592
60898.47300581592
60898.47300581592
60898.47300581592
60898.47300581592
60898.47300581592
60898.47300581592
60898.47300581592
60898.47300581592
60898.47300581592
60898.47300581592
60898.47300581592
60898.47300581592
60898.47300581592
60898.47300581592
60898.47300581592
60898.47300581592
60898.47300581592
60898.47300581592
60898.47300581592
60898.47300581592
60898.47300581592
60898.47300581592
60898.47300581592
60898.47300581592
60898.47300581592
60898.47300581592
60898.47300581592
60898.47300581592
60898.47300581592
60898.47300581592
60898.47300581592
60898.47300581592
60898.47300581592
60898.47300581592
60898.47300581592
60898.47300581592
60898.47300581592
60898.47300581592
60898.47300581592
60898.47300581592
60898.47300581592
60898.47300581592
Time: 2.2045068740844727 seconds 
Best solution: 60898.47300581592 [88, 91, 93, 97, 92, 81, 86, 101, 96, 102, 54, 82, 24, 76, 16, 63, 83, 38, 51, 27, 28, 58, 19, 22, 18, 103, 41, 59, 100, 49, 52, 99, 78, 57, 14, 35, 64, 79, 6, 25, 2, 98, 12, 105, 15, 33, 75, 45, 62, 30, 36, 20, 48, 39, 66, 87, 77, 94, 60, 73, 23, 61, 7, 17, 13, 11, 46, 10, 31, 40, 104, 69, 26, 85, 4, 80, 43, 55, 42, 74, 95, 89, 71, 34, 67, 90, 29, 68, 37, 65, 1, 84, 8, 3, 47, 5, 21, 44, 32, 50, 9, 72, 70, 53, 56]
Avg solution: 74319.96519532012