Alg:2, Run: 3, file: C:\Users\gabri\Documents\AN 3 SEM 2\AI\Lab\Lab3\\lin105.tsp, population number: 100, generations: 500 
111626.01352979784
108011.09033218396
108011.09033218396
108011.09033218396
106774.27757283192
106774.27757283192
106774.27757283192
105001.02279600404
105001.02279600404
100449.34561860746
100449.34561860746
100449.34561860746
100449.34561860746
100449.34561860746
96478.14352119055
96478.14352119055
95589.64789403367
95589.64789403367
95589.64789403367
95589.64789403367
95589.64789403367
95525.49058273295
95525.49058273295
95525.49058273295
95525.49058273295
95525.49058273295
95525.49058273295
95525.49058273295
95525.49058273295
95525.49058273295
95525.49058273295
95411.51110268036
95411.51110268036
95411.51110268036
95411.51110268036
95411.51110268036
95010.2389968869
95010.2389968869
95010.2389968869
95010.2389968869
95010.2389968869
95010.2389968869
95010.2389968869
93662.07481954157
93662.07481954157
93662.07481954157
93662.07481954157
93662.07481954157
93662.07481954157
93662.07481954157
93662.07481954157
93662.07481954157
93662.07481954157
93662.07481954157
91351.36853777469
91351.36853777469
91351.36853777469
91351.36853777469
91351.36853777469
91351.36853777469
91351.36853777469
91351.36853777469
91351.36853777469
91351.36853777469
91351.36853777469
91351.36853777469
91351.36853777469
91351.36853777469
91351.36853777469
91351.36853777469
91351.36853777469
91351.36853777469
88902.64428138151
88902.64428138151
88902.64428138151
88902.64428138151
88902.64428138151
88902.64428138151
88902.64428138151
88902.64428138151
88902.64428138151
88902.64428138151
88902.64428138151
88902.64428138151
88902.64428138151
88902.64428138151
88902.64428138151
88902.64428138151
88902.64428138151
88902.64428138151
88902.64428138151
88407.47830806208
88407.47830806208
88407.47830806208
88407.47830806208
87071.73962100517
87071.73962100517
87071.73962100517
87071.73962100517
87071.73962100517
87071.73962100517
87071.73962100517
87071.73962100517
87071.73962100517
87071.73962100517
87071.73962100517
87071.73962100517
87071.73962100517
87071.73962100517
87071.73962100517
87071.73962100517
87071.73962100517
87071.73962100517
87071.73962100517
87071.73962100517
87071.73962100517
87071.73962100517
87038.21443291515
87038.21443291515
86197.08341907665
86197.08341907665
86197.08341907665
86197.08341907665
86197.08341907665
86197.08341907665
86197.08341907665
86197.08341907665
85300.61653299343
85300.61653299343
85300.61653299343
85300.61653299343
85300.61653299343
85300.61653299343
85300.61653299343
85300.61653299343
85300.61653299343
85300.61653299343
85300.61653299343
85300.61653299343
85300.61653299343
84557.15399322596
83475.49076456578
83475.49076456578
83475.49076456578
83475.49076456578
83475.49076456578
83475.49076456578
83475.49076456578
83475.49076456578
83475.49076456578
83475.49076456578
83475.49076456578
83475.49076456578
83475.49076456578
83475.49076456578
83475.49076456578
83475.49076456578
83475.49076456578
83475.49076456578
83225.09258508994
83225.09258508994
83225.09258508994
83225.09258508994
83225.09258508994
83225.09258508994
83225.09258508994
83225.09258508994
83225.09258508994
83225.09258508994
83225.09258508994
83225.09258508994
83225.09258508994
83225.09258508994
83225.09258508994
80906.20245888815
80906.20245888815
80906.20245888815
80906.20245888815
80906.20245888815
80906.20245888815
80906.20245888815
80906.20245888815
80906.20245888815
80906.20245888815
80906.20245888815
80906.20245888815
80906.20245888815
80906.20245888815
80906.20245888815
80906.20245888815
80906.20245888815
80906.20245888815
80906.20245888815
80906.20245888815
80906.20245888815
80906.20245888815
80906.20245888815
80906.20245888815
80906.20245888815
80906.20245888815
80906.20245888815
80906.20245888815
80906.20245888815
80154.39639794713
80154.39639794713
80154.39639794713
80154.39639794713
80154.39639794713
80154.39639794713
80154.39639794713
80154.39639794713
80154.39639794713
80154.39639794713
80154.39639794713
80154.39639794713
80154.39639794713
80154.39639794713
80154.39639794713
80154.39639794713
80154.39639794713
80154.39639794713
79181.83731552436
79181.83731552436
79181.83731552436
79181.83731552436
79107.85042061527
79107.85042061527
79107.85042061527
79107.85042061527
79107.85042061527
79107.85042061527
79107.85042061527
79107.85042061527
79107.85042061527
78925.40933648983
78925.40933648983
78925.40933648983
78925.40933648983
78925.40933648983
78925.40933648983
78925.40933648983
78925.40933648983
78925.40933648983
78925.40933648983
78925.40933648983
78925.40933648983
78372.19374799966
78372.19374799966
78372.19374799966
78372.19374799966
78372.19374799966
78372.19374799966
78372.19374799966
78372.19374799966
78372.19374799966
78372.19374799966
78372.19374799966
78372.19374799966
78372.19374799966
78372.19374799966
78372.19374799966
78372.19374799966
78372.19374799966
78372.19374799966
78372.19374799966
78372.19374799966
78372.19374799966
78372.19374799966
78372.19374799966
78372.19374799966
78372.19374799966
78372.19374799966
78372.19374799966
78372.19374799966
78372.19374799966
78372.19374799966
78372.19374799966
78372.19374799966
78372.19374799966
78372.19374799966
78372.19374799966
78372.19374799966
78372.19374799966
78372.19374799966
78372.19374799966
78372.19374799966
78372.19374799966
78372.19374799966
78352.92670940353
78352.92670940353
78352.92670940353
78352.92670940353
78011.38990978026
78011.38990978026
78011.38990978026
78011.38990978026
78011.38990978026
78011.38990978026
78011.38990978026
78011.38990978026
78011.38990978026
78011.38990978026
75341.41284051939
75341.41284051939
75341.41284051939
75341.41284051939
75341.41284051939
75341.41284051939
75341.41284051939
72363.62606584687
72363.62606584687
72363.62606584687
72363.62606584687
72363.62606584687
72363.62606584687
72363.62606584687
72363.62606584687
71872.23885816075
71872.23885816075
71872.23885816075
71872.23885816075
71872.23885816075
71872.23885816075
71872.23885816075
71872.23885816075
71872.23885816075
71872.23885816075
71872.23885816075
71872.23885816075
71872.23885816075
71872.23885816075
71872.23885816075
71872.23885816075
71872.23885816075
71872.23885816075
71872.23885816075
71872.23885816075
71872.23885816075
71872.23885816075
71872.23885816075
71872.23885816075
71872.23885816075
71872.23885816075
71872.23885816075
71580.97771289623
71580.97771289623
71580.97771289623
71580.97771289623
71580.97771289623
71580.97771289623
71580.97771289623
71580.97771289623
71580.97771289623
69882.12159059374
69882.12159059374
69882.12159059374
69882.12159059374
69882.12159059374
69882.12159059374
69882.12159059374
69882.12159059374
69882.12159059374
69882.12159059374
69882.12159059374
69882.12159059374
69882.12159059374
69882.12159059374
69882.12159059374
69882.12159059374
69882.12159059374
69882.12159059374
69882.12159059374
69882.12159059374
69882.12159059374
69882.12159059374
69882.12159059374
69741.58599178428
68870.03759764566
68870.03759764566
68870.03759764566
68870.03759764566
68870.03759764566
68870.03759764566
68870.03759764566
68870.03759764566
68870.03759764566
68870.03759764566
68870.03759764566
68870.03759764566
68870.03759764566
68870.03759764566
68870.03759764566
68870.03759764566
68870.03759764566
68870.03759764566
68870.03759764566
68870.03759764566
68870.03759764566
68682.29923006769
68682.29923006769
68682.29923006769
68682.29923006769
68682.29923006769
68682.29923006769
67090.09165813061
67090.09165813061
67090.09165813061
67090.09165813061
67090.09165813061
67090.09165813061
67090.09165813061
67090.09165813061
67090.09165813061
67090.09165813061
67090.09165813061
67090.09165813061
67090.09165813061
67090.09165813061
67090.09165813061
67090.09165813061
67090.09165813061
67090.09165813061
67090.09165813061
67090.09165813061
67090.09165813061
67090.09165813061
67090.09165813061
67090.09165813061
67090.09165813061
67090.09165813061
67090.09165813061
67090.09165813061
67090.09165813061
67090.09165813061
67090.09165813061
67090.09165813061
67090.09165813061
67090.09165813061
67090.09165813061
67090.09165813061
67090.09165813061
67090.09165813061
67090.09165813061
67090.09165813061
67090.09165813061
67090.09165813061
67090.09165813061
67090.09165813061
67090.09165813061
67090.09165813061
67090.09165813061
67090.09165813061
67090.09165813061
67090.09165813061
67090.09165813061
67090.09165813061
67090.09165813061
67090.09165813061
67090.09165813061
67090.09165813061
67090.09165813061
67090.09165813061
67090.09165813061
67090.09165813061
67090.09165813061
67090.09165813061
67090.09165813061
67090.09165813061
67090.09165813061
67090.09165813061
67090.09165813061
67090.09165813061
67090.09165813061
67090.09165813061
67090.09165813061
67090.09165813061
67090.09165813061
67090.09165813061
67090.09165813061
67090.09165813061
67090.09165813061
67090.09165813061
67090.09165813061
67090.09165813061
67090.09165813061
67090.09165813061
66940.4441113465
66940.4441113465
66940.4441113465
66940.4441113465
66940.4441113465
66940.4441113465
66876.93994211317
66876.93994211317
66876.93994211317
66876.93994211317
66876.93994211317
66876.93994211317
66876.93994211317
66876.93994211317
Time: 2.3555428981781006 seconds 
Best solution: 66876.93994211317 [32, 51, 49, 41, 65, 53, 14, 58, 81, 74, 84, 63, 46, 72, 44, 40, 82, 62, 89, 55, 70, 105, 57, 4, 13, 20, 29, 21, 15, 37, 34, 18, 16, 43, 50, 88, 76, 69, 80, 66, 75, 97, 102, 60, 98, 27, 28, 73, 54, 48, 56, 78, 91, 5, 22, 77, 47, 68, 8, 6, 36, 79, 17, 86, 83, 12, 45, 10, 3, 71, 93, 1, 59, 90, 94, 95, 100, 87, 96, 101, 99, 92, 67, 11, 2, 30, 19, 103, 33, 31, 25, 26, 23, 52, 64, 85, 61, 39, 38, 7, 24, 9, 42, 35, 104]
Avg solution: 78984.15480391729