Alg:2, Run: 8, file: C:\Users\gabri\Documents\AN 3 SEM 2\AI\Lab\Lab3\\lin105.tsp, population number: 100, generations: 500 
110106.95787076144
105981.25087624529
105981.25087624529
105981.25087624529
105981.25087624529
105883.71361448703
101802.79465477183
101802.79465477183
101802.79465477183
101802.79465477183
101802.79465477183
101802.79465477183
101802.79465477183
101802.79465477183
101802.79465477183
99536.28102020574
99536.28102020574
99536.28102020574
99536.28102020574
99536.28102020574
99536.28102020574
99536.28102020574
99536.28102020574
99536.28102020574
99536.28102020574
99536.28102020574
98373.23071851656
98373.23071851656
98373.23071851656
98001.13703182373
98001.13703182373
97478.30148129468
97478.30148129468
97478.30148129468
94335.43608407193
94335.43608407193
94335.43608407193
94335.43608407193
94335.43608407193
94335.43608407193
94335.43608407193
94335.43608407193
94335.43608407193
94335.43608407193
94335.43608407193
94335.43608407193
94335.43608407193
94335.43608407193
94335.43608407193
92196.41353712152
92196.41353712152
92196.41353712152
92196.41353712152
92196.41353712152
92196.41353712152
87588.07209611533
87588.07209611533
87588.07209611533
87588.07209611533
87588.07209611533
87588.07209611533
87588.07209611533
87588.07209611533
87588.07209611533
87588.07209611533
87588.07209611533
87588.07209611533
87588.07209611533
87588.07209611533
87588.07209611533
87588.07209611533
87588.07209611533
87588.07209611533
87588.07209611533
87588.07209611533
87588.07209611533
87588.07209611533
87588.07209611533
87588.07209611533
87588.07209611533
87588.07209611533
87588.07209611533
84203.69018168768
84203.69018168768
84203.69018168768
84203.69018168768
84203.69018168768
84203.69018168768
84203.69018168768
84203.69018168768
84203.69018168768
84203.69018168768
84203.69018168768
84203.69018168768
84203.69018168768
84203.69018168768
84203.69018168768
84203.69018168768
83689.59975479312
83689.59975479312
83689.59975479312
83689.59975479312
83689.59975479312
83689.59975479312
83689.59975479312
83689.59975479312
83689.59975479312
83689.59975479312
82226.29125743565
82226.29125743565
82226.29125743565
82226.29125743565
82226.29125743565
82226.29125743565
82226.29125743565
82226.29125743565
82226.29125743565
82226.29125743565
82226.29125743565
80605.51479918395
80605.51479918395
80605.51479918395
80605.51479918395
80605.51479918395
80605.51479918395
80605.51479918395
80605.51479918395
80605.51479918395
80605.51479918395
80605.51479918395
80605.51479918395
80605.51479918395
80605.51479918395
80605.51479918395
80605.51479918395
80605.51479918395
80605.51479918395
80605.51479918395
80605.51479918395
80605.51479918395
80605.51479918395
80605.51479918395
80605.51479918395
80605.51479918395
80605.51479918395
80056.33191288017
78166.43735909356
78166.43735909356
78166.43735909356
78166.43735909356
78166.43735909356
78166.43735909356
78166.43735909356
78166.43735909356
78166.43735909356
78166.43735909356
78166.43735909356
78166.43735909356
78166.43735909356
78166.43735909356
78166.43735909356
78166.43735909356
78166.43735909356
78166.43735909356
78166.43735909356
78166.43735909356
78166.43735909356
78166.43735909356
78166.43735909356
78166.43735909356
78166.43735909356
78166.43735909356
78166.43735909356
78166.43735909356
78166.43735909356
78166.43735909356
78166.43735909356
78166.43735909356
78166.43735909356
78166.43735909356
78166.43735909356
78166.43735909356
78166.43735909356
78166.43735909356
78166.43735909356
78166.43735909356
78166.43735909356
78166.43735909356
78166.43735909356
78166.43735909356
78166.43735909356
78166.43735909356
78166.43735909356
78166.43735909356
78166.43735909356
78166.43735909356
78166.43735909356
78166.43735909356
78166.43735909356
78166.43735909356
78166.43735909356
78166.43735909356
78166.43735909356
78166.43735909356
78166.43735909356
78166.43735909356
78166.43735909356
78166.43735909356
78166.43735909356
78166.43735909356
75145.14142959857
75145.14142959857
75145.14142959857
75145.14142959857
75145.14142959857
75145.14142959857
75145.14142959857
75145.14142959857
75145.14142959857
75145.14142959857
75145.14142959857
75145.14142959857
74044.21682866628
74044.21682866628
74044.21682866628
74044.21682866628
74044.21682866628
74044.21682866628
70511.3566824236
70511.3566824236
70511.3566824236
70511.3566824236
70511.3566824236
70511.3566824236
70511.3566824236
70511.3566824236
70511.3566824236
70511.3566824236
70511.3566824236
70511.3566824236
70511.3566824236
70511.3566824236
70511.3566824236
70511.3566824236
70511.3566824236
70511.3566824236
70511.3566824236
70511.3566824236
70511.3566824236
70511.3566824236
70511.3566824236
70511.3566824236
70511.3566824236
70511.3566824236
70511.3566824236
70511.3566824236
70511.3566824236
70511.3566824236
70511.3566824236
70511.3566824236
70511.3566824236
70511.3566824236
70511.3566824236
70511.3566824236
70511.3566824236
70511.3566824236
70511.3566824236
70511.3566824236
70511.3566824236
70511.3566824236
70511.3566824236
70511.3566824236
70511.3566824236
70511.3566824236
70511.3566824236
70511.3566824236
70511.3566824236
70511.3566824236
70511.3566824236
70511.3566824236
70511.3566824236
70511.3566824236
70511.3566824236
70511.3566824236
70511.3566824236
70511.3566824236
70511.3566824236
70511.3566824236
70511.3566824236
70511.3566824236
70511.3566824236
70511.3566824236
70511.3566824236
70511.3566824236
70511.3566824236
70511.3566824236
70511.3566824236
70511.3566824236
70511.3566824236
70511.3566824236
70511.3566824236
70511.3566824236
70511.3566824236
70511.3566824236
70511.3566824236
70511.3566824236
70511.3566824236
70511.3566824236
70511.3566824236
70511.3566824236
70511.3566824236
70511.3566824236
70511.3566824236
70511.3566824236
70511.3566824236
70511.3566824236
70511.3566824236
70511.3566824236
70511.3566824236
70511.3566824236
70511.3566824236
70511.3566824236
70511.3566824236
70511.3566824236
70511.3566824236
70511.3566824236
70511.3566824236
70511.3566824236
70511.3566824236
70511.3566824236
70511.3566824236
70511.3566824236
70511.3566824236
70511.3566824236
70511.3566824236
70511.3566824236
70511.3566824236
70511.3566824236
70511.3566824236
70511.3566824236
70511.3566824236
70511.3566824236
70511.3566824236
70511.3566824236
70511.3566824236
70511.3566824236
70511.3566824236
70511.3566824236
70511.3566824236
70511.3566824236
70511.3566824236
70511.3566824236
70511.3566824236
70511.3566824236
70511.3566824236
70511.3566824236
70511.3566824236
70511.3566824236
70511.3566824236
70511.3566824236
70511.3566824236
70511.3566824236
70511.3566824236
69331.83482770964
69331.83482770964
69331.83482770964
69331.83482770964
69331.83482770964
69331.83482770964
69331.83482770964
69331.83482770964
69331.83482770964
69331.83482770964
69331.83482770964
69331.83482770964
69331.83482770964
69331.83482770964
69331.83482770964
69331.83482770964
69331.83482770964
69331.83482770964
69331.83482770964
69331.83482770964
69331.83482770964
69331.83482770964
69331.83482770964
69331.83482770964
69331.83482770964
69331.83482770964
69331.83482770964
69331.83482770964
69331.83482770964
69331.83482770964
69331.83482770964
69331.83482770964
69331.83482770964
69331.83482770964
69331.83482770964
69331.83482770964
69331.83482770964
69331.83482770964
69331.83482770964
69331.83482770964
69331.83482770964
69331.83482770964
69331.83482770964
69331.83482770964
69331.83482770964
69331.83482770964
69331.83482770964
69331.83482770964
69331.83482770964
69331.83482770964
69331.83482770964
69331.83482770964
69331.83482770964
69331.83482770964
69331.83482770964
69331.83482770964
69331.83482770964
69331.83482770964
69331.83482770964
69331.83482770964
69331.83482770964
69331.83482770964
69331.83482770964
69331.83482770964
69331.83482770964
69331.83482770964
69331.83482770964
69331.83482770964
69331.83482770964
69331.83482770964
69331.83482770964
69331.83482770964
69331.83482770964
69331.83482770964
69331.83482770964
69331.83482770964
69331.83482770964
69331.83482770964
69331.83482770964
69331.83482770964
69331.83482770964
69331.83482770964
69331.83482770964
69331.83482770964
69331.83482770964
69331.83482770964
69331.83482770964
69331.83482770964
69331.83482770964
69331.83482770964
69331.83482770964
69331.83482770964
69331.83482770964
69331.83482770964
69331.83482770964
69331.83482770964
69331.83482770964
69331.83482770964
69331.83482770964
69331.83482770964
69331.83482770964
69331.83482770964
69331.83482770964
69331.83482770964
69331.83482770964
69331.83482770964
69331.83482770964
69331.83482770964
69331.83482770964
69331.83482770964
69331.83482770964
69331.83482770964
69331.83482770964
69328.30312115989
69328.30312115989
69328.30312115989
69328.30312115989
69328.30312115989
69328.30312115989
69328.30312115989
69328.30312115989
69328.30312115989
69328.30312115989
69328.30312115989
69328.30312115989
69328.30312115989
69328.30312115989
69328.30312115989
69328.30312115989
69328.30312115989
69328.30312115989
69328.30312115989
69328.30312115989
69328.30312115989
69328.30312115989
69328.30312115989
69328.30312115989
Time: 2.1800007820129395 seconds 
Best solution: 69328.30312115989 [75, 34, 52, 58, 57, 56, 33, 31, 29, 22, 1, 23, 30, 13, 6, 20, 40, 103, 16, 7, 43, 60, 66, 94, 81, 65, 91, 85, 74, 84, 71, 82, 80, 69, 62, 59, 67, 45, 64, 48, 38, 19, 90, 101, 41, 49, 51, 24, 92, 73, 93, 63, 77, 97, 89, 39, 70, 9, 26, 79, 5, 36, 4, 14, 11, 28, 2, 3, 8, 37, 104, 12, 21, 15, 61, 17, 25, 42, 54, 86, 47, 100, 87, 88, 95, 10, 35, 18, 32, 27, 76, 72, 99, 98, 102, 96, 53, 105, 68, 83, 78, 44, 46, 50, 55]
Avg solution: 76796.39494100242