Alg:1, Run: 1, file: C:\Users\gabri\Documents\AN 3 SEM 2\AI\Lab\Lab3\\lin105.tsp, population number: 1000, generations: 1000 
104526.89358073474
104526.89358073474
102998.55982142732
101468.12654957648
101468.12654957648
101386.42327658909
95366.68526895791
95366.68526895791
95366.68526895791
93838.36922402731
93838.36922402731
93838.36922402731
93838.36922402731
93838.36922402731
92820.05151270723
91849.09256259931
88883.35225031356
88883.35225031356
88883.35225031356
88883.35225031356
88883.35225031356
88883.35225031356
87557.46487367751
83549.59766941317
83549.59766941317
83549.59766941317
83549.59766941317
83549.59766941317
83549.59766941317
83549.59766941317
82856.07181649715
82832.9429774367
82832.9429774367
82832.9429774367
82832.9429774367
82832.9429774367
82832.9429774367
81264.62492818234
81264.62492818234
81264.62492818234
81264.62492818234
81264.62492818234
81264.62492818234
80422.68248482814
80422.68248482814
80422.68248482814
79825.33118321846
78761.65328714182
78761.65328714182
78761.65328714182
78761.65328714182
78761.65328714182
77543.29277089768
77543.29277089768
77543.29277089768
77543.29277089768
77543.29277089768
77543.29277089768
77543.29277089768
76606.66927783849
76606.66927783849
76606.66927783849
76606.66927783849
75708.60703334222
75708.60703334222
75708.60703334222
75708.60703334222
75530.85920753841
75530.85920753841
75530.85920753841
75155.51828096533
75155.51828096533
75155.51828096533
74582.05980731877
74582.05980731877
73959.65609133882
73959.65609133882
73959.65609133882
73959.65609133882
71747.68660492945
71747.68660492945
71747.68660492945
71747.68660492945
71462.72191804336
71441.04407978429
71441.04407978429
71441.04407978429
71441.04407978429
71441.04407978429
70793.75645256469
70793.75645256469
70105.3219783263
70105.3219783263
70105.3219783263
70105.3219783263
70105.3219783263
68394.7624141741
68394.7624141741
68394.7624141741
68394.7624141741
68394.7624141741
68394.7624141741
68394.7624141741
68394.7624141741
68394.7624141741
68394.7624141741
68394.7624141741
68394.7624141741
68394.7624141741
68394.7624141741
68394.7624141741
68394.7624141741
68394.7624141741
67349.35190624873
66918.13027598978
66918.13027598978
66918.13027598978
66918.13027598978
66918.13027598978
66918.13027598978
66918.13027598978
66918.13027598978
66918.13027598978
66918.13027598978
62664.16895518697
62664.16895518697
62664.16895518697
62664.16895518697
62664.16895518697
62664.16895518697
62664.16895518697
62664.16895518697
62664.16895518697
62664.16895518697
62664.16895518697
62664.16895518697
62664.16895518697
62664.16895518697
62664.16895518697
62664.16895518697
62664.16895518697
62664.16895518697
62664.16895518697
62664.16895518697
62664.16895518697
62664.16895518697
62664.16895518697
62664.16895518697
62664.16895518697
62664.16895518697
62664.16895518697
62664.16895518697
62664.16895518697
62664.16895518697
62664.16895518697
62664.16895518697
62664.16895518697
62664.16895518697
62664.16895518697
62664.16895518697
62664.16895518697
61832.46518675803
61832.46518675803
61832.46518675803
61832.46518675803
61832.46518675803
61832.46518675803
61832.46518675803
61832.46518675803
61832.46518675803
61832.46518675803
61832.46518675803
61832.46518675803
61832.46518675803
61832.46518675803
61832.46518675803
61832.46518675803
59580.48661226797
59580.48661226797
59580.48661226797
59580.48661226797
59580.48661226797
59580.48661226797
59580.48661226797
59580.48661226797
59580.48661226797
59580.48661226797
59580.48661226797
59580.48661226797
59580.48661226797
59580.48661226797
59580.48661226797
59580.48661226797
59580.48661226797
59580.48661226797
59580.48661226797
59580.48661226797
59580.48661226797
59580.48661226797
59580.48661226797
59580.48661226797
59580.48661226797
59580.48661226797
59580.48661226797
58807.08023979459
58807.08023979459
58807.08023979459
58807.08023979459
58807.08023979459
58807.08023979459
56503.82290807183
56503.82290807183
56503.82290807183
56503.82290807183
56503.82290807183
56503.82290807183
56142.522614958114
56142.522614958114
56142.522614958114
56142.522614958114
56142.522614958114
56142.522614958114
55133.20722885498
55133.20722885498
55133.20722885498
55133.20722885498
54963.14359957866
54963.14359957866
54963.14359957866
54963.14359957866
54963.14359957866
54963.14359957866
54963.14359957866
54963.14359957866
54228.19448304584
54228.19448304584
54228.19448304584
54228.19448304584
54228.19448304584
54228.19448304584
54228.19448304584
54228.19448304584
54228.19448304584
54228.19448304584
54228.19448304584
54228.19448304584
54228.19448304584
54228.19448304584
54228.19448304584
54228.19448304584
54228.19448304584
54228.19448304584
54228.19448304584
54228.19448304584
52364.36929728574
52364.36929728574
52364.36929728574
52364.36929728574
52364.36929728574
52364.36929728574
52364.36929728574
52364.36929728574
52364.36929728574
52364.36929728574
52364.36929728574
52364.36929728574
52364.36929728574
52364.36929728574
52364.36929728574
52364.36929728574
52364.36929728574
52364.36929728574
52364.36929728574
52364.36929728574
52364.36929728574
52002.82170044509
51165.74785410422
51087.11213728179
51087.11213728179
51087.11213728179
51087.11213728179
49640.0489146605
49640.0489146605
49640.0489146605
49640.0489146605
49640.0489146605
49640.0489146605
49640.0489146605
48470.7936909908
48470.7936909908
48470.7936909908
48470.7936909908
48470.7936909908
48470.7936909908
48470.7936909908
48470.7936909908
48470.7936909908
48470.7936909908
48470.7936909908
48470.7936909908
48470.7936909908
48470.7936909908
48470.7936909908
48470.7936909908
48470.7936909908
48470.7936909908
47002.742521217486
47002.742521217486
47002.742521217486
47002.742521217486
47002.742521217486
47002.742521217486
47002.742521217486
47002.742521217486
47002.742521217486
47002.742521217486
47002.742521217486
47002.742521217486
47002.742521217486
47002.742521217486
47002.742521217486
47002.742521217486
47002.742521217486
47002.742521217486
47002.742521217486
47002.742521217486
47002.742521217486
47002.742521217486
47002.742521217486
47002.742521217486
47002.742521217486
47002.742521217486
47002.742521217486
47002.742521217486
46779.476671441436
46779.476671441436
46779.476671441436
46779.476671441436
46779.476671441436
46779.476671441436
46779.476671441436
46779.476671441436
46779.476671441436
46779.476671441436
46779.476671441436
46779.476671441436
46779.476671441436
46779.476671441436
46779.476671441436
46779.476671441436
46779.476671441436
46779.476671441436
46779.476671441436
46779.476671441436
46779.476671441436
46779.476671441436
46499.377988369655
46499.377988369655
46499.377988369655
46499.377988369655
46499.377988369655
46499.377988369655
46182.90462112514
46182.90462112514
46182.90462112514
46117.16878817539
46117.16878817539
46117.16878817539
46117.16878817539
45851.65539659657
45851.65539659657
45851.65539659657
45851.65539659657
45851.65539659657
45379.867685948
45379.867685948
45379.867685948
45379.867685948
45267.40093676583
45267.40093676583
45267.40093676583
45267.40093676583
45237.71710540865
45237.71710540865
45237.71710540865
45237.71710540865
45237.71710540865
45237.71710540865
45237.71710540865
45237.71710540865
45237.71710540865
44681.25905586269
44674.31244760763
44674.31244760763
44674.31244760763
44674.31244760763
44674.31244760763
44674.31244760763
44674.31244760763
44674.31244760763
44674.31244760763
44674.31244760763
44674.31244760763
44674.31244760763
44674.31244760763
44674.31244760763
44674.31244760763
44674.31244760763
44674.31244760763
44035.86264149094
44035.86264149094
44035.86264149094
43444.69390098226
43444.69390098226
43444.69390098226
43444.69390098226
43444.69390098226
43444.69390098226
43444.69390098226
43444.69390098226
43444.69390098226
43444.69390098226
43130.42983614448
43130.42983614448
43130.42983614448
43130.42983614448
43130.42983614448
43130.42983614448
43130.42983614448
43130.42983614448
43130.42983614448
43130.42983614448
43130.42983614448
43130.42983614448
43130.42983614448
41664.99767618256
41664.99767618256
41664.99767618256
41664.99767618256
41664.99767618256
41664.99767618256
41664.99767618256
41664.99767618256
41664.99767618256
41664.99767618256
41664.99767618256
41664.99767618256
41664.99767618256
41664.99767618256
41664.99767618256
41664.99767618256
41664.99767618256
41664.99767618256
41664.99767618256
41664.99767618256
41664.99767618256
41664.99767618256
41664.99767618256
41664.99767618256
41664.99767618256
41664.99767618256
41664.99767618256
41093.59482023879
41093.59482023879
41093.59482023879
41093.59482023879
41093.59482023879
41093.59482023879
41093.59482023879
41093.59482023879
41093.59482023879
41093.59482023879
41093.59482023879
41093.59482023879
41093.59482023879
41093.59482023879
41093.59482023879
41093.59482023879
41093.59482023879
41093.59482023879
41093.59482023879
41093.59482023879
41093.59482023879
41093.59482023879
41093.59482023879
41093.59482023879
41093.59482023879
41093.59482023879
41093.59482023879
41093.59482023879
41093.59482023879
41093.59482023879
41093.59482023879
41093.59482023879
41093.59482023879
41093.59482023879
41093.59482023879
41093.59482023879
41093.59482023879
41093.59482023879
41093.59482023879
41093.59482023879
41093.59482023879
41093.59482023879
41093.59482023879
41093.59482023879
41093.59482023879
41093.59482023879
41093.59482023879
40743.91203535654
40743.91203535654
40707.72134898454
40707.72134898454
40707.72134898454
40009.55906388326
40009.55906388326
39412.49195192612
39412.49195192612
39412.49195192612
39412.49195192612
39412.49195192612
39412.49195192612
38723.14567891346
38723.14567891346
38723.14567891346
38723.14567891346
38723.14567891346
38723.14567891346
38723.14567891346
38723.14567891346
38723.14567891346
38723.14567891346
38723.14567891346
38723.14567891346
38723.14567891346
38723.14567891346
38723.14567891346
38723.14567891346
38723.14567891346
38723.14567891346
38723.14567891346
38723.14567891346
38723.14567891346
38723.14567891346
38723.14567891346
38723.14567891346
38723.14567891346
38723.14567891346
38723.14567891346
38723.14567891346
38723.14567891346
38723.14567891346
38723.14567891346
38723.14567891346
38723.14567891346
38723.14567891346
38723.14567891346
38723.14567891346
38723.14567891346
38723.14567891346
38723.14567891346
38723.14567891346
38723.14567891346
38723.14567891346
38723.14567891346
38723.14567891346
38723.14567891346
38723.14567891346
38723.14567891346
38723.14567891346
38723.14567891346
38723.14567891346
38723.14567891346
38723.14567891346
38723.14567891346
38723.14567891346
38723.14567891346
38723.14567891346
38538.63592224275
38538.63592224275
38538.63592224275
38538.63592224275
38009.699344729015
37766.104656071686
37766.104656071686
37766.104656071686
37766.104656071686
37766.104656071686
37766.104656071686
37766.104656071686
37766.104656071686
37766.104656071686
37766.104656071686
37766.104656071686
37766.104656071686
37766.104656071686
37766.104656071686
37766.104656071686
37766.104656071686
37638.79195209297
37638.79195209297
37638.79195209297
37638.79195209297
37638.79195209297
37638.79195209297
37638.79195209297
37638.79195209297
37638.79195209297
37638.79195209297
37638.79195209297
37638.79195209297
37638.79195209297
37638.79195209297
37638.79195209297
37638.79195209297
37275.94808477331
37275.94808477331
37275.94808477331
37275.94808477331
37275.94808477331
37275.94808477331
37275.94808477331
36948.79334686445
36948.79334686445
36948.79334686445
36948.79334686445
36948.79334686445
36948.79334686445
36948.79334686445
36948.79334686445
36948.79334686445
36948.79334686445
36948.79334686445
36948.79334686445
36948.79334686445
36727.034816037856
36727.034816037856
36727.034816037856
36727.034816037856
36727.034816037856
36727.034816037856
36727.034816037856
36727.034816037856
36727.034816037856
36609.65030336026
36609.65030336026
36609.65030336026
36609.65030336026
36609.65030336026
36609.65030336026
36609.65030336026
36609.65030336026
36609.65030336026
36609.65030336026
36609.65030336026
36609.65030336026
36609.65030336026
35933.09190149769
35933.09190149769
35894.526642836805
35894.526642836805
35894.526642836805
35894.526642836805
35894.526642836805
35894.526642836805
35894.526642836805
35894.526642836805
35894.526642836805
35894.526642836805
35894.526642836805
35894.526642836805
35894.526642836805
35894.526642836805
35894.526642836805
35894.526642836805
35894.526642836805
35894.526642836805
35894.526642836805
35894.526642836805
35894.526642836805
35894.526642836805
35747.21197955386
35747.21197955386
35747.21197955386
35747.21197955386
35747.21197955386
35747.21197955386
35747.21197955386
35747.21197955386
35190.53732328083
35190.53732328083
35190.53732328083
35190.53732328083
35190.53732328083
35190.53732328083
35190.53732328083
35190.53732328083
35190.53732328083
35190.53732328083
35190.53732328083
35190.53732328083
35190.53732328083
35190.53732328083
34531.58361582815
34531.58361582815
34531.58361582815
34531.58361582815
34531.58361582815
33595.063341144334
33595.063341144334
33595.063341144334
33595.063341144334
33595.063341144334
33595.063341144334
33595.063341144334
33595.063341144334
33595.063341144334
33595.063341144334
33595.063341144334
33595.063341144334
33595.063341144334
33595.063341144334
33595.063341144334
33595.063341144334
33595.063341144334
33595.063341144334
33595.063341144334
33595.063341144334
33595.063341144334
33595.063341144334
33595.063341144334
33595.063341144334
33595.063341144334
33595.063341144334
33595.063341144334
33595.063341144334
33595.063341144334
33595.063341144334
33595.063341144334
33595.063341144334
33595.063341144334
33595.063341144334
33595.063341144334
33595.063341144334
33595.063341144334
33595.063341144334
33595.063341144334
33595.063341144334
33595.063341144334
33595.063341144334
33595.063341144334
33595.063341144334
33595.063341144334
33595.063341144334
33595.063341144334
33595.063341144334
33595.063341144334
33595.063341144334
33595.063341144334
33595.063341144334
33595.063341144334
33595.063341144334
33595.063341144334
32642.44813196594
32642.44813196594
32642.44813196594
32642.44813196594
32642.44813196594
32642.44813196594
32642.44813196594
32642.44813196594
32642.44813196594
32642.44813196594
32642.44813196594
32642.44813196594
32642.44813196594
32642.44813196594
32642.44813196594
32642.44813196594
32642.44813196594
32642.44813196594
32642.44813196594
32642.44813196594
32642.44813196594
32642.44813196594
32642.44813196594
32642.44813196594
32642.44813196594
32642.44813196594
32642.44813196594
32642.44813196594
32642.44813196594
32642.44813196594
32642.44813196594
32642.44813196594
32642.44813196594
32642.44813196594
32642.44813196594
32642.44813196594
32642.44813196594
32642.44813196594
32642.44813196594
32642.44813196594
32642.44813196594
32642.44813196594
32642.44813196594
32642.44813196594
32642.44813196594
32642.44813196594
32642.44813196594
32642.44813196594
32642.44813196594
32642.44813196594
32642.44813196594
32642.44813196594
32642.44813196594
32642.44813196594
32642.44813196594
32642.44813196594
32642.44813196594
32642.44813196594
32642.44813196594
32642.44813196594
32642.44813196594
32642.44813196594
32642.44813196594
32642.44813196594
32642.44813196594
32642.44813196594
32642.44813196594
32642.44813196594
32642.44813196594
32642.44813196594
32642.44813196594
32642.44813196594
32642.44813196594
32642.44813196594
32642.44813196594
32642.44813196594
32642.44813196594
32642.44813196594
32330.921716001696
32330.921716001696
32330.921716001696
32330.921716001696
32330.921716001696
32330.921716001696
32330.921716001696
32330.921716001696
32330.921716001696
32330.921716001696
32330.921716001696
32330.921716001696
32330.921716001696
32330.921716001696
32330.921716001696
32330.921716001696
32330.921716001696
32330.921716001696
32330.921716001696
32330.921716001696
32330.921716001696
32330.921716001696
31893.760547508336
31893.760547508336
31893.760547508336
31893.760547508336
31893.760547508336
31893.760547508336
31893.760547508336
31893.760547508336
31893.760547508336
31893.760547508336
31893.760547508336
31893.760547508336
31893.760547508336
31893.760547508336
31893.760547508336
31893.760547508336
31893.760547508336
31893.760547508336
31893.760547508336
31893.760547508336
31893.760547508336
31893.760547508336
31844.28888254295
31844.28888254295
31844.28888254295
31844.28888254295
31844.28888254295
31844.28888254295
31844.28888254295
31844.28888254295
31844.28888254295
31844.28888254295
31844.28888254295
31844.28888254295
31844.28888254295
31844.28888254295
31844.28888254295
31844.28888254295
31844.28888254295
31844.28888254295
31844.28888254295
31844.28888254295
31844.28888254295
31844.28888254295
31844.28888254295
31844.28888254295
31844.28888254295
31844.28888254295
31844.28888254295
31844.28888254295
31844.28888254295
31844.28888254295
31844.28888254295
31844.28888254295
31844.28888254295
31844.28888254295
31844.28888254295
31844.28888254295
31844.28888254295
31844.28888254295
31844.28888254295
31844.28888254295
31844.28888254295
31844.28888254295
31844.28888254295
31844.28888254295
31844.28888254295
31844.28888254295
31844.28888254295
31844.28888254295
31844.28888254295
31844.28888254295
31844.28888254295
31844.28888254295
31844.28888254295
31844.28888254295
31844.28888254295
31844.28888254295
31844.28888254295
30975.549615930406
30975.549615930406
30975.549615930406
30975.549615930406
30975.549615930406
30975.549615930406
30975.549615930406
30975.549615930406
30975.549615930406
30975.549615930406
30975.549615930406
30975.549615930406
30975.549615930406
30975.549615930406
30975.549615930406
30975.549615930406
30975.549615930406
30975.549615930406
30975.549615930406
30975.549615930406
30975.549615930406
30975.549615930406
30975.549615930406
30975.549615930406
30975.549615930406
30975.549615930406
30975.549615930406
30975.549615930406
30975.549615930406
30975.549615930406
30975.549615930406
30975.549615930406
30975.549615930406
30975.549615930406
30975.549615930406
30975.549615930406
30975.549615930406
30975.549615930406
30975.549615930406
30975.549615930406
30975.549615930406
30975.549615930406
30975.549615930406
30975.549615930406
30194.07814050317
30194.07814050317
30194.07814050317
30194.07814050317
30194.07814050317
30194.07814050317
30194.07814050317
30194.07814050317
30194.07814050317
30194.07814050317
30194.07814050317
30194.07814050317
30194.07814050317
30194.07814050317
Time: 64.8194968700409 seconds 
Best solution: 30194.07814050317 [48, 40, 105, 42, 43, 58, 53, 51, 30, 10, 27, 17, 37, 41, 44, 47, 63, 57, 104, 31, 32, 20, 28, 103, 21, 29, 22, 23, 15, 7, 6, 11, 2, 1, 24, 12, 8, 3, 9, 54, 26, 33, 19, 25, 18, 16, 4, 5, 13, 14, 34, 35, 39, 38, 36, 61, 60, 66, 65, 70, 75, 74, 76, 87, 88, 98, 100, 95, 94, 90, 89, 99, 73, 69, 81, 80, 86, 82, 67, 72, 79, 96, 97, 101, 92, 91, 102, 93, 85, 84, 83, 77, 71, 64, 78, 68, 62, 56, 59, 50, 46, 52, 55, 45, 49]
Avg solution: 45807.08700982804