Alg:1, Run: 6, file: C:\Users\gabri\Documents\AN 3 SEM 2\AI\Lab\Lab3\\lin105.tsp, population number: 1000, generations: 1000 
103827.6845615159
99842.64960256699
99842.64960256699
99842.64960256699
99842.64960256699
99842.64960256699
99842.64960256699
99185.14212829873
99185.14212829873
97407.69371856417
92422.3561536682
92422.3561536682
92422.3561536682
92422.3561536682
92422.3561536682
92394.62502092267
90150.32260705304
89358.76797693688
89358.76797693688
87547.85935967992
87547.85935967992
87547.85935967992
87547.85935967992
87547.85935967992
86590.55473797861
86590.55473797861
86590.55473797861
86590.55473797861
85802.34269573157
85802.34269573157
81432.12094222558
81432.12094222558
81432.12094222558
81432.12094222558
81432.12094222558
81432.12094222558
81432.12094222558
81432.12094222558
81402.45246688754
81402.45246688754
81402.45246688754
80600.92412845494
80600.92412845494
80600.92412845494
80600.92412845494
80600.92412845494
79888.7246438475
79449.26630133146
79449.26630133146
79449.26630133146
78415.92444456994
78415.92444456994
78415.92444456994
78415.92444456994
78415.92444456994
78415.92444456994
78415.92444456994
77719.11840409874
77719.11840409874
77719.11840409874
77719.11840409874
77719.11840409874
77719.11840409874
75626.03297662779
75626.03297662779
75626.03297662779
75626.03297662779
75626.03297662779
75626.03297662779
75626.03297662779
75626.03297662779
75407.33575772862
75407.33575772862
74963.53466915086
74963.53466915086
74963.53466915086
74963.53466915086
69883.78868687211
69883.78868687211
69883.78868687211
69883.78868687211
69883.78868687211
69883.78868687211
69883.78868687211
69883.78868687211
69883.78868687211
69883.78868687211
69883.78868687211
69883.78868687211
69883.78868687211
69883.78868687211
69883.78868687211
69883.78868687211
69883.78868687211
69883.78868687211
69883.78868687211
69883.78868687211
69883.78868687211
69883.78868687211
69883.78868687211
66670.69127242139
66670.69127242139
66670.69127242139
65767.00388029094
65767.00388029094
65767.00388029094
65767.00388029094
65767.00388029094
65767.00388029094
62118.99453987131
62118.99453987131
62118.99453987131
62118.99453987131
62118.99453987131
62118.99453987131
62118.99453987131
62118.99453987131
62118.99453987131
62118.99453987131
62118.99453987131
62118.99453987131
62118.99453987131
62118.99453987131
62118.99453987131
62118.99453987131
62118.99453987131
62118.99453987131
62118.99453987131
62118.99453987131
62118.99453987131
62118.99453987131
62118.99453987131
62118.99453987131
62118.99453987131
62118.99453987131
62118.99453987131
62118.99453987131
62118.99453987131
62118.99453987131
62118.99453987131
62118.99453987131
62118.99453987131
62118.99453987131
62118.99453987131
62118.99453987131
62118.99453987131
62118.99453987131
62118.99453987131
62118.99453987131
62118.99453987131
62118.99453987131
62118.99453987131
62118.99453987131
62118.99453987131
62118.99453987131
62118.99453987131
62118.99453987131
62118.99453987131
62118.99453987131
62118.99453987131
61056.493991103365
61056.493991103365
61056.493991103365
61056.493991103365
61056.493991103365
61056.493991103365
61056.493991103365
61056.493991103365
61056.493991103365
61056.493991103365
61056.493991103365
61056.493991103365
60089.49755176587
60089.49755176587
60089.49755176587
60089.49755176587
60089.49755176587
60089.49755176587
60089.49755176587
60089.49755176587
60089.49755176587
60089.49755176587
60089.49755176587
60089.49755176587
60089.49755176587
60089.49755176587
60089.49755176587
60089.49755176587
58905.74922413138
58905.74922413138
58905.74922413138
58905.74922413138
58905.74922413138
58905.74922413138
58905.74922413138
58905.74922413138
58905.74922413138
58905.74922413138
58905.74922413138
58905.74922413138
58905.74922413138
58588.35950946684
58588.35950946684
58588.35950946684
58588.35950946684
58588.35950946684
58588.35950946684
58588.35950946684
58588.35950946684
58588.35950946684
58588.35950946684
58588.35950946684
58588.35950946684
58588.35950946684
58588.35950946684
58588.35950946684
58588.35950946684
58588.35950946684
58588.35950946684
58588.35950946684
58588.35950946684
58588.35950946684
58588.35950946684
58209.44955266308
58209.44955266308
58209.44955266308
58209.075550138215
58209.075550138215
58209.075550138215
56483.3737400514
56483.3737400514
55667.58711733465
55667.58711733465
55667.58711733465
55667.58711733465
55667.58711733465
55667.58711733465
55667.58711733465
55667.58711733465
55667.58711733465
55667.58711733465
55667.58711733465
55667.58711733465
55667.58711733465
55667.58711733465
55667.58711733465
55667.58711733465
55661.28142114736
55661.28142114736
55661.28142114736
54274.721517868136
54274.721517868136
54274.721517868136
54274.721517868136
54274.721517868136
54274.721517868136
53698.93749147799
53698.93749147799
52730.888731696665
52730.888731696665
52730.888731696665
52730.888731696665
52730.888731696665
52730.888731696665
52730.888731696665
52730.888731696665
52730.888731696665
52730.888731696665
52730.888731696665
52730.888731696665
52730.888731696665
52730.888731696665
52730.888731696665
52730.888731696665
52597.940113535224
52597.940113535224
52597.940113535224
52597.940113535224
52597.940113535224
52172.84257401853
52172.84257401853
52172.84257401853
52172.84257401853
52172.84257401853
52172.84257401853
52172.84257401853
52172.84257401853
52172.84257401853
52172.84257401853
52172.84257401853
52172.84257401853
52172.84257401853
52172.84257401853
52172.84257401853
52172.84257401853
52172.84257401853
52172.84257401853
52172.84257401853
52172.84257401853
50349.41323183645
50349.41323183645
50349.41323183645
50349.41323183645
50349.41323183645
50349.41323183645
50349.41323183645
50349.41323183645
50349.41323183645
50349.41323183645
50349.41323183645
50349.41323183645
50349.41323183645
50349.41323183645
50349.41323183645
50349.41323183645
49933.10765581139
49933.10765581139
49877.667855580155
49877.667855580155
49877.667855580155
49877.667855580155
49877.667855580155
49877.667855580155
49877.667855580155
48619.095334421385
48611.69454104773
48611.69454104773
48611.69454104773
48611.69454104773
48611.69454104773
48611.69454104773
48611.69454104773
48611.69454104773
48611.69454104773
48611.69454104773
48611.69454104773
48611.69454104773
48611.69454104773
48611.69454104773
48611.69454104773
48611.69454104773
48250.52637330897
48250.52637330897
48231.9073990963
48231.9073990963
48231.9073990963
48231.9073990963
48231.9073990963
48231.9073990963
48231.9073990963
48231.9073990963
47029.41897419536
47029.41897419536
47029.41897419536
47029.41897419536
47029.41897419536
47029.41897419536
47029.41897419536
47029.41897419536
47029.41897419536
47029.41897419536
47029.41897419536
47029.41897419536
47029.41897419536
47029.41897419536
47029.41897419536
47029.41897419536
47029.41897419536
47029.41897419536
45776.802965565446
45776.802965565446
45776.802965565446
45776.802965565446
45776.802965565446
45776.802965565446
45735.11510900964
45735.11510900964
44521.06673961363
44521.06673961363
44521.06673961363
44521.06673961363
44521.06673961363
44521.06673961363
44521.06673961363
44521.06673961363
44521.06673961363
44521.06673961363
44521.06673961363
44521.06673961363
44521.06673961363
44521.06673961363
44521.06673961363
44521.06673961363
44521.06673961363
44521.06673961363
44521.06673961363
44521.06673961363
44521.06673961363
44521.06673961363
44521.06673961363
44521.06673961363
44521.06673961363
44521.06673961363
44521.06673961363
44521.06673961363
44521.06673961363
44521.06673961363
44521.06673961363
43600.80348507575
43600.80348507575
43600.80348507575
43600.80348507575
43600.80348507575
43600.80348507575
43600.80348507575
43600.80348507575
43600.80348507575
42086.831218482694
42086.831218482694
42086.831218482694
42086.831218482694
42086.831218482694
42086.831218482694
42086.831218482694
42086.831218482694
42086.831218482694
42086.831218482694
42086.831218482694
42086.831218482694
42086.831218482694
42086.831218482694
42086.831218482694
42086.831218482694
42086.831218482694
42086.831218482694
42086.831218482694
42086.831218482694
42086.831218482694
42086.831218482694
42086.831218482694
42086.831218482694
42086.831218482694
42086.831218482694
42086.831218482694
41849.736140857625
41849.736140857625
41849.736140857625
41849.736140857625
41849.736140857625
41849.736140857625
41849.736140857625
41849.736140857625
41849.736140857625
41849.736140857625
41849.736140857625
41849.736140857625
41849.736140857625
41849.736140857625
41849.736140857625
41849.736140857625
41849.736140857625
41849.736140857625
41849.736140857625
41849.736140857625
41849.736140857625
41849.736140857625
41849.736140857625
41849.736140857625
41849.736140857625
41849.736140857625
41849.736140857625
41849.736140857625
41849.736140857625
41849.736140857625
41849.736140857625
41849.736140857625
41849.736140857625
41849.736140857625
41849.736140857625
41849.736140857625
41849.736140857625
41849.736140857625
41849.736140857625
41849.736140857625
41849.736140857625
41849.736140857625
40737.603129743744
40737.603129743744
40737.603129743744
40737.603129743744
40737.603129743744
40737.603129743744
40737.603129743744
40707.42776757471
40707.42776757471
40707.42776757471
40707.42776757471
40707.42776757471
40707.42776757471
40707.42776757471
40707.42776757471
40707.42776757471
40707.42776757471
40563.07774699925
40563.07774699925
40563.07774699925
40563.07774699925
40563.07774699925
40563.07774699925
40563.07774699925
40563.07774699925
40563.07774699925
40563.07774699925
40563.07774699925
40563.07774699925
40563.07774699925
40032.2777131736
40032.2777131736
40032.2777131736
40032.2777131736
40032.2777131736
40032.2777131736
40032.2777131736
40032.2777131736
40032.2777131736
40032.2777131736
39398.424250658136
38859.427181992476
38859.427181992476
38859.427181992476
38859.427181992476
38859.427181992476
38859.427181992476
38859.427181992476
38859.427181992476
38859.427181992476
38859.427181992476
37185.07846300362
37185.07846300362
37185.07846300362
37185.07846300362
37185.07846300362
37185.07846300362
37185.07846300362
37185.07846300362
37185.07846300362
37185.07846300362
37185.07846300362
37185.07846300362
37185.07846300362
37185.07846300362
37185.07846300362
37185.07846300362
37185.07846300362
37185.07846300362
37185.07846300362
37185.07846300362
37185.07846300362
37185.07846300362
37185.07846300362
37185.07846300362
37185.07846300362
37185.07846300362
37185.07846300362
37185.07846300362
37185.07846300362
37185.07846300362
37185.07846300362
37185.07846300362
37185.07846300362
37185.07846300362
37185.07846300362
37185.07846300362
37185.07846300362
37185.07846300362
37185.07846300362
37185.07846300362
37185.07846300362
37185.07846300362
37185.07846300362
37185.07846300362
37185.07846300362
37185.07846300362
37185.07846300362
37185.07846300362
37185.07846300362
37185.07846300362
37185.07846300362
37185.07846300362
37185.07846300362
37185.07846300362
37185.07846300362
37185.07846300362
37185.07846300362
37185.07846300362
37185.07846300362
37185.07846300362
37185.07846300362
37185.07846300362
37185.07846300362
37185.07846300362
37185.07846300362
37185.07846300362
37185.07846300362
37185.07846300362
37185.07846300362
37185.07846300362
37185.07846300362
37185.07846300362
37185.07846300362
37185.07846300362
37185.07846300362
37185.07846300362
37185.07846300362
36698.012710526935
36698.012710526935
36698.012710526935
36698.012710526935
36698.012710526935
36698.012710526935
36698.012710526935
36698.012710526935
36698.012710526935
36698.012710526935
36698.012710526935
36698.012710526935
36698.012710526935
36698.012710526935
36698.012710526935
36698.012710526935
36582.076928679
36582.076928679
36582.076928679
36582.076928679
36582.076928679
36582.076928679
36582.076928679
36582.076928679
36582.076928679
36582.076928679
36582.076928679
36582.076928679
36582.076928679
36582.076928679
36582.076928679
36582.076928679
36582.076928679
36582.076928679
36582.076928679
36582.076928679
36582.076928679
33732.661701403726
33732.661701403726
33732.661701403726
33732.661701403726
33732.661701403726
33732.661701403726
33732.661701403726
33732.661701403726
33732.661701403726
33732.661701403726
33732.661701403726
33732.661701403726
33732.661701403726
33732.661701403726
33732.661701403726
33732.661701403726
33732.661701403726
33732.661701403726
33732.661701403726
33732.661701403726
33732.661701403726
33732.661701403726
33732.661701403726
33732.661701403726
33732.661701403726
33732.661701403726
33732.661701403726
33732.661701403726
33732.661701403726
33732.661701403726
33732.661701403726
33732.661701403726
33732.661701403726
33732.661701403726
33732.661701403726
33732.661701403726
33732.661701403726
33732.661701403726
33732.661701403726
33732.661701403726
33732.661701403726
33732.661701403726
33732.661701403726
33732.661701403726
33732.661701403726
33732.661701403726
33732.661701403726
33732.661701403726
33732.661701403726
33732.661701403726
33732.661701403726
33732.661701403726
33732.661701403726
33732.661701403726
33732.661701403726
33732.661701403726
33732.661701403726
33732.661701403726
33732.661701403726
33732.661701403726
33732.661701403726
33732.661701403726
33732.661701403726
33732.661701403726
33732.661701403726
33732.661701403726
33732.661701403726
33732.661701403726
33732.661701403726
33732.661701403726
33732.661701403726
33732.661701403726
33732.661701403726
33732.661701403726
33732.661701403726
33732.661701403726
33732.661701403726
33732.661701403726
33732.661701403726
33732.661701403726
33732.661701403726
33732.661701403726
33732.661701403726
33732.661701403726
33314.97179833448
33314.97179833448
33314.97179833448
33314.97179833448
33314.97179833448
33314.97179833448
33314.97179833448
33314.97179833448
33314.97179833448
33314.97179833448
33314.97179833448
33314.97179833448
33314.97179833448
33314.97179833448
33314.97179833448
33314.97179833448
33314.97179833448
33314.97179833448
33314.97179833448
33314.97179833448
33314.97179833448
33314.97179833448
33099.46702427768
33099.46702427768
33099.46702427768
33099.46702427768
33099.46702427768
33099.46702427768
33099.46702427768
33099.46702427768
32362.162602524648
32362.162602524648
32362.162602524648
32362.162602524648
32362.162602524648
32362.162602524648
32362.162602524648
32362.162602524648
32362.162602524648
32362.162602524648
32362.162602524648
32362.162602524648
32362.162602524648
32362.162602524648
32362.162602524648
32362.162602524648
32362.162602524648
32362.162602524648
32362.162602524648
32362.162602524648
32362.162602524648
32362.162602524648
32362.162602524648
32362.162602524648
32362.162602524648
32362.162602524648
32362.162602524648
32362.162602524648
32362.162602524648
32362.162602524648
32362.162602524648
32362.162602524648
32362.162602524648
32362.162602524648
32362.162602524648
32362.162602524648
32362.162602524648
32362.162602524648
32362.162602524648
32362.162602524648
32362.162602524648
32362.162602524648
32362.162602524648
32362.162602524648
32362.162602524648
32362.162602524648
32362.162602524648
32362.162602524648
32362.162602524648
32362.162602524648
32362.162602524648
32362.162602524648
32362.162602524648
32362.162602524648
32362.162602524648
32362.162602524648
32362.162602524648
32362.162602524648
32362.162602524648
32362.162602524648
32362.162602524648
32362.162602524648
32362.162602524648
32362.162602524648
32362.162602524648
32362.162602524648
32362.162602524648
32362.162602524648
32362.162602524648
32362.162602524648
32362.162602524648
32362.162602524648
32362.162602524648
32362.162602524648
32362.162602524648
32362.162602524648
32362.162602524648
32362.162602524648
32362.162602524648
32362.162602524648
32362.162602524648
32362.162602524648
32362.162602524648
32338.96710503361
32338.96710503361
32338.96710503361
32338.96710503361
32338.96710503361
32312.123316852336
32312.123316852336
32312.123316852336
32197.14169119897
32197.14169119897
32197.14169119897
32197.14169119897
32197.14169119897
32197.14169119897
32197.14169119897
32197.14169119897
32197.14169119897
32197.14169119897
32197.14169119897
32197.14169119897
32197.14169119897
32197.14169119897
32197.14169119897
32197.14169119897
32197.14169119897
32197.14169119897
32197.14169119897
32197.14169119897
32197.14169119897
32197.14169119897
32197.14169119897
32197.14169119897
32197.14169119897
32197.14169119897
32197.14169119897
32197.14169119897
32197.14169119897
32197.14169119897
32197.14169119897
32197.14169119897
32197.14169119897
32197.14169119897
32197.14169119897
32197.14169119897
32197.14169119897
32197.14169119897
32197.14169119897
32197.14169119897
32197.14169119897
32197.14169119897
32197.14169119897
32197.14169119897
32197.14169119897
32197.14169119897
31960.866298598245
31960.866298598245
31960.866298598245
31960.866298598245
31960.866298598245
31960.866298598245
31960.866298598245
31960.866298598245
31960.866298598245
31960.866298598245
31960.866298598245
31960.866298598245
31960.866298598245
31960.866298598245
31960.866298598245
31960.866298598245
31960.866298598245
31960.866298598245
31960.866298598245
31960.866298598245
31960.866298598245
31960.866298598245
31960.866298598245
31960.866298598245
31960.866298598245
31960.866298598245
31732.10916727829
31659.75886381619
31659.75886381619
31659.75886381619
31659.75886381619
31659.75886381619
31659.75886381619
31659.75886381619
31659.75886381619
31659.75886381619
31659.75886381619
31659.75886381619
31659.75886381619
31659.75886381619
31659.75886381619
31659.75886381619
31659.75886381619
31659.75886381619
31659.75886381619
31638.052204603526
31638.052204603526
31638.052204603526
30105.849968575607
30105.849968575607
30105.849968575607
30105.849968575607
30105.849968575607
30105.849968575607
30105.849968575607
30105.849968575607
30105.849968575607
30105.849968575607
30105.849968575607
30105.849968575607
30105.849968575607
30105.849968575607
30105.849968575607
30105.849968575607
30105.849968575607
30105.849968575607
30105.849968575607
30105.849968575607
30105.849968575607
30105.849968575607
30105.849968575607
30105.849968575607
30105.849968575607
30105.849968575607
30105.849968575607
30105.849968575607
30105.849968575607
30105.849968575607
30105.849968575607
30105.849968575607
30105.849968575607
30105.849968575607
30105.849968575607
30105.849968575607
30105.849968575607
30105.849968575607
30105.849968575607
30105.849968575607
30105.849968575607
30105.849968575607
30105.849968575607
30105.849968575607
30105.849968575607
30105.849968575607
30105.849968575607
30105.849968575607
30105.849968575607
30105.849968575607
Time: 64.24398159980774 seconds 
Best solution: 30105.849968575607 [64, 67, 82, 86, 84, 96, 97, 102, 101, 92, 85, 72, 71, 91, 93, 98, 89, 78, 68, 83, 73, 77, 63, 62, 56, 105, 59, 50, 44, 49, 55, 104, 43, 42, 41, 45, 40, 57, 36, 37, 35, 34, 14, 13, 5, 4, 9, 23, 19, 11, 32, 29, 31, 30, 20, 22, 24, 28, 2, 1, 7, 6, 10, 27, 16, 25, 18, 26, 17, 12, 15, 103, 33, 3, 8, 21, 48, 54, 53, 39, 38, 58, 46, 51, 52, 47, 60, 61, 66, 65, 87, 88, 95, 90, 70, 75, 79, 80, 99, 100, 94, 74, 76, 81, 69]
Avg solution: 45686.421765456515