Alg:1, Run: 3, file: C:\Users\gabri\Documents\AN 3 SEM 2\AI\Lab\Lab3\\lin105.tsp, population number: 1000, generations: 1000 
101656.16454093157
101656.16454093157
101656.16454093157
101656.16454093157
101656.16454093157
101148.66185817923
99271.87504145716
99271.87504145716
99071.03446575053
99071.03446575053
96493.79491874635
96493.79491874635
96493.79491874635
94593.00099312932
94360.41941994563
94003.73617038966
91759.33989344045
91363.18175463557
91363.18175463557
88948.800115928
88948.800115928
88948.800115928
88948.800115928
88948.800115928
88208.39953198856
88208.39953198856
87131.1027077089
87131.1027077089
86105.40680161047
86105.40680161047
86105.40680161047
86105.40680161047
85182.40435542596
85182.40435542596
85182.40435542596
84308.4515594094
84308.4515594094
84308.4515594094
83534.75605678896
83534.75605678896
82751.50889972363
82751.50889972363
80573.04768817784
80573.04768817784
80573.04768817784
80573.04768817784
80573.04768817784
80573.04768817784
80573.04768817784
78335.51151391248
78335.51151391248
78335.51151391248
76977.83998377007
76977.83998377007
76977.83998377007
76977.83998377007
76725.1661350044
76429.18628210654
76429.18628210654
74483.7682700993
74483.7682700993
74483.7682700993
74483.7682700993
74483.7682700993
74483.7682700993
74483.7682700993
74483.7682700993
74483.7682700993
74483.7682700993
74136.73072953308
72871.65475668549
72871.65475668549
72871.65475668549
72871.65475668549
72871.65475668549
72871.65475668549
72871.65475668549
72871.65475668549
71128.96738553028
70147.53522070021
70147.53522070021
70147.53522070021
70147.53522070021
70147.53522070021
70147.53522070021
69715.84856474648
69715.84856474648
69715.84856474648
69715.84856474648
69715.84856474648
69715.84856474648
69715.84856474648
69715.84856474648
69715.84856474648
69074.48039848843
69074.48039848843
69074.48039848843
69074.48039848843
69074.48039848843
69074.48039848843
69074.48039848843
69074.48039848843
69074.48039848843
69074.48039848843
69020.7397155443
69020.7397155443
69020.7397155443
67567.53908721959
67567.53908721959
66201.34706843476
66201.34706843476
66201.34706843476
66201.34706843476
66201.34706843476
66201.34706843476
65333.92035199339
65333.92035199339
65333.92035199339
65333.92035199339
65333.92035199339
65333.92035199339
65333.92035199339
65333.92035199339
65333.92035199339
65333.92035199339
65333.92035199339
65333.92035199339
62898.73430384966
62898.73430384966
62898.73430384966
62898.73430384966
62898.73430384966
62898.73430384966
62898.73430384966
62898.73430384966
62898.73430384966
62898.73430384966
62898.73430384966
62898.73430384966
62898.73430384966
62898.73430384966
62898.73430384966
62898.73430384966
62898.73430384966
62898.73430384966
62898.73430384966
62898.73430384966
62898.73430384966
62898.73430384966
62898.73430384966
62898.73430384966
62898.73430384966
62898.73430384966
62898.73430384966
62898.73430384966
61218.47867316877
61218.47867316877
60640.103996924096
60105.454281070466
60105.454281070466
60105.454281070466
59649.82054094151
59649.82054094151
59649.82054094151
59649.82054094151
59458.44177165599
59458.44177165599
59458.44177165599
59256.471478954605
59256.471478954605
59256.471478954605
59256.471478954605
59256.471478954605
59256.471478954605
59256.471478954605
59191.244046897635
59191.244046897635
58488.12150517787
58488.12150517787
58488.12150517787
58488.12150517787
58488.12150517787
58488.12150517787
58488.12150517787
58488.12150517787
58488.12150517787
58404.19760932491
58404.19760932491
57630.84472468987
57630.84472468987
57630.84472468987
57630.84472468987
57428.283226659696
57428.283226659696
57428.283226659696
57428.283226659696
57428.283226659696
57428.283226659696
57428.283226659696
57428.283226659696
57428.283226659696
57428.283226659696
57428.283226659696
57428.283226659696
57428.283226659696
57428.283226659696
57266.44398790113
55416.324056115096
55416.324056115096
55416.324056115096
55416.324056115096
55416.324056115096
55416.324056115096
55416.324056115096
55416.324056115096
55416.324056115096
55416.324056115096
54647.979202211834
54647.979202211834
54274.42460524166
54274.42460524166
54274.42460524166
54274.42460524166
54274.42460524166
53025.18746087156
53025.18746087156
53025.18746087156
53025.18746087156
53025.18746087156
53025.18746087156
53025.18746087156
52654.628238896206
52654.628238896206
52654.628238896206
52654.628238896206
52654.628238896206
52654.628238896206
52654.628238896206
52654.628238896206
52654.628238896206
52654.628238896206
52654.628238896206
52654.628238896206
52654.628238896206
52654.628238896206
51816.28252092771
51513.04991426653
51513.04991426653
51513.04991426653
51513.04991426653
51513.04991426653
51513.04991426653
51513.04991426653
51513.04991426653
51513.04991426653
51513.04991426653
51513.04991426653
51513.04991426653
51513.04991426653
51513.04991426653
51513.04991426653
51403.48776418535
51403.48776418535
49929.83529760336
49929.83529760336
49929.83529760336
49929.83529760336
49929.83529760336
49929.83529760336
49929.83529760336
49929.83529760336
49685.581064435304
49527.108817157256
49527.108817157256
49527.108817157256
49527.108817157256
49527.108817157256
49527.108817157256
49527.108817157256
49527.108817157256
49527.108817157256
49527.108817157256
49527.108817157256
49527.108817157256
49527.108817157256
49527.108817157256
49527.108817157256
49527.108817157256
49527.108817157256
49527.108817157256
49527.108817157256
49527.108817157256
49527.108817157256
49527.108817157256
49527.108817157256
49527.108817157256
49527.108817157256
49527.108817157256
48441.5214800283
48441.5214800283
48441.5214800283
48441.5214800283
48441.5214800283
48441.5214800283
48441.5214800283
47979.00528377815
47979.00528377815
46806.961129386014
46806.961129386014
46806.961129386014
46806.961129386014
46806.961129386014
46806.961129386014
46806.961129386014
46806.961129386014
46806.961129386014
46806.961129386014
46806.961129386014
46806.961129386014
46806.961129386014
46548.740619061085
46548.740619061085
46548.740619061085
46548.740619061085
46548.740619061085
46548.740619061085
43781.70926870547
43781.70926870547
43781.70926870547
43781.70926870547
43781.70926870547
43781.70926870547
43781.70926870547
43781.70926870547
43781.70926870547
43781.70926870547
43781.70926870547
43781.70926870547
43781.70926870547
43781.70926870547
43781.70926870547
43781.70926870547
43781.70926870547
43781.70926870547
43781.70926870547
43781.70926870547
43781.70926870547
43781.70926870547
43781.70926870547
43024.44355116007
43024.44355116007
43024.44355116007
43024.44355116007
43024.44355116007
43024.44355116007
43024.44355116007
43024.44355116007
42998.454037423784
42998.454037423784
42998.454037423784
42998.454037423784
42998.454037423784
42998.454037423784
42998.454037423784
42998.454037423784
42998.454037423784
42998.454037423784
42349.089733987086
40424.38737713831
40424.38737713831
40424.38737713831
40424.38737713831
40424.38737713831
40424.38737713831
40424.38737713831
40424.38737713831
40424.38737713831
40424.38737713831
40424.38737713831
40424.38737713831
40424.38737713831
40424.38737713831
40424.38737713831
40424.38737713831
40424.38737713831
40424.38737713831
40424.38737713831
40424.38737713831
40424.38737713831
40424.38737713831
40424.38737713831
40424.38737713831
40424.38737713831
40424.38737713831
40424.38737713831
40424.38737713831
40424.38737713831
40424.38737713831
40424.38737713831
40424.38737713831
40424.38737713831
40424.38737713831
40424.38737713831
40424.38737713831
40424.38737713831
40424.38737713831
40424.38737713831
40424.38737713831
40424.38737713831
40424.38737713831
40424.38737713831
40424.38737713831
40424.38737713831
40424.38737713831
40424.38737713831
40424.38737713831
40424.38737713831
40424.38737713831
40424.38737713831
40424.38737713831
40424.38737713831
40424.38737713831
40424.38737713831
40424.38737713831
40424.38737713831
40424.38737713831
40424.38737713831
40424.38737713831
40260.094772138575
40260.094772138575
40260.094772138575
40260.094772138575
40260.094772138575
40260.094772138575
40260.094772138575
40260.094772138575
40260.094772138575
40260.094772138575
40260.094772138575
40260.094772138575
40260.094772138575
40260.094772138575
40260.094772138575
40260.094772138575
39597.54554445414
39597.54554445414
39597.54554445414
39597.54554445414
39597.54554445414
39597.54554445414
39597.54554445414
39597.54554445414
39597.54554445414
39597.54554445414
39597.54554445414
39597.54554445414
39597.54554445414
39597.54554445414
39597.54554445414
39597.54554445414
39597.54554445414
39597.54554445414
39597.54554445414
39597.54554445414
39597.54554445414
39597.54554445414
39597.54554445414
39597.54554445414
39597.54554445414
39597.54554445414
39597.54554445414
37283.14361715829
37283.14361715829
37283.14361715829
37283.14361715829
37283.14361715829
37283.14361715829
37283.14361715829
37283.14361715829
37283.14361715829
37283.14361715829
37283.14361715829
37283.14361715829
37283.14361715829
37283.14361715829
37283.14361715829
37283.14361715829
37283.14361715829
37283.14361715829
37283.14361715829
37283.14361715829
37283.14361715829
37283.14361715829
37283.14361715829
37283.14361715829
37283.14361715829
37283.14361715829
37283.14361715829
37283.14361715829
37283.14361715829
37283.14361715829
37283.14361715829
37283.14361715829
37283.14361715829
37283.14361715829
37283.14361715829
37283.14361715829
37283.14361715829
37283.14361715829
37283.14361715829
37283.14361715829
37283.14361715829
37283.14361715829
37283.14361715829
37283.14361715829
37283.14361715829
37005.72559104501
36797.0567775935
36797.0567775935
36797.0567775935
36797.0567775935
36797.0567775935
36797.0567775935
36797.0567775935
36797.0567775935
36566.68541123403
36566.68541123403
36566.68541123403
36566.68541123403
36566.68541123403
36566.68541123403
36566.68541123403
36566.68541123403
36566.68541123403
36566.68541123403
36566.68541123403
36566.68541123403
36566.68541123403
36566.68541123403
36566.68541123403
36566.68541123403
36566.68541123403
36566.68541123403
36566.68541123403
36566.68541123403
36566.68541123403
36566.68541123403
36566.68541123403
36566.68541123403
36566.68541123403
36566.68541123403
35729.85059553627
35729.85059553627
35729.85059553627
35729.85059553627
35729.85059553627
35729.85059553627
35729.85059553627
35729.85059553627
35729.85059553627
35729.85059553627
35729.85059553627
35729.85059553627
35729.85059553627
35729.85059553627
35729.85059553627
35729.85059553627
35729.85059553627
35729.85059553627
35729.85059553627
35729.85059553627
35729.85059553627
35729.85059553627
35729.85059553627
35729.85059553627
35729.85059553627
35729.85059553627
35729.85059553627
35729.85059553627
35729.85059553627
35729.85059553627
35096.89350354968
35096.89350354968
35096.89350354968
35096.89350354968
35096.89350354968
35096.89350354968
35096.89350354968
35096.89350354968
35096.89350354968
35096.89350354968
35096.89350354968
35096.89350354968
35096.89350354968
35096.89350354968
35096.89350354968
35096.89350354968
35096.89350354968
35096.89350354968
35096.89350354968
35096.89350354968
35096.89350354968
35096.89350354968
35096.89350354968
35096.89350354968
35096.89350354968
35065.42126291583
35065.42126291583
35065.42126291583
35065.42126291583
35065.42126291583
35065.42126291583
35065.42126291583
35065.42126291583
35065.42126291583
35065.42126291583
35065.42126291583
35065.42126291583
35065.42126291583
35065.42126291583
35065.42126291583
35065.42126291583
34788.32100342693
34788.32100342693
34788.32100342693
34788.32100342693
34788.32100342693
34788.32100342693
34788.32100342693
34736.58415523262
34736.58415523262
34736.58415523262
34736.58415523262
34736.58415523262
34736.58415523262
34736.58415523262
34736.58415523262
34736.58415523262
34736.58415523262
34736.58415523262
34736.58415523262
34736.58415523262
34736.58415523262
34736.58415523262
34736.58415523262
34736.58415523262
34736.58415523262
34736.58415523262
34736.58415523262
34736.58415523262
34736.58415523262
34736.58415523262
34736.58415523262
34736.58415523262
34736.58415523262
34736.58415523262
33949.87263710501
33949.87263710501
33949.87263710501
33949.87263710501
33949.87263710501
33949.87263710501
33949.87263710501
33949.87263710501
33949.87263710501
33949.87263710501
33949.87263710501
33949.87263710501
33949.87263710501
33949.87263710501
33949.87263710501
33949.87263710501
33949.87263710501
33483.341933013806
33483.341933013806
33483.341933013806
33483.341933013806
33483.341933013806
33483.341933013806
33483.341933013806
33483.341933013806
33483.341933013806
33483.341933013806
33483.341933013806
33483.341933013806
33483.341933013806
33483.341933013806
33483.341933013806
33483.341933013806
33483.341933013806
33483.341933013806
33483.341933013806
33483.341933013806
33483.341933013806
33483.341933013806
33483.341933013806
33483.341933013806
33483.341933013806
33483.341933013806
33483.341933013806
33483.341933013806
33483.341933013806
33483.341933013806
33483.341933013806
33483.341933013806
33483.341933013806
33483.341933013806
33483.341933013806
33043.536428142856
33043.536428142856
33043.536428142856
33043.536428142856
33043.536428142856
33043.536428142856
33043.536428142856
33043.536428142856
33043.536428142856
33043.536428142856
33043.536428142856
33043.536428142856
33043.536428142856
33043.536428142856
33043.536428142856
33043.536428142856
33043.536428142856
32983.11451361277
32983.11451361277
32983.11451361277
32983.11451361277
32983.11451361277
32983.11451361277
32983.11451361277
32983.11451361277
32983.11451361277
32983.11451361277
32983.11451361277
32983.11451361277
32983.11451361277
32983.11451361277
32983.11451361277
32983.11451361277
32983.11451361277
32983.11451361277
32983.11451361277
32983.11451361277
32983.11451361277
32983.11451361277
32983.11451361277
32983.11451361277
32983.11451361277
32983.11451361277
32983.11451361277
32983.11451361277
32983.11451361277
32983.11451361277
32983.11451361277
32983.11451361277
32983.11451361277
32983.11451361277
32983.11451361277
32983.11451361277
32983.11451361277
32983.11451361277
32983.11451361277
32983.11451361277
32983.11451361277
32983.11451361277
32983.11451361277
32983.11451361277
32983.11451361277
32983.11451361277
32983.11451361277
32852.96882898286
32852.96882898286
32852.96882898286
32852.96882898286
32852.96882898286
32852.96882898286
32852.96882898286
32852.96882898286
32451.78801372648
32451.78801372648
32451.78801372648
32451.78801372648
32451.78801372648
32451.78801372648
32451.78801372648
32451.78801372648
32451.78801372648
32451.78801372648
32451.78801372648
32451.78801372648
32451.78801372648
32451.78801372648
32451.78801372648
32451.78801372648
32451.78801372648
32451.78801372648
32451.78801372648
32451.78801372648
32451.78801372648
32451.78801372648
32083.828696479053
32083.828696479053
32083.828696479053
32083.828696479053
32083.828696479053
32083.828696479053
32083.828696479053
32083.828696479053
32083.828696479053
32083.828696479053
32083.828696479053
32083.828696479053
32083.828696479053
32083.828696479053
32083.828696479053
32083.828696479053
32083.828696479053
32083.828696479053
32083.828696479053
32083.828696479053
32083.828696479053
32083.828696479053
31698.03658657121
31698.03658657121
31698.03658657121
31698.03658657121
31698.03658657121
31698.03658657121
31698.03658657121
31698.03658657121
31698.03658657121
31698.03658657121
31698.03658657121
31698.03658657121
31698.03658657121
31698.03658657121
31698.03658657121
31698.03658657121
31698.03658657121
31698.03658657121
31698.03658657121
31698.03658657121
31698.03658657121
31698.03658657121
31698.03658657121
31698.03658657121
31698.03658657121
31698.03658657121
31698.03658657121
31698.03658657121
31698.03658657121
31698.03658657121
31698.03658657121
31698.03658657121
31698.03658657121
31698.03658657121
31698.03658657121
31698.03658657121
31698.03658657121
31698.03658657121
31253.91174805966
31253.91174805966
31253.91174805966
31253.91174805966
31253.91174805966
31253.91174805966
31253.91174805966
31253.91174805966
31253.91174805966
31253.91174805966
31253.91174805966
31057.17657303816
31057.17657303816
31057.17657303816
31057.17657303816
31057.17657303816
31057.17657303816
31057.17657303816
31057.17657303816
31057.17657303816
31057.17657303816
31057.17657303816
31057.17657303816
31057.17657303816
31057.17657303816
31057.17657303816
31057.17657303816
31057.17657303816
31057.17657303816
31057.17657303816
31057.17657303816
30985.22129818286
30985.22129818286
30985.22129818286
30985.22129818286
30985.22129818286
30985.22129818286
30985.22129818286
30985.22129818286
30985.22129818286
30985.22129818286
30985.22129818286
30985.22129818286
30985.22129818286
30985.22129818286
30985.22129818286
30608.219431790356
30608.219431790356
30608.219431790356
30608.219431790356
30608.219431790356
30608.219431790356
30608.219431790356
30608.219431790356
30608.219431790356
29837.126365869663
29837.126365869663
29837.126365869663
29837.126365869663
29837.126365869663
29837.126365869663
29837.126365869663
29837.126365869663
29837.126365869663
29837.126365869663
29837.126365869663
29837.126365869663
29837.126365869663
29837.126365869663
29837.126365869663
29837.126365869663
29837.126365869663
29837.126365869663
29837.126365869663
29837.126365869663
29837.126365869663
29837.126365869663
29837.126365869663
29837.126365869663
29837.126365869663
29837.126365869663
29837.126365869663
29837.126365869663
29837.126365869663
29837.126365869663
29837.126365869663
29837.126365869663
29837.126365869663
29837.126365869663
29837.126365869663
29837.126365869663
29837.126365869663
29837.126365869663
29837.126365869663
29837.126365869663
29837.126365869663
29837.126365869663
29837.126365869663
29837.126365869663
29837.126365869663
29837.126365869663
29837.126365869663
29837.126365869663
29837.126365869663
29837.126365869663
29837.126365869663
29837.126365869663
29837.126365869663
29837.126365869663
29837.126365869663
29837.126365869663
29837.126365869663
29837.126365869663
29837.126365869663
29837.126365869663
29837.126365869663
29837.126365869663
29837.126365869663
29171.668742924863
29171.668742924863
29171.668742924863
29171.668742924863
29171.668742924863
29171.668742924863
29171.668742924863
29171.668742924863
29171.668742924863
29171.668742924863
29171.668742924863
29171.668742924863
29171.668742924863
29171.668742924863
29171.668742924863
29171.668742924863
29171.668742924863
29171.668742924863
29171.668742924863
29171.668742924863
Time: 64.64022469520569 seconds 
Best solution: 29171.668742924863 [52, 53, 42, 47, 58, 20, 18, 16, 9, 25, 14, 13, 4, 5, 35, 34, 39, 38, 61, 65, 87, 88, 99, 90, 75, 62, 63, 76, 73, 80, 70, 89, 98, 95, 94, 100, 85, 101, 102, 91, 92, 96, 93, 97, 84, 60, 66, 81, 69, 74, 86, 67, 77, 68, 71, 83, 72, 79, 78, 82, 64, 54, 50, 48, 55, 59, 105, 56, 40, 104, 49, 45, 36, 27, 103, 19, 23, 21, 32, 31, 30, 22, 15, 12, 3, 1, 6, 10, 7, 2, 11, 28, 29, 33, 26, 24, 17, 8, 37, 41, 43, 46, 57, 44, 51]
Avg solution: 44276.25378817915