Alg:1, Run: 0, file: C:\Users\gabri\Documents\AN 3 SEM 2\AI\Lab\Lab3\\lin105.tsp, population number: 1000, generations: 1000 
102098.9147707936
102098.9147707936
102098.9147707936
101773.64402501521
101773.64402501521
100448.3491497649
100287.78785819725
100287.78785819725
99647.77044461545
96218.54106716641
96145.39369214169
95310.11543477954
95310.11543477954
95310.11543477954
94520.7737438636
94520.7737438636
93405.87409989533
93405.87409989533
91719.29996859968
91719.29996859968
89501.65310073363
89501.65310073363
89501.65310073363
89501.65310073363
89501.65310073363
89501.65310073363
86406.43137864182
86406.43137864182
86406.43137864182
85860.7034355905
85860.7034355905
85007.1182440643
85007.1182440643
85007.1182440643
85007.1182440643
85007.1182440643
85007.1182440643
83012.91748231265
83012.91748231265
83012.91748231265
83012.91748231265
82367.31106190014
82367.31106190014
82367.31106190014
82367.31106190014
79953.83655330371
79953.83655330371
79953.83655330371
79953.83655330371
79953.83655330371
79953.83655330371
79953.83655330371
79953.83655330371
79953.83655330371
78801.1043678265
78801.1043678265
78801.1043678265
78801.1043678265
78618.6473492564
78434.05976344807
78373.75718668177
76121.70928430297
76121.70928430297
76121.70928430297
76121.70928430297
76121.70928430297
76121.70928430297
76121.70928430297
76121.70928430297
76121.70928430297
76121.70928430297
76121.70928430297
76121.70928430297
76121.70928430297
76047.03787029322
76047.03787029322
75850.40898466644
75850.40898466644
75850.40898466644
74668.7404973452
74668.7404973452
74668.7404973452
74668.7404973452
74668.7404973452
74668.7404973452
71408.92326546804
71408.92326546804
71408.92326546804
71408.92326546804
71408.92326546804
71408.92326546804
71408.92326546804
71408.92326546804
71408.92326546804
71408.92326546804
71045.5604406253
71045.5604406253
71045.5604406253
71045.5604406253
71045.5604406253
71045.5604406253
71045.5604406253
69040.92318198906
69040.92318198906
69040.92318198906
69040.92318198906
69040.92318198906
69040.92318198906
69040.92318198906
68916.37447890438
68916.37447890438
67221.2665342376
67221.2665342376
67221.2665342376
67221.2665342376
67221.2665342376
67221.2665342376
67221.2665342376
67221.2665342376
67221.2665342376
67221.2665342376
67221.2665342376
67221.2665342376
67221.2665342376
67221.2665342376
67221.2665342376
67221.2665342376
67221.2665342376
67221.2665342376
67221.2665342376
67221.2665342376
67221.2665342376
67221.2665342376
67221.2665342376
67221.2665342376
67221.2665342376
67221.2665342376
66466.13188508923
66094.0680921807
66094.0680921807
65069.81650707057
65069.81650707057
65069.81650707057
65069.81650707057
65069.81650707057
65069.81650707057
65069.81650707057
65069.81650707057
65069.81650707057
65069.81650707057
65069.81650707057
65069.81650707057
65069.81650707057
65069.81650707057
65064.874857642135
65064.874857642135
61866.92073872328
61866.92073872328
61866.92073872328
61866.92073872328
61866.92073872328
61866.92073872328
61866.92073872328
61866.92073872328
61866.92073872328
61866.92073872328
61866.92073872328
61866.92073872328
61866.92073872328
61383.984018816576
60827.25053350014
60827.25053350014
60827.25053350014
59309.89799997511
59309.89799997511
59309.89799997511
59309.89799997511
59309.89799997511
59309.89799997511
59309.89799997511
59309.89799997511
59309.89799997511
59309.89799997511
59309.89799997511
59309.89799997511
59309.89799997511
59309.89799997511
59309.89799997511
59309.89799997511
59309.89799997511
59309.89799997511
59309.89799997511
59309.89799997511
59309.89799997511
59309.89799997511
59230.09479204931
59230.09479204931
59230.09479204931
59230.09479204931
59230.09479204931
59230.09479204931
59230.09479204931
59230.09479204931
59230.09479204931
59230.09479204931
59230.09479204931
59230.09479204931
59230.09479204931
59230.09479204931
59230.09479204931
59230.09479204931
59230.09479204931
59230.09479204931
58673.368474297495
58673.368474297495
58673.368474297495
58673.368474297495
58673.368474297495
58673.368474297495
58673.368474297495
58673.368474297495
58673.368474297495
58039.6496231408
57605.77963665318
57605.77963665318
57605.77963665318
57605.77963665318
57605.77963665318
56326.317522607045
56326.317522607045
56326.317522607045
56326.317522607045
56326.317522607045
56023.49352219418
56023.49352219418
54564.360910056086
54564.360910056086
54564.360910056086
54564.360910056086
54564.360910056086
54564.360910056086
54564.360910056086
54564.360910056086
54564.360910056086
54564.360910056086
54564.360910056086
54564.360910056086
54564.360910056086
54564.360910056086
54564.360910056086
54564.360910056086
54564.360910056086
54564.360910056086
54564.360910056086
54564.360910056086
54564.360910056086
54564.360910056086
54564.360910056086
54564.360910056086
54564.360910056086
54564.360910056086
54564.360910056086
54564.360910056086
54564.360910056086
54564.360910056086
54564.360910056086
54564.360910056086
54564.360910056086
54564.360910056086
54564.360910056086
54564.360910056086
54469.058725876544
54469.058725876544
54469.058725876544
54469.058725876544
54469.058725876544
54469.058725876544
54469.058725876544
54469.058725876544
54469.058725876544
54469.058725876544
54469.058725876544
54061.02986675874
54061.02986675874
54061.02986675874
54061.02986675874
52420.094670392304
52420.094670392304
52420.094670392304
52420.094670392304
52420.094670392304
52420.094670392304
52420.094670392304
52420.094670392304
52420.094670392304
52420.094670392304
52420.094670392304
52420.094670392304
52420.094670392304
52420.094670392304
52420.094670392304
52420.094670392304
52420.094670392304
52420.094670392304
52420.094670392304
52420.094670392304
52029.04400006521
52029.04400006521
52029.04400006521
52029.04400006521
52029.04400006521
52029.04400006521
52029.04400006521
52029.04400006521
52029.04400006521
52029.04400006521
52029.04400006521
52029.04400006521
52029.04400006521
52029.04400006521
52029.04400006521
52029.04400006521
52029.04400006521
52029.04400006521
52029.04400006521
52029.04400006521
52029.04400006521
52029.04400006521
52029.04400006521
52029.04400006521
51907.93387222085
50588.44809045328
50588.44809045328
50588.44809045328
50588.44809045328
50588.44809045328
50588.44809045328
50588.44809045328
50588.44809045328
50588.44809045328
50588.44809045328
50588.44809045328
50588.44809045328
50588.44809045328
50588.44809045328
50588.44809045328
50588.44809045328
48747.21505540567
48747.21505540567
48747.21505540567
48747.21505540567
48747.21505540567
48747.21505540567
48747.21505540567
48747.21505540567
48747.21505540567
48747.21505540567
48747.21505540567
48747.21505540567
48747.21505540567
48747.21505540567
48747.21505540567
48747.21505540567
48747.21505540567
48747.21505540567
48747.21505540567
48747.21505540567
48747.21505540567
48747.21505540567
48747.21505540567
48747.21505540567
48747.21505540567
48747.21505540567
48747.21505540567
48747.21505540567
48747.21505540567
48747.21505540567
48747.21505540567
48747.21505540567
48747.21505540567
48747.21505540567
48597.71906370402
48597.71906370402
48597.71906370402
48597.71906370402
48347.960332607494
48347.960332607494
48347.960332607494
46971.43417715411
46971.43417715411
46971.43417715411
46971.43417715411
46971.43417715411
46971.43417715411
46971.43417715411
46971.43417715411
46971.43417715411
46971.43417715411
46971.43417715411
46971.43417715411
44042.37056537764
44042.37056537764
44042.37056537764
44042.37056537764
44042.37056537764
44042.37056537764
44042.37056537764
44042.37056537764
44042.37056537764
44042.37056537764
44042.37056537764
44042.37056537764
44042.37056537764
44042.37056537764
44042.37056537764
44042.37056537764
44042.37056537764
44042.37056537764
44042.37056537764
44042.37056537764
44042.37056537764
44042.37056537764
44042.37056537764
44042.37056537764
44042.37056537764
44042.37056537764
44042.37056537764
44042.37056537764
44042.37056537764
44042.37056537764
44042.37056537764
44042.37056537764
44042.37056537764
44042.37056537764
44042.37056537764
44042.37056537764
44042.37056537764
44042.37056537764
44042.37056537764
44042.37056537764
44042.37056537764
44042.37056537764
44042.37056537764
44042.37056537764
44042.37056537764
44042.37056537764
44042.37056537764
43385.91092196439
42466.597619765875
42466.597619765875
42466.597619765875
42466.597619765875
42466.597619765875
42466.597619765875
42466.597619765875
42466.597619765875
42466.597619765875
42466.597619765875
42466.597619765875
42466.597619765875
42466.597619765875
42466.597619765875
42466.597619765875
42466.597619765875
42466.597619765875
42466.597619765875
42466.597619765875
42466.597619765875
42466.597619765875
42466.597619765875
41694.551004410496
41694.551004410496
41694.551004410496
41694.551004410496
41694.551004410496
41694.551004410496
41694.551004410496
41694.551004410496
41694.551004410496
41694.551004410496
41694.551004410496
41694.551004410496
41694.551004410496
41694.551004410496
41694.551004410496
41694.551004410496
41694.551004410496
41694.551004410496
41694.551004410496
41694.551004410496
41694.551004410496
41694.551004410496
41694.551004410496
41571.93797149897
41571.93797149897
41571.93797149897
41571.93797149897
41571.93797149897
39148.96315906596
39148.96315906596
39148.96315906596
39148.96315906596
39148.96315906596
39148.96315906596
39148.96315906596
39148.96315906596
39148.96315906596
39148.96315906596
39148.96315906596
39148.96315906596
39148.96315906596
39148.96315906596
39148.96315906596
39148.96315906596
39148.96315906596
39148.96315906596
39065.438797669165
39065.438797669165
39065.438797669165
39065.438797669165
39065.438797669165
39065.438797669165
39065.438797669165
39065.438797669165
39065.438797669165
39065.438797669165
39065.438797669165
39065.438797669165
39065.438797669165
39065.438797669165
39065.438797669165
38835.795385377394
38835.795385377394
38835.795385377394
38835.795385377394
38835.795385377394
38673.63516079152
38673.63516079152
38673.63516079152
38673.63516079152
38673.63516079152
38673.63516079152
38673.63516079152
38673.63516079152
38673.63516079152
38673.63516079152
38364.25202393851
38364.25202393851
38364.25202393851
38364.25202393851
38364.25202393851
38364.25202393851
38364.25202393851
38364.25202393851
38364.25202393851
38364.25202393851
36505.219195415164
36505.219195415164
36505.219195415164
36505.219195415164
36505.219195415164
36505.219195415164
36505.219195415164
36505.219195415164
36505.219195415164
36505.219195415164
36505.219195415164
36505.219195415164
36505.219195415164
36505.219195415164
36505.219195415164
36505.219195415164
36505.219195415164
36505.219195415164
36505.219195415164
36505.219195415164
36505.219195415164
36505.219195415164
36505.219195415164
36505.219195415164
36505.219195415164
36505.219195415164
36505.219195415164
36505.219195415164
36505.219195415164
36505.219195415164
36000.43087098337
36000.43087098337
36000.43087098337
36000.43087098337
36000.43087098337
36000.43087098337
36000.43087098337
36000.43087098337
36000.43087098337
36000.43087098337
36000.43087098337
36000.43087098337
36000.43087098337
36000.43087098337
36000.43087098337
36000.43087098337
36000.43087098337
36000.43087098337
36000.43087098337
36000.43087098337
36000.43087098337
36000.43087098337
36000.43087098337
36000.43087098337
36000.43087098337
36000.43087098337
36000.43087098337
36000.43087098337
36000.43087098337
36000.43087098337
36000.43087098337
36000.43087098337
36000.43087098337
36000.43087098337
36000.43087098337
36000.43087098337
36000.43087098337
36000.43087098337
36000.43087098337
35823.082105603185
35823.082105603185
35823.082105603185
35823.082105603185
35823.082105603185
35823.082105603185
35823.082105603185
35823.082105603185
35823.082105603185
35823.082105603185
35823.082105603185
35823.082105603185
35823.082105603185
35823.082105603185
35823.082105603185
35823.082105603185
35823.082105603185
35823.082105603185
35823.082105603185
35823.082105603185
35823.082105603185
35823.082105603185
35823.082105603185
35823.082105603185
35823.082105603185
35823.082105603185
35823.082105603185
35823.082105603185
35823.082105603185
35823.082105603185
35823.082105603185
35823.082105603185
35823.082105603185
35823.082105603185
35823.082105603185
35823.082105603185
35823.082105603185
35823.082105603185
35823.082105603185
35823.082105603185
35823.082105603185
35823.082105603185
35823.082105603185
35823.082105603185
35823.082105603185
35823.082105603185
35823.082105603185
35823.082105603185
35823.082105603185
35823.082105603185
35823.082105603185
35823.082105603185
35823.082105603185
35823.082105603185
35823.082105603185
35823.082105603185
35823.082105603185
35823.082105603185
35823.082105603185
34787.843107499924
34787.843107499924
34787.843107499924
34787.843107499924
34787.843107499924
34787.843107499924
34787.843107499924
34474.848820327534
33491.471454073115
33491.471454073115
33491.471454073115
33491.471454073115
33491.471454073115
33491.471454073115
33491.471454073115
33491.471454073115
33491.471454073115
33491.471454073115
33491.471454073115
33491.471454073115
33491.471454073115
33491.471454073115
33491.471454073115
33425.0121933516
33425.0121933516
33425.0121933516
33425.0121933516
33425.0121933516
33425.0121933516
33425.0121933516
33425.0121933516
33425.0121933516
33425.0121933516
33425.0121933516
33425.0121933516
33425.0121933516
33425.0121933516
33425.0121933516
33425.0121933516
33425.0121933516
33425.0121933516
33425.0121933516
33425.0121933516
33425.0121933516
33425.0121933516
33425.0121933516
33425.0121933516
33425.0121933516
33425.0121933516
33425.0121933516
33425.0121933516
33425.0121933516
33425.0121933516
33425.0121933516
33425.0121933516
33425.0121933516
33425.0121933516
33425.0121933516
33425.0121933516
33425.0121933516
33425.0121933516
33425.0121933516
33425.0121933516
33425.0121933516
33425.0121933516
33425.0121933516
33425.0121933516
33425.0121933516
33425.0121933516
33425.0121933516
33425.0121933516
33425.0121933516
33425.0121933516
33425.0121933516
33425.0121933516
33425.0121933516
33425.0121933516
33425.0121933516
33282.22191579697
33282.22191579697
33282.22191579697
33282.22191579697
33282.22191579697
33282.22191579697
33282.22191579697
33282.22191579697
33282.22191579697
33282.22191579697
33282.22191579697
33282.22191579697
33282.22191579697
33282.22191579697
33282.22191579697
33282.22191579697
33282.22191579697
33282.22191579697
33282.22191579697
33282.22191579697
33282.22191579697
33110.02123633776
33110.02123633776
33110.02123633776
33110.02123633776
33110.02123633776
33094.29044922874
33094.29044922874
33094.29044922874
33094.29044922874
33094.29044922874
33094.29044922874
33094.29044922874
33094.29044922874
32789.28952447692
32789.28952447692
32789.28952447692
32789.28952447692
32789.28952447692
32789.28952447692
32789.28952447692
32789.28952447692
32789.28952447692
32789.28952447692
32789.28952447692
32789.28952447692
32789.28952447692
32789.28952447692
32789.28952447692
32789.28952447692
32789.28952447692
32789.28952447692
32789.28952447692
32789.28952447692
32789.28952447692
32789.28952447692
32789.28952447692
32789.28952447692
32789.28952447692
32789.28952447692
30828.697890163145
30828.697890163145
30828.697890163145
30828.697890163145
30828.697890163145
30828.697890163145
30828.697890163145
30828.697890163145
30828.697890163145
30828.697890163145
30828.697890163145
30828.697890163145
30828.697890163145
30828.697890163145
30828.697890163145
30828.697890163145
30828.697890163145
30828.697890163145
30828.697890163145
30828.697890163145
30828.697890163145
30828.697890163145
30828.697890163145
30828.697890163145
30828.697890163145
30828.697890163145
30828.697890163145
30828.697890163145
30828.697890163145
30828.697890163145
30828.697890163145
30828.697890163145
30828.697890163145
30828.697890163145
30828.697890163145
30828.697890163145
30828.697890163145
30828.697890163145
30828.697890163145
30828.697890163145
30828.697890163145
30828.697890163145
30828.697890163145
30828.697890163145
30828.697890163145
30828.697890163145
30828.697890163145
30828.697890163145
30828.697890163145
30828.697890163145
30828.697890163145
30627.144937360183
30627.144937360183
30627.144937360183
30627.144937360183
30627.144937360183
30627.144937360183
30627.144937360183
30627.144937360183
30627.144937360183
30627.144937360183
30627.144937360183
30627.144937360183
30627.144937360183
30627.144937360183
30627.144937360183
30627.144937360183
30627.144937360183
30627.144937360183
30627.144937360183
30627.144937360183
30627.144937360183
30627.144937360183
30627.144937360183
30627.144937360183
30627.144937360183
30627.144937360183
30627.144937360183
30627.144937360183
30627.144937360183
30627.144937360183
30627.144937360183
30627.144937360183
30627.144937360183
30627.144937360183
30627.144937360183
30627.144937360183
30627.144937360183
30627.144937360183
30627.144937360183
30627.144937360183
30627.144937360183
30627.144937360183
30627.144937360183
30627.144937360183
30627.144937360183
30627.144937360183
30627.144937360183
30627.144937360183
30627.144937360183
30627.144937360183
30627.144937360183
30627.144937360183
30627.144937360183
30627.144937360183
30627.144937360183
30627.144937360183
30627.144937360183
30627.144937360183
30627.144937360183
30627.144937360183
30627.144937360183
30627.144937360183
29779.64021406218
29779.64021406218
29779.64021406218
29779.64021406218
29779.64021406218
29779.64021406218
29779.64021406218
29779.64021406218
29779.64021406218
29779.64021406218
29779.64021406218
29779.64021406218
29779.64021406218
29779.64021406218
29779.64021406218
29779.64021406218
29779.64021406218
29779.64021406218
29779.64021406218
29779.64021406218
29779.64021406218
29779.64021406218
29779.64021406218
29779.64021406218
29465.53755852021
29465.53755852021
29465.53755852021
29465.53755852021
29465.53755852021
29465.53755852021
29465.53755852021
29465.53755852021
29465.53755852021
29465.53755852021
29465.53755852021
29465.53755852021
29465.53755852021
29219.36998023342
29219.36998023342
29219.36998023342
29219.36998023342
29219.36998023342
29219.36998023342
29219.36998023342
29219.36998023342
29219.36998023342
29219.36998023342
29219.36998023342
29219.36998023342
29219.36998023342
29219.36998023342
29219.36998023342
29219.36998023342
29219.36998023342
29219.36998023342
29219.36998023342
29219.36998023342
29219.36998023342
29219.36998023342
29219.36998023342
29219.36998023342
29219.36998023342
29219.36998023342
29219.36998023342
29219.36998023342
Time: 65.16117978096008 seconds 
Best solution: 29219.36998023342 [25, 14, 13, 5, 4, 9, 18, 12, 28, 21, 29, 32, 30, 15, 33, 27, 103, 10, 11, 7, 2, 1, 3, 6, 24, 19, 36, 42, 51, 52, 53, 56, 62, 76, 72, 75, 77, 85, 104, 55, 58, 105, 63, 69, 70, 73, 74, 64, 84, 78, 68, 82, 91, 92, 83, 71, 86, 96, 101, 102, 97, 93, 99, 98, 100, 94, 95, 88, 87, 65, 61, 60, 66, 90, 89, 81, 79, 67, 80, 59, 49, 48, 45, 40, 50, 54, 43, 37, 41, 44, 47, 57, 46, 39, 34, 38, 35, 17, 26, 8, 16, 22, 31, 20, 23]
Avg solution: 46250.6311986741