Alg:1, Run: 4, file: C:\Users\gabri\Documents\AN 3 SEM 2\AI\Lab\Lab3\\lin105.tsp, population number: 1000, generations: 1000 
100449.60410506281
100449.60410506281
100449.60410506281
100449.60410506281
98669.38045451388
97421.81726335666
97421.81726335666
97421.81726335666
97421.81726335666
97421.81726335666
97421.81726335666
94002.28980140995
94002.28980140995
94002.28980140995
94002.28980140995
92799.40853986064
92799.40853986064
92799.40853986064
90906.4658685551
90906.4658685551
90906.4658685551
90014.76578822285
90014.76578822285
89620.72911826175
89620.72911826175
88747.45902811285
88747.45902811285
87256.1282342664
87256.1282342664
87256.1282342664
85938.40853616652
85938.40853616652
83549.14460389207
83549.14460389207
83549.14460389207
83549.14460389207
83549.14460389207
83549.14460389207
83549.14460389207
74319.99459364491
74319.99459364491
74319.99459364491
74319.99459364491
74319.99459364491
74319.99459364491
74319.99459364491
74319.99459364491
74319.99459364491
74319.99459364491
74319.99459364491
74319.99459364491
74319.99459364491
74319.99459364491
74319.99459364491
74319.99459364491
74319.99459364491
74319.99459364491
74319.99459364491
74319.99459364491
74319.99459364491
74319.99459364491
74319.99459364491
74319.99459364491
74319.99459364491
74319.99459364491
74319.99459364491
74319.99459364491
74319.99459364491
74319.99459364491
74319.99459364491
74319.99459364491
74319.99459364491
74319.99459364491
74319.99459364491
74319.99459364491
74319.99459364491
73183.67766935761
73183.67766935761
73183.67766935761
71807.59541054179
71807.59541054179
71807.59541054179
71807.59541054179
71807.59541054179
71807.59541054179
71807.59541054179
71807.59541054179
71807.59541054179
71807.59541054179
71807.59541054179
71807.59541054179
69938.41023133013
69938.41023133013
69938.41023133013
69481.00602110542
69481.00602110542
69481.00602110542
69481.00602110542
69481.00602110542
69481.00602110542
69481.00602110542
69481.00602110542
69481.00602110542
69481.00602110542
69481.00602110542
69481.00602110542
68897.22683963364
68897.22683963364
68897.22683963364
68897.22683963364
68897.22683963364
68897.22683963364
65920.81403209998
65920.81403209998
65920.81403209998
65920.81403209998
65920.81403209998
65920.81403209998
65920.81403209998
65920.81403209998
65920.81403209998
65920.81403209998
65920.81403209998
65920.81403209998
65920.81403209998
65920.81403209998
65920.81403209998
65920.81403209998
65704.91607816845
65704.91607816845
65704.91607816845
65673.51924858966
65589.12020415763
65589.12020415763
65589.12020415763
65589.12020415763
65589.12020415763
65589.12020415763
65589.12020415763
65589.12020415763
65589.12020415763
65579.76717552346
65579.76717552346
61416.77862774746
61416.77862774746
61416.77862774746
61416.77862774746
61416.77862774746
61416.77862774746
61416.77862774746
61416.77862774746
61416.77862774746
61416.77862774746
61416.77862774746
61416.77862774746
61416.77862774746
61416.77862774746
61416.77862774746
61416.77862774746
61416.77862774746
60569.738017679694
60569.738017679694
60569.738017679694
60569.738017679694
60569.738017679694
60569.738017679694
59230.90271085548
59230.90271085548
59230.90271085548
59230.90271085548
59230.90271085548
59230.90271085548
58579.096225534784
58579.096225534784
58579.096225534784
58579.096225534784
58579.096225534784
58579.096225534784
58579.096225534784
58579.096225534784
58579.096225534784
58579.096225534784
58579.096225534784
58579.096225534784
58579.096225534784
58579.096225534784
58579.096225534784
58579.096225534784
58579.096225534784
58579.096225534784
56436.31590493693
56436.31590493693
56436.31590493693
56436.31590493693
56436.31590493693
56436.31590493693
56436.31590493693
56436.31590493693
56436.31590493693
56436.31590493693
56436.31590493693
56436.31590493693
54651.099342583715
54651.099342583715
54651.099342583715
54651.099342583715
54651.099342583715
54651.099342583715
54651.099342583715
54651.099342583715
54651.099342583715
54651.099342583715
54651.099342583715
54651.099342583715
54651.099342583715
54651.099342583715
54651.099342583715
54651.099342583715
54651.099342583715
54651.099342583715
54068.62055741145
54068.62055741145
54068.62055741145
54068.62055741145
54068.62055741145
54068.62055741145
54068.62055741145
52343.06014356464
52343.06014356464
52343.06014356464
52343.06014356464
52343.06014356464
52343.06014356464
52343.06014356464
51912.30921179026
51912.30921179026
51912.30921179026
51912.30921179026
51912.30921179026
51912.30921179026
51912.30921179026
51912.30921179026
51912.30921179026
51912.30921179026
51912.30921179026
51912.30921179026
51912.30921179026
51028.58229285705
51028.58229285705
51028.58229285705
51028.58229285705
51028.58229285705
48877.372186203065
48877.372186203065
48877.372186203065
48877.372186203065
48877.372186203065
48877.372186203065
48877.372186203065
48877.372186203065
48877.372186203065
48877.372186203065
48877.372186203065
48877.372186203065
48877.372186203065
48877.372186203065
48877.372186203065
48877.372186203065
48877.372186203065
48877.372186203065
48877.372186203065
48877.372186203065
48877.372186203065
48877.372186203065
48877.372186203065
48877.372186203065
48877.372186203065
48877.372186203065
48877.372186203065
48877.372186203065
47702.52254743616
47702.52254743616
47702.52254743616
47702.52254743616
47702.52254743616
47702.52254743616
47702.52254743616
47493.505466726754
47493.505466726754
47493.505466726754
47493.505466726754
47493.505466726754
47493.505466726754
47493.505466726754
47493.505466726754
47493.505466726754
47493.505466726754
47493.505466726754
47493.505466726754
47493.505466726754
46598.05075288394
46598.05075288394
46598.05075288394
46598.05075288394
46598.05075288394
46400.58076563051
46400.58076563051
46400.58076563051
46400.58076563051
46400.58076563051
46400.58076563051
46400.58076563051
46400.58076563051
46400.58076563051
46400.58076563051
46400.58076563051
46400.58076563051
46400.58076563051
46400.58076563051
44973.645236831544
44973.645236831544
44973.645236831544
44973.645236831544
44973.645236831544
44973.645236831544
44973.645236831544
44973.645236831544
44973.645236831544
44950.830495322276
44909.111748914045
44909.111748914045
44909.111748914045
44909.111748914045
44909.111748914045
44909.111748914045
44909.111748914045
44909.111748914045
44909.111748914045
44909.111748914045
44909.111748914045
44909.111748914045
44909.111748914045
44909.111748914045
44093.82127990604
43574.01019118682
43574.01019118682
43574.01019118682
43574.01019118682
43574.01019118682
43574.01019118682
43574.01019118682
43574.01019118682
43574.01019118682
43574.01019118682
43574.01019118682
43574.01019118682
43574.01019118682
43574.01019118682
43574.01019118682
43574.01019118682
43574.01019118682
43574.01019118682
43574.01019118682
43574.01019118682
43574.01019118682
43574.01019118682
43574.01019118682
42230.9297486032
42230.9297486032
42230.9297486032
42230.9297486032
42230.9297486032
41893.89809087984
41893.89809087984
41893.89809087984
41893.89809087984
41893.89809087984
41893.89809087984
41893.89809087984
41893.89809087984
41893.89809087984
41893.89809087984
41893.89809087984
41893.89809087984
41893.89809087984
41519.00023280215
41519.00023280215
41519.00023280215
41519.00023280215
41519.00023280215
41519.00023280215
41519.00023280215
41519.00023280215
41519.00023280215
41519.00023280215
41519.00023280215
41519.00023280215
40920.24797099995
40920.24797099995
40920.24797099995
40920.24797099995
40920.24797099995
40920.24797099995
40920.24797099995
40920.24797099995
40920.24797099995
40920.24797099995
40920.24797099995
40920.24797099995
40920.24797099995
40920.24797099995
40389.86983308209
40389.86983308209
40389.86983308209
40389.86983308209
40389.86983308209
40389.86983308209
40389.86983308209
40389.86983308209
40318.966782825286
40318.966782825286
40284.25692451435
40130.973558535
40130.973558535
40130.973558535
40130.973558535
39745.80162626418
39745.80162626418
39745.80162626418
39745.80162626418
38673.770887028004
38673.770887028004
38673.770887028004
38673.770887028004
38673.770887028004
38673.770887028004
38673.770887028004
38673.770887028004
38673.770887028004
38673.770887028004
38673.770887028004
38673.770887028004
38673.770887028004
38673.770887028004
38673.770887028004
38673.770887028004
38673.770887028004
38673.770887028004
38673.770887028004
38673.770887028004
38673.770887028004
38673.770887028004
38673.770887028004
38673.770887028004
38673.770887028004
38673.770887028004
38567.35065835352
38032.88513552132
38032.88513552132
38032.88513552132
38032.88513552132
38032.88513552132
38032.88513552132
38032.88513552132
38032.88513552132
38032.88513552132
37705.20939481654
37705.20939481654
37705.20939481654
37705.20939481654
37705.20939481654
37705.20939481654
37705.20939481654
37705.20939481654
37705.20939481654
37705.20939481654
37705.20939481654
37705.20939481654
37705.20939481654
37705.20939481654
37705.20939481654
37705.20939481654
37705.20939481654
37705.20939481654
37000.47713689191
37000.47713689191
37000.47713689191
37000.47713689191
37000.47713689191
37000.47713689191
37000.47713689191
37000.47713689191
37000.47713689191
37000.47713689191
37000.47713689191
37000.47713689191
37000.47713689191
37000.47713689191
37000.47713689191
37000.47713689191
37000.47713689191
37000.47713689191
37000.47713689191
37000.47713689191
37000.47713689191
37000.47713689191
37000.47713689191
37000.47713689191
37000.47713689191
37000.47713689191
37000.47713689191
37000.47713689191
37000.47713689191
37000.47713689191
37000.47713689191
37000.47713689191
37000.47713689191
37000.47713689191
37000.47713689191
37000.47713689191
37000.47713689191
37000.47713689191
37000.47713689191
37000.47713689191
37000.47713689191
37000.47713689191
37000.47713689191
37000.47713689191
37000.47713689191
37000.47713689191
37000.47713689191
37000.47713689191
36928.53518420767
36928.53518420767
36928.53518420767
36928.53518420767
36928.53518420767
36928.53518420767
36928.53518420767
36928.53518420767
36928.53518420767
36928.53518420767
36025.25048605285
36025.25048605285
36025.25048605285
36025.25048605285
36025.25048605285
36025.25048605285
36025.25048605285
36025.25048605285
36025.25048605285
36025.25048605285
36025.25048605285
36025.25048605285
36025.25048605285
36025.25048605285
36025.25048605285
36025.25048605285
36025.25048605285
36025.25048605285
36025.25048605285
36025.25048605285
36025.25048605285
35900.72790838023
35900.72790838023
35900.72790838023
35900.72790838023
35900.72790838023
35900.72790838023
35900.72790838023
35900.72790838023
35900.72790838023
35900.72790838023
35900.72790838023
35900.72790838023
35900.72790838023
35900.72790838023
35900.72790838023
35900.72790838023
35900.72790838023
35900.72790838023
35900.72790838023
35900.72790838023
35900.72790838023
35900.72790838023
35900.72790838023
35900.72790838023
35900.72790838023
35900.72790838023
35900.72790838023
35900.72790838023
35900.72790838023
35900.72790838023
35900.72790838023
35900.72790838023
35900.72790838023
35900.72790838023
35900.72790838023
35884.733952273564
35539.51169305037
35539.51169305037
35539.51169305037
35539.51169305037
35539.51169305037
35539.51169305037
35539.51169305037
34989.20536598142
34989.20536598142
34989.20536598142
34989.20536598142
34989.20536598142
34989.20536598142
34989.20536598142
34989.20536598142
34989.20536598142
34989.20536598142
34989.20536598142
34989.20536598142
34989.20536598142
34989.20536598142
34989.20536598142
34989.20536598142
34989.20536598142
34989.20536598142
34989.20536598142
34989.20536598142
34989.20536598142
34989.20536598142
33897.28635025694
33897.28635025694
33897.28635025694
33897.28635025694
33897.28635025694
33897.28635025694
33897.28635025694
33897.28635025694
33897.28635025694
33897.28635025694
33897.28635025694
33897.28635025694
33897.28635025694
33897.28635025694
33897.28635025694
33897.28635025694
33897.28635025694
33897.28635025694
33897.28635025694
33897.28635025694
33897.28635025694
33897.28635025694
33897.28635025694
33897.28635025694
33897.28635025694
33897.28635025694
33897.28635025694
33897.28635025694
33897.28635025694
33897.28635025694
33897.28635025694
33897.28635025694
33897.28635025694
33897.28635025694
33897.28635025694
33897.28635025694
33897.28635025694
33897.28635025694
33897.28635025694
33897.28635025694
33897.28635025694
33897.28635025694
33897.28635025694
33897.28635025694
33736.84664159017
33736.84664159017
33736.84664159017
33736.84664159017
33736.84664159017
33736.84664159017
33736.84664159017
33736.84664159017
33736.84664159017
33736.84664159017
33736.84664159017
33736.84664159017
33736.84664159017
33736.84664159017
33736.84664159017
33736.84664159017
33736.84664159017
33736.84664159017
33085.57385128128
33085.57385128128
33085.57385128128
33085.57385128128
33085.57385128128
33085.57385128128
33085.57385128128
33085.57385128128
33085.57385128128
33085.57385128128
33085.57385128128
33085.57385128128
33085.57385128128
33085.57385128128
33085.57385128128
33085.57385128128
33085.57385128128
33085.57385128128
33085.57385128128
33085.57385128128
33085.57385128128
33085.57385128128
33085.57385128128
33085.57385128128
33085.57385128128
33085.57385128128
33085.57385128128
33085.57385128128
33085.57385128128
33085.57385128128
33085.57385128128
33085.57385128128
33085.57385128128
33085.57385128128
33085.57385128128
33085.57385128128
33085.57385128128
33085.57385128128
33085.57385128128
33085.57385128128
33085.57385128128
33085.57385128128
33085.57385128128
33085.57385128128
33085.57385128128
33085.57385128128
33085.57385128128
33085.57385128128
33085.57385128128
33085.57385128128
33085.57385128128
33085.57385128128
33085.57385128128
33085.57385128128
33085.57385128128
33085.57385128128
33085.57385128128
33085.57385128128
33085.57385128128
33085.57385128128
33085.57385128128
33085.57385128128
33085.57385128128
33085.57385128128
33085.57385128128
33085.57385128128
33085.57385128128
33085.57385128128
33085.57385128128
33085.57385128128
33085.57385128128
33085.57385128128
33085.57385128128
33085.57385128128
33085.57385128128
33085.57385128128
33085.57385128128
33085.57385128128
33085.57385128128
33085.57385128128
32461.517392210386
32461.517392210386
32461.517392210386
32461.517392210386
32461.517392210386
32461.517392210386
32461.517392210386
32461.517392210386
32461.517392210386
32461.517392210386
32461.517392210386
32461.517392210386
32461.517392210386
32461.517392210386
32461.517392210386
32461.517392210386
32461.517392210386
32461.517392210386
32461.517392210386
32461.517392210386
32461.517392210386
32461.517392210386
32461.517392210386
32461.517392210386
32461.517392210386
32461.517392210386
32461.517392210386
32461.517392210386
32461.517392210386
30913.603791149173
30913.603791149173
30913.603791149173
30913.603791149173
30913.603791149173
30913.603791149173
30913.603791149173
30913.603791149173
30913.603791149173
30913.603791149173
30913.603791149173
30913.603791149173
30913.603791149173
30913.603791149173
30913.603791149173
30913.603791149173
30913.603791149173
30913.603791149173
30913.603791149173
30913.603791149173
30913.603791149173
30913.603791149173
30913.603791149173
30913.603791149173
30913.603791149173
30913.603791149173
30913.603791149173
30913.603791149173
30913.603791149173
30913.603791149173
30913.603791149173
30913.603791149173
30913.603791149173
30913.603791149173
30913.603791149173
30913.603791149173
30913.603791149173
30913.603791149173
30913.603791149173
30913.603791149173
30913.603791149173
30913.603791149173
30913.603791149173
30913.603791149173
30913.603791149173
30913.603791149173
30913.603791149173
30913.603791149173
30913.603791149173
30913.603791149173
30913.603791149173
30913.603791149173
30913.603791149173
30913.603791149173
30913.603791149173
30913.603791149173
30913.603791149173
30913.603791149173
30913.603791149173
30913.603791149173
30913.603791149173
30913.603791149173
30913.603791149173
30913.603791149173
30913.603791149173
30913.603791149173
30913.603791149173
30913.603791149173
30913.603791149173
30913.603791149173
30913.603791149173
30913.603791149173
30913.603791149173
30913.603791149173
30913.603791149173
30913.603791149173
30913.603791149173
30913.603791149173
30913.603791149173
30913.603791149173
30913.603791149173
30913.603791149173
30913.603791149173
30580.017772622723
30580.017772622723
30580.017772622723
30580.017772622723
30580.017772622723
30580.017772622723
30580.017772622723
30580.017772622723
30580.017772622723
30580.017772622723
30580.017772622723
30580.017772622723
30580.017772622723
30580.017772622723
30580.017772622723
30580.017772622723
30580.017772622723
30580.017772622723
30580.017772622723
30580.017772622723
30580.017772622723
30580.017772622723
30339.011554622386
30339.011554622386
30339.011554622386
30339.011554622386
30339.011554622386
30339.011554622386
30339.011554622386
30339.011554622386
30339.011554622386
30339.011554622386
30339.011554622386
30339.011554622386
30339.011554622386
30339.011554622386
30339.011554622386
30339.011554622386
30339.011554622386
30339.011554622386
30339.011554622386
30339.011554622386
29523.591592812438
29523.591592812438
29523.591592812438
29523.591592812438
29523.591592812438
29523.591592812438
29523.591592812438
29523.591592812438
29523.591592812438
29523.591592812438
29523.591592812438
29523.591592812438
29523.591592812438
29523.591592812438
29523.591592812438
29523.591592812438
29523.591592812438
29340.49421566226
29340.49421566226
29340.49421566226
29340.49421566226
29340.49421566226
29030.90898860527
29030.90898860527
29030.90898860527
29030.90898860527
29030.90898860527
29030.90898860527
29030.90898860527
29030.90898860527
29030.90898860527
29030.90898860527
29030.90898860527
29030.90898860527
29030.90898860527
29030.90898860527
29030.90898860527
29030.90898860527
29030.90898860527
29030.90898860527
29030.90898860527
29030.90898860527
29030.90898860527
29030.90898860527
29030.90898860527
29030.90898860527
29030.90898860527
29030.90898860527
29030.90898860527
29030.90898860527
29030.90898860527
29030.90898860527
29030.90898860527
29030.90898860527
29030.90898860527
28984.37292851953
28984.37292851953
28984.37292851953
28984.37292851953
28984.37292851953
28984.37292851953
28984.37292851953
28984.37292851953
28984.37292851953
28984.37292851953
28984.37292851953
28984.37292851953
28629.21664926791
28629.21664926791
28629.21664926791
28629.21664926791
28629.21664926791
28629.21664926791
28629.21664926791
28629.21664926791
28629.21664926791
Time: 64.83352613449097 seconds 
Best solution: 28629.21664926791 [2, 1, 10, 21, 30, 32, 28, 33, 9, 8, 23, 19, 26, 27, 22, 31, 18, 16, 17, 13, 14, 4, 5, 34, 35, 38, 39, 43, 41, 46, 57, 59, 44, 45, 50, 49, 48, 55, 105, 56, 53, 58, 40, 51, 42, 104, 47, 25, 52, 54, 63, 62, 64, 73, 86, 93, 82, 71, 72, 79, 69, 70, 89, 99, 98, 90, 81, 74, 76, 80, 88, 94, 100, 95, 87, 60, 61, 65, 66, 102, 101, 96, 97, 91, 85, 92, 84, 83, 78, 68, 67, 77, 75, 36, 37, 20, 29, 103, 24, 12, 3, 15, 11, 7, 6]
Avg solution: 43987.54497594483