Alg:1, Run: 8, file: C:\Users\gabri\Documents\AN 3 SEM 2\AI\Lab\Lab3\\lin105.tsp, population number: 1000, generations: 1000 
103302.9108836652
99011.4987744754
99011.4987744754
99011.4987744754
99011.4987744754
99011.4987744754
97931.48901559794
97931.48901559794
97162.75206861399
97162.75206861399
96602.8334288367
96602.8334288367
96602.8334288367
95717.11854251461
94596.9504532734
94189.8045231839
92126.54717294933
90717.95990892524
90717.95990892524
90329.2611215499
90224.19726795422
90224.19726795422
88610.82879428974
88492.96178072122
88492.96178072122
86278.93941998384
86256.36731833775
86256.36731833775
86256.36731833775
86256.36731833775
82714.10112691349
82714.10112691349
82714.10112691349
82714.10112691349
82714.10112691349
82714.10112691349
81064.26292241858
81064.26292241858
81064.26292241858
81064.26292241858
81064.26292241858
81064.26292241858
79843.69563000662
79843.69563000662
79843.69563000662
79843.69563000662
79843.69563000662
79843.69563000662
79688.06251722836
79688.06251722836
79143.38258613613
78747.49078693225
78747.49078693225
78747.49078693225
78747.49078693225
77711.20820621907
77711.20820621907
75943.8065522462
75943.8065522462
75943.8065522462
75943.8065522462
75623.81588811782
75623.81588811782
75623.81588811782
75623.81588811782
75623.81588811782
74524.86758778046
74524.86758778046
74524.86758778046
74524.86758778046
74524.86758778046
74524.86758778046
74524.86758778046
74524.86758778046
74137.31620511362
74137.31620511362
71190.12017930327
71190.12017930327
71190.12017930327
71190.12017930327
71190.12017930327
69882.31301866952
69882.31301866952
69882.31301866952
69882.31301866952
69882.31301866952
69882.31301866952
69882.31301866952
69882.31301866952
69882.31301866952
69882.31301866952
69882.31301866952
69882.31301866952
69882.31301866952
66453.60861739443
66453.60861739443
66453.60861739443
66453.60861739443
66453.60861739443
66453.60861739443
66453.60861739443
66453.60861739443
66453.60861739443
66453.60861739443
66209.99406289936
66209.99406289936
66209.99406289936
66209.99406289936
66209.99406289936
66209.99406289936
66209.99406289936
66209.99406289936
66209.99406289936
66209.99406289936
66209.99406289936
66209.99406289936
66209.99406289936
66209.99406289936
66209.99406289936
66209.99406289936
65388.03883918092
65388.03883918092
65388.03883918092
65388.03883918092
65388.03883918092
65388.03883918092
65388.03883918092
65388.03883918092
65388.03883918092
65388.03883918092
65388.03883918092
65388.03883918092
65388.03883918092
65388.03883918092
61870.72841232269
61870.72841232269
61870.72841232269
61870.72841232269
61870.72841232269
61870.72841232269
61870.72841232269
61870.72841232269
61870.72841232269
61870.72841232269
61870.72841232269
61870.72841232269
61870.72841232269
61870.72841232269
61870.72841232269
61870.72841232269
61870.72841232269
61870.72841232269
61870.72841232269
61870.72841232269
61870.72841232269
61870.72841232269
61870.72841232269
61870.72841232269
61870.72841232269
61870.72841232269
61658.51676260064
60248.59299300697
60248.59299300697
60248.59299300697
60248.59299300697
60248.59299300697
60248.59299300697
60248.59299300697
60248.59299300697
60248.59299300697
60248.59299300697
60248.59299300697
60248.59299300697
60248.59299300697
60248.59299300697
60248.59299300697
60248.59299300697
60248.59299300697
60248.59299300697
60248.59299300697
60248.59299300697
60248.59299300697
60248.59299300697
60248.59299300697
60248.59299300697
60248.59299300697
60248.59299300697
60248.59299300697
60248.59299300697
60248.59299300697
60248.59299300697
60248.59299300697
60248.59299300697
60248.59299300697
60248.59299300697
60248.59299300697
60248.59299300697
60248.59299300697
59574.50897298495
59574.50897298495
59574.50897298495
59574.50897298495
58618.52562261809
58618.52562261809
58618.52562261809
58618.52562261809
58618.52562261809
58618.52562261809
58618.52562261809
58115.09470835197
58115.09470835197
58115.09470835197
58115.09470835197
58115.09470835197
58115.09470835197
58115.09470835197
58115.09470835197
58115.09470835197
58115.09470835197
58115.09470835197
58115.09470835197
58115.09470835197
58115.09470835197
58115.09470835197
58115.09470835197
58115.09470835197
58115.09470835197
58115.09470835197
57428.74500458704
57297.37186259491
57297.37186259491
57297.37186259491
57297.37186259491
57297.37186259491
57297.37186259491
57297.37186259491
57297.37186259491
57297.37186259491
57297.37186259491
57297.37186259491
57297.37186259491
57297.37186259491
56152.07060011896
56152.07060011896
56152.07060011896
56152.07060011896
56152.07060011896
56152.07060011896
56152.07060011896
56152.07060011896
56127.49853367261
56127.49853367261
56127.49853367261
56127.49853367261
56127.49853367261
56127.49853367261
56127.49853367261
55741.43026028052
55741.43026028052
55741.43026028052
55741.43026028052
55741.43026028052
55741.43026028052
55741.43026028052
54433.25339020419
54433.25339020419
54433.25339020419
54433.25339020419
54433.25339020419
54433.25339020419
53078.50633815819
53078.50633815819
53078.50633815819
53078.50633815819
53078.50633815819
53078.50633815819
53078.50633815819
53078.50633815819
52581.00562136123
52581.00562136123
52581.00562136123
52581.00562136123
52581.00562136123
52581.00562136123
52581.00562136123
52581.00562136123
52581.00562136123
52581.00562136123
52581.00562136123
52581.00562136123
52581.00562136123
52581.00562136123
52581.00562136123
52581.00562136123
52581.00562136123
52581.00562136123
52581.00562136123
52035.320087616004
52035.320087616004
52035.320087616004
52035.320087616004
52035.320087616004
52035.320087616004
52035.320087616004
52035.320087616004
52035.320087616004
52035.320087616004
52035.320087616004
52035.320087616004
52035.320087616004
52035.320087616004
52035.320087616004
52035.320087616004
52035.320087616004
51344.12888882206
51344.12888882206
51344.12888882206
51344.12888882206
51344.12888882206
51344.12888882206
51344.12888882206
51344.12888882206
51344.12888882206
51344.12888882206
51344.12888882206
51210.671991978284
51210.671991978284
51210.671991978284
51210.671991978284
51210.671991978284
51210.671991978284
50482.00032175503
49952.85333555172
49952.85333555172
49952.85333555172
49952.85333555172
49952.85333555172
49952.85333555172
49952.85333555172
49952.85333555172
49952.85333555172
49952.85333555172
49952.85333555172
49952.85333555172
49952.85333555172
49952.85333555172
49952.85333555172
49952.85333555172
49288.85915743581
49288.85915743581
49288.85915743581
49288.85915743581
49288.85915743581
49288.85915743581
49288.85915743581
48942.57686161716
48942.57686161716
48942.57686161716
48942.57686161716
48942.57686161716
48942.57686161716
48841.55800672475
48841.55800672475
48841.55800672475
48841.55800672475
48841.55800672475
48841.55800672475
48841.55800672475
48040.05920922763
48040.05920922763
48040.05920922763
48040.05920922763
48040.05920922763
48040.05920922763
48040.05920922763
48040.05920922763
48040.05920922763
48040.05920922763
48040.05920922763
48040.05920922763
48040.05920922763
48040.05920922763
48040.05920922763
48040.05920922763
48040.05920922763
48040.05920922763
48040.05920922763
47981.995764704814
47931.60524404158
47558.26749661334
45077.9485409421
45077.9485409421
45077.9485409421
45077.9485409421
45077.9485409421
45077.9485409421
45077.9485409421
45077.9485409421
45077.9485409421
45034.510922176836
45034.510922176836
45034.510922176836
45034.510922176836
45034.510922176836
45034.510922176836
45034.510922176836
45034.510922176836
45034.510922176836
45034.510922176836
45034.510922176836
45034.510922176836
45034.510922176836
45034.510922176836
45034.510922176836
45034.510922176836
45034.510922176836
45034.510922176836
45034.510922176836
45034.510922176836
45034.510922176836
45034.510922176836
45034.510922176836
45034.510922176836
45034.510922176836
45034.510922176836
45034.510922176836
45034.510922176836
45034.510922176836
45034.510922176836
45034.510922176836
45034.510922176836
45034.510922176836
44798.88659193346
44798.88659193346
44798.88659193346
44798.88659193346
44798.88659193346
41433.240921240096
41433.240921240096
41433.240921240096
41433.240921240096
41433.240921240096
41433.240921240096
41433.240921240096
41433.240921240096
41433.240921240096
41433.240921240096
41433.240921240096
41433.240921240096
41433.240921240096
41433.240921240096
41433.240921240096
41433.240921240096
41433.240921240096
41433.240921240096
41433.240921240096
41433.240921240096
41433.240921240096
41433.240921240096
41433.240921240096
41433.240921240096
41433.240921240096
41433.240921240096
41433.240921240096
41433.240921240096
41433.240921240096
41433.240921240096
41433.240921240096
41433.240921240096
41433.240921240096
41433.240921240096
41433.240921240096
41433.240921240096
41433.240921240096
41433.240921240096
41433.240921240096
41433.240921240096
41433.240921240096
41433.240921240096
41433.240921240096
41433.240921240096
41433.240921240096
41433.240921240096
41433.240921240096
41433.240921240096
41433.240921240096
41433.240921240096
41433.240921240096
41433.240921240096
41433.240921240096
41433.240921240096
41433.240921240096
41433.240921240096
41433.240921240096
39931.69682246044
39931.69682246044
39931.69682246044
39931.69682246044
39931.69682246044
39931.69682246044
39931.69682246044
39931.69682246044
39931.69682246044
39931.69682246044
39931.69682246044
39931.69682246044
39931.69682246044
39931.69682246044
39931.69682246044
39931.69682246044
39931.69682246044
39931.69682246044
39931.69682246044
39931.69682246044
39931.69682246044
39931.69682246044
39931.69682246044
39931.69682246044
39931.69682246044
39931.69682246044
39931.69682246044
39931.69682246044
39931.69682246044
39931.69682246044
39931.69682246044
39931.69682246044
39931.69682246044
39931.69682246044
39931.69682246044
39931.69682246044
39931.69682246044
39931.69682246044
39931.69682246044
39931.69682246044
39931.69682246044
39931.69682246044
39931.69682246044
39931.69682246044
39931.69682246044
39931.69682246044
39931.69682246044
39931.69682246044
39931.69682246044
39931.69682246044
39931.69682246044
39931.69682246044
39931.69682246044
39931.69682246044
39931.69682246044
39931.69682246044
39931.69682246044
39931.69682246044
39931.69682246044
39931.69682246044
39931.69682246044
39931.69682246044
39931.69682246044
39931.69682246044
39931.69682246044
39931.69682246044
39931.69682246044
39931.69682246044
39931.69682246044
39931.69682246044
38800.646873305035
38800.646873305035
38800.646873305035
38800.646873305035
38800.646873305035
38800.646873305035
38800.646873305035
38800.646873305035
38800.646873305035
38800.646873305035
38800.646873305035
38800.646873305035
38800.646873305035
38800.646873305035
38800.646873305035
38800.646873305035
38800.646873305035
38800.646873305035
38800.646873305035
38800.646873305035
38800.646873305035
38647.370620137815
38647.370620137815
38647.370620137815
38647.370620137815
38647.370620137815
38647.370620137815
38647.370620137815
38647.370620137815
38647.370620137815
38647.370620137815
38647.370620137815
38647.370620137815
38647.370620137815
38647.370620137815
38647.370620137815
38647.370620137815
38647.370620137815
38647.370620137815
38647.370620137815
38647.370620137815
38647.370620137815
38647.370620137815
38647.370620137815
38647.370620137815
38647.370620137815
38647.370620137815
38504.93549871994
38504.93549871994
37759.14396235551
37759.14396235551
37759.14396235551
37759.14396235551
37759.14396235551
37759.14396235551
37759.14396235551
37759.14396235551
37759.14396235551
37759.14396235551
37759.14396235551
37759.14396235551
37759.14396235551
37759.14396235551
37759.14396235551
37759.14396235551
37759.14396235551
37759.14396235551
37759.14396235551
37759.14396235551
37759.14396235551
37759.14396235551
37759.14396235551
37759.14396235551
37759.14396235551
37759.14396235551
37759.14396235551
37759.14396235551
37759.14396235551
37759.14396235551
37759.14396235551
37759.14396235551
37759.14396235551
37759.14396235551
37759.14396235551
37759.14396235551
37759.14396235551
37759.14396235551
37759.14396235551
37759.14396235551
37759.14396235551
37759.14396235551
37578.56355405318
37578.56355405318
37578.56355405318
37578.56355405318
37578.56355405318
37578.56355405318
37578.56355405318
37578.56355405318
37578.56355405318
37578.56355405318
37578.56355405318
37578.56355405318
37546.28350846144
37546.28350846144
37546.28350846144
37546.28350846144
37546.28350846144
37546.28350846144
37505.927301032636
37505.927301032636
37505.927301032636
37505.927301032636
37505.927301032636
37505.927301032636
37505.927301032636
37505.927301032636
36950.08590075734
35392.55573384598
35392.55573384598
35392.55573384598
35392.55573384598
35392.55573384598
35392.55573384598
35392.55573384598
35392.55573384598
35392.55573384598
35392.55573384598
35392.55573384598
35392.55573384598
35392.55573384598
35392.55573384598
35392.55573384598
35392.55573384598
35392.55573384598
35392.55573384598
35392.55573384598
35392.55573384598
35392.55573384598
35392.55573384598
35392.55573384598
35392.55573384598
35392.55573384598
35392.55573384598
35392.55573384598
35392.55573384598
35392.55573384598
35392.55573384598
35392.55573384598
35392.55573384598
35392.55573384598
35392.55573384598
35392.55573384598
35392.55573384598
35392.55573384598
35392.55573384598
35392.55573384598
35392.55573384598
35392.55573384598
35392.55573384598
35392.55573384598
35392.55573384598
35392.55573384598
35392.55573384598
35392.55573384598
35392.55573384598
35304.86921429488
35304.86921429488
35304.86921429488
35304.86921429488
35304.86921429488
35304.86921429488
35304.86921429488
35304.86921429488
35304.86921429488
35304.86921429488
35304.86921429488
35304.86921429488
35304.86921429488
35304.86921429488
35304.86921429488
35304.86921429488
35304.86921429488
35304.86921429488
35304.86921429488
35304.86921429488
35256.25648958762
35256.25648958762
35256.25648958762
35256.25648958762
35256.25648958762
35256.25648958762
35256.25648958762
35256.25648958762
35256.25648958762
35256.25648958762
34089.66919737365
34089.66919737365
34089.66919737365
34089.66919737365
34089.66919737365
34089.66919737365
34089.66919737365
34089.66919737365
34089.66919737365
34089.66919737365
34089.66919737365
34089.66919737365
34089.66919737365
34089.66919737365
34089.66919737365
34089.66919737365
34089.66919737365
34089.66919737365
34089.66919737365
34089.66919737365
34089.66919737365
34089.66919737365
34089.66919737365
34089.66919737365
34089.66919737365
34089.66919737365
34089.66919737365
34089.66919737365
34089.66919737365
34089.66919737365
34089.66919737365
34089.66919737365
34089.66919737365
34089.66919737365
34089.66919737365
34089.66919737365
33764.12032544411
33764.12032544411
33764.12032544411
33764.12032544411
33764.12032544411
33764.12032544411
33764.12032544411
33764.12032544411
33764.12032544411
33764.12032544411
33764.12032544411
33764.12032544411
33764.12032544411
33764.12032544411
33217.94083683874
33217.94083683874
33217.94083683874
33217.94083683874
33217.94083683874
33217.94083683874
33217.94083683874
33217.94083683874
33217.94083683874
33217.94083683874
33217.94083683874
33217.94083683874
33217.94083683874
33217.94083683874
33217.94083683874
33217.94083683874
33217.94083683874
33217.94083683874
33217.94083683874
33217.94083683874
33217.94083683874
33217.94083683874
33217.94083683874
33217.94083683874
33217.94083683874
33217.94083683874
33217.94083683874
33217.94083683874
33217.94083683874
33217.94083683874
33217.94083683874
33217.94083683874
33217.94083683874
33217.94083683874
33217.94083683874
33217.94083683874
33217.94083683874
33217.94083683874
33217.94083683874
33217.94083683874
33217.94083683874
33217.94083683874
33217.94083683874
33217.94083683874
33217.94083683874
33217.94083683874
33217.94083683874
33217.94083683874
33217.94083683874
33217.94083683874
33217.94083683874
33217.94083683874
32271.043864606418
32271.043864606418
32271.043864606418
32271.043864606418
32271.043864606418
32271.043864606418
32271.043864606418
32271.043864606418
32271.043864606418
32271.043864606418
32271.043864606418
32271.043864606418
32271.043864606418
32271.043864606418
32271.043864606418
32271.043864606418
32271.043864606418
32271.043864606418
32271.043864606418
32271.043864606418
32271.043864606418
32271.043864606418
32271.043864606418
32271.043864606418
32271.043864606418
32271.043864606418
32271.043864606418
32271.043864606418
32271.043864606418
32271.043864606418
32271.043864606418
32271.043864606418
32271.043864606418
32271.043864606418
32271.043864606418
32271.043864606418
32271.043864606418
32271.043864606418
30942.527101343625
30942.527101343625
30942.527101343625
30942.527101343625
30942.527101343625
30942.527101343625
30942.527101343625
30942.527101343625
30942.527101343625
30942.527101343625
30942.527101343625
30942.527101343625
30942.527101343625
30942.527101343625
30942.527101343625
30942.527101343625
30942.527101343625
30942.527101343625
30942.527101343625
30942.527101343625
30942.527101343625
30942.527101343625
30942.527101343625
30942.527101343625
30942.527101343625
30942.527101343625
30942.527101343625
30942.527101343625
30942.527101343625
30942.527101343625
30942.527101343625
30942.527101343625
30942.527101343625
30942.527101343625
30942.527101343625
30942.527101343625
30942.527101343625
30942.527101343625
30942.527101343625
30942.527101343625
30942.527101343625
30942.527101343625
30942.527101343625
30942.527101343625
30942.527101343625
30942.527101343625
30942.527101343625
30942.527101343625
30942.527101343625
30942.527101343625
30942.527101343625
30942.527101343625
30942.527101343625
30942.527101343625
30942.527101343625
30942.527101343625
30942.527101343625
30942.527101343625
30942.527101343625
30942.527101343625
30942.527101343625
30942.527101343625
30942.527101343625
30942.527101343625
30942.527101343625
30942.527101343625
30942.527101343625
30942.527101343625
30942.527101343625
30942.527101343625
30942.527101343625
30942.527101343625
30942.527101343625
30942.527101343625
30942.527101343625
30942.527101343625
30942.527101343625
30942.527101343625
30942.527101343625
30942.527101343625
30942.527101343625
30942.527101343625
30942.527101343625
29722.283536839386
29722.283536839386
29722.283536839386
29722.283536839386
29722.283536839386
29722.283536839386
29722.283536839386
29722.283536839386
29722.283536839386
29722.283536839386
29722.283536839386
29722.283536839386
29722.283536839386
29722.283536839386
29722.283536839386
29722.283536839386
29722.283536839386
Time: 65.54335045814514 seconds 
Best solution: 29722.283536839386 [75, 73, 71, 78, 85, 82, 92, 97, 101, 102, 91, 83, 68, 77, 76, 64, 72, 86, 79, 67, 84, 96, 93, 89, 98, 99, 90, 65, 61, 60, 52, 58, 51, 54, 44, 41, 36, 30, 104, 26, 16, 8, 103, 21, 18, 3, 23, 28, 19, 12, 22, 31, 32, 15, 29, 11, 7, 2, 6, 1, 10, 20, 24, 25, 17, 14, 13, 5, 4, 9, 27, 33, 38, 35, 37, 34, 39, 53, 46, 55, 49, 56, 57, 59, 40, 45, 50, 48, 47, 43, 42, 105, 81, 63, 62, 74, 70, 80, 88, 95, 100, 94, 87, 66, 69]
Avg solution: 46638.30803379236