Alg:1, Run: 7, file: C:\Users\gabri\Documents\AN 3 SEM 2\AI\Lab\Lab3\\lin105.tsp, population number: 1000, generations: 1000 
105127.90216280887
104291.12436836705
101531.1134008348
101223.74127660194
101223.74127660194
100435.04148557199
98496.08831447228
98496.08831447228
98496.08831447228
98496.08831447228
96182.46995725513
95379.89360654427
95379.89360654427
93763.2804814197
93763.2804814197
93763.2804814197
90281.82027033162
90276.04401998423
87272.78383619412
87272.78383619412
85294.78614539128
85294.78614539128
85294.78614539128
85294.78614539128
85294.78614539128
85294.78614539128
85294.78614539128
81538.58129648767
81538.58129648767
81538.58129648767
81538.58129648767
81538.58129648767
81538.58129648767
81538.58129648767
81538.58129648767
81538.58129648767
81538.58129648767
81538.58129648767
81538.58129648767
81538.58129648767
81538.58129648767
81538.58129648767
81538.58129648767
81189.36788706983
79187.83036766075
79187.83036766075
77163.67196994505
77163.67196994505
77163.67196994505
77163.67196994505
77163.67196994505
77163.67196994505
77163.67196994505
77163.67196994505
77163.67196994505
77163.67196994505
77163.67196994505
77163.67196994505
77163.67196994505
77163.67196994505
77163.67196994505
77163.67196994505
77163.67196994505
75094.19378493512
75094.19378493512
75094.19378493512
75094.19378493512
75094.19378493512
75094.19378493512
75094.19378493512
74189.44330012305
74189.44330012305
74189.44330012305
74189.44330012305
74189.44330012305
73997.23863006465
73997.23863006465
73997.23863006465
73997.23863006465
73997.23863006465
73997.23863006465
73997.23863006465
73997.23863006465
73997.23863006465
73997.23863006465
73626.6250577319
73626.6250577319
73626.6250577319
73626.6250577319
73620.64682730999
70976.49406537515
70976.49406537515
70976.49406537515
70976.49406537515
70976.49406537515
70976.49406537515
70976.49406537515
70976.49406537515
70976.49406537515
70976.49406537515
70976.49406537515
70976.49406537515
70976.49406537515
70976.49406537515
70447.64188461799
70447.64188461799
70447.64188461799
70312.71396557978
70312.71396557978
67960.29305921895
67960.29305921895
67960.29305921895
67960.29305921895
66314.6660402093
66314.6660402093
66314.6660402093
66314.6660402093
66314.6660402093
66314.6660402093
66314.6660402093
66314.6660402093
66314.6660402093
66314.6660402093
66314.6660402093
66314.6660402093
66314.6660402093
66314.6660402093
66314.6660402093
66314.6660402093
66314.6660402093
65534.99892118652
65534.99892118652
64052.98258421385
64052.98258421385
64052.98258421385
64052.98258421385
64052.98258421385
64052.98258421385
64052.98258421385
64052.98258421385
64052.98258421385
64052.98258421385
64052.98258421385
64052.98258421385
64052.98258421385
64052.98258421385
64052.98258421385
63014.61960474169
63014.61960474169
63014.61960474169
63014.61960474169
63014.61960474169
63014.61960474169
63014.61960474169
63014.61960474169
63014.61960474169
63014.61960474169
63014.61960474169
60549.596392809835
60549.596392809835
60549.596392809835
60549.596392809835
60549.596392809835
60549.596392809835
60549.596392809835
60549.596392809835
60549.596392809835
60549.596392809835
60293.087451613654
60293.087451613654
60293.087451613654
60293.087451613654
60293.087451613654
60293.087451613654
60293.087451613654
60293.087451613654
60293.087451613654
60293.087451613654
60293.087451613654
60293.087451613654
60293.087451613654
60293.087451613654
60293.087451613654
60293.087451613654
60293.087451613654
60293.087451613654
58877.18362582047
58877.18362582047
58877.18362582047
58877.18362582047
58877.18362582047
58877.18362582047
58877.18362582047
58877.18362582047
58877.18362582047
58877.18362582047
58877.18362582047
58877.18362582047
58877.18362582047
58877.18362582047
58877.18362582047
58877.18362582047
58877.18362582047
58877.18362582047
58877.18362582047
58273.36023151546
58273.36023151546
58273.36023151546
58273.36023151546
58273.36023151546
58273.36023151546
58273.36023151546
57774.44091946453
57774.44091946453
57431.78349736695
57431.78349736695
57431.78349736695
57394.378913461056
57394.378913461056
57394.378913461056
57017.81836538045
57017.81836538045
57017.81836538045
56784.34797389652
55802.149050322914
55802.149050322914
55802.149050322914
55776.68549226455
55776.68549226455
52733.032915293916
52733.032915293916
52733.032915293916
52733.032915293916
52733.032915293916
52733.032915293916
52733.032915293916
52733.032915293916
52733.032915293916
52733.032915293916
52733.032915293916
52733.032915293916
52733.032915293916
52733.032915293916
52733.032915293916
52733.032915293916
52733.032915293916
52733.032915293916
52733.032915293916
52733.032915293916
52733.032915293916
52733.032915293916
52733.032915293916
52733.032915293916
52733.032915293916
51491.08872929031
51491.08872929031
51491.08872929031
51491.08872929031
51491.08872929031
51491.08872929031
51491.08872929031
51491.08872929031
51491.08872929031
51491.08872929031
51491.08872929031
51491.08872929031
51491.08872929031
51491.08872929031
51491.08872929031
51491.08872929031
51491.08872929031
51491.08872929031
51491.08872929031
51491.08872929031
51491.08872929031
51491.08872929031
51491.08872929031
51491.08872929031
51491.08872929031
51491.08872929031
51491.08872929031
51491.08872929031
51491.08872929031
51491.08872929031
51491.08872929031
51491.08872929031
51491.08872929031
51491.08872929031
51491.08872929031
51491.08872929031
51491.08872929031
51134.93267963019
51134.93267963019
51134.93267963019
51134.93267963019
51134.93267963019
51134.93267963019
51134.93267963019
51134.93267963019
51134.93267963019
51134.93267963019
51134.93267963019
51134.93267963019
50185.01169691344
50185.01169691344
50185.01169691344
50185.01169691344
50185.01169691344
50185.01169691344
50185.01169691344
50185.01169691344
50185.01169691344
50185.01169691344
50185.01169691344
50185.01169691344
50185.01169691344
50185.01169691344
50185.01169691344
50185.01169691344
50185.01169691344
50185.01169691344
50185.01169691344
50185.01169691344
50185.01169691344
50185.01169691344
50185.01169691344
50185.01169691344
50185.01169691344
50185.01169691344
50185.01169691344
50185.01169691344
50185.01169691344
50185.01169691344
50185.01169691344
50104.22032774469
50104.22032774469
50104.22032774469
50104.22032774469
50104.22032774469
50104.22032774469
50104.22032774469
50104.22032774469
50104.22032774469
50028.21420391362
50028.21420391362
50028.21420391362
50028.21420391362
50028.21420391362
50028.21420391362
48664.76622155358
46843.450092214305
46843.450092214305
46843.450092214305
46843.450092214305
46843.450092214305
46843.450092214305
46843.450092214305
46843.450092214305
46843.450092214305
46843.450092214305
46843.450092214305
46843.450092214305
46843.450092214305
46843.450092214305
46843.450092214305
46843.450092214305
46843.450092214305
46843.450092214305
46843.450092214305
46843.450092214305
46843.450092214305
46843.450092214305
46843.450092214305
46843.450092214305
46843.450092214305
46843.450092214305
46843.450092214305
46843.450092214305
46843.450092214305
46843.450092214305
46843.450092214305
46843.450092214305
46843.450092214305
46843.450092214305
46843.450092214305
46843.450092214305
46843.450092214305
46843.450092214305
46843.450092214305
46039.641112329205
46039.641112329205
46039.641112329205
46039.641112329205
46039.641112329205
46039.641112329205
46039.641112329205
46039.641112329205
46039.641112329205
46039.641112329205
46039.641112329205
46039.641112329205
46039.641112329205
46039.641112329205
46039.641112329205
46039.641112329205
46039.641112329205
46039.641112329205
46039.641112329205
46039.641112329205
46039.641112329205
46039.641112329205
46039.641112329205
46039.641112329205
46016.75072571609
46016.75072571609
46016.75072571609
46016.75072571609
46016.75072571609
46016.75072571609
46016.75072571609
46016.75072571609
46016.75072571609
46016.75072571609
46016.75072571609
46016.75072571609
46016.75072571609
46016.75072571609
45912.855380257606
45077.949608552895
45077.949608552895
45077.949608552895
45077.949608552895
45077.949608552895
44657.941445227945
44657.941445227945
44657.941445227945
44657.941445227945
44657.941445227945
44657.941445227945
44657.941445227945
44657.941445227945
44657.941445227945
44657.941445227945
44657.941445227945
44657.941445227945
44657.941445227945
44657.941445227945
44657.941445227945
44657.941445227945
44657.941445227945
44657.941445227945
44657.941445227945
44657.941445227945
44465.41679500147
44465.41679500147
42793.79133479594
42793.79133479594
42793.79133479594
42793.79133479594
42793.79133479594
42793.79133479594
42793.79133479594
41268.321253410664
41268.321253410664
41268.321253410664
41268.321253410664
41268.321253410664
41268.321253410664
41268.321253410664
41268.321253410664
41268.321253410664
41268.321253410664
41268.321253410664
41268.321253410664
41268.321253410664
41268.321253410664
41268.321253410664
41268.321253410664
41268.321253410664
41268.321253410664
41268.321253410664
41268.321253410664
41268.321253410664
41268.321253410664
41268.321253410664
41268.321253410664
41268.321253410664
41268.321253410664
41268.321253410664
41268.321253410664
41268.321253410664
41268.321253410664
41268.321253410664
41268.321253410664
41268.321253410664
41268.321253410664
41268.321253410664
41268.321253410664
41268.321253410664
41268.321253410664
41268.321253410664
41268.321253410664
41268.321253410664
41268.321253410664
41268.321253410664
41268.321253410664
41162.61718728592
41162.61718728592
41162.61718728592
41162.61718728592
41162.61718728592
41162.61718728592
41162.61718728592
41162.61718728592
41162.61718728592
41162.61718728592
41162.61718728592
41162.61718728592
41162.61718728592
41162.61718728592
41162.61718728592
41162.61718728592
41162.61718728592
41162.61718728592
41162.61718728592
41162.61718728592
41162.61718728592
41162.61718728592
41162.61718728592
41162.61718728592
40754.761786054456
40754.761786054456
40754.761786054456
40754.761786054456
40754.761786054456
40754.761786054456
40754.761786054456
40754.761786054456
40754.761786054456
40754.761786054456
40754.761786054456
40673.25029495747
40673.25029495747
40673.25029495747
40673.25029495747
40673.25029495747
40673.25029495747
40673.25029495747
39638.597834612454
39638.597834612454
39102.83137033852
39102.83137033852
39102.83137033852
39102.83137033852
39102.83137033852
39002.44067457479
39002.44067457479
38891.31183835588
38891.31183835588
38891.31183835588
38891.31183835588
38891.31183835588
38891.31183835588
38891.31183835588
38891.31183835588
38891.31183835588
38891.31183835588
38891.31183835588
38891.31183835588
38891.31183835588
38891.31183835588
38891.31183835588
38891.31183835588
38891.31183835588
38891.31183835588
38891.31183835588
38891.31183835588
38891.31183835588
38891.31183835588
38891.31183835588
38891.31183835588
38891.31183835588
38891.31183835588
38891.31183835588
38891.31183835588
38891.31183835588
38891.31183835588
38891.31183835588
38470.371363504746
38470.371363504746
38470.371363504746
38470.371363504746
38470.371363504746
38470.371363504746
38470.371363504746
38470.371363504746
38470.371363504746
38470.371363504746
38470.371363504746
38470.371363504746
38470.371363504746
38470.371363504746
38470.371363504746
38470.371363504746
38470.371363504746
38470.371363504746
38470.371363504746
38470.371363504746
38470.371363504746
38470.371363504746
38470.371363504746
38470.371363504746
38470.371363504746
38470.371363504746
38470.371363504746
38470.371363504746
38470.371363504746
38183.77941053861
38183.77941053861
37761.66797648034
37761.66797648034
37761.66797648034
37761.66797648034
37761.66797648034
37761.66797648034
37708.451191372864
37708.451191372864
36478.34511828992
36478.34511828992
36478.34511828992
36478.34511828992
36478.34511828992
36478.34511828992
36478.34511828992
36478.34511828992
36478.34511828992
36478.34511828992
36478.34511828992
36478.34511828992
36478.34511828992
36478.34511828992
36478.34511828992
36478.34511828992
36478.34511828992
36478.34511828992
36478.34511828992
36478.34511828992
36478.34511828992
36478.34511828992
36478.34511828992
36478.34511828992
36478.34511828992
36478.34511828992
36478.34511828992
36478.34511828992
36478.34511828992
36478.34511828992
36478.34511828992
36478.34511828992
36478.34511828992
36478.34511828992
35926.331920827986
35926.331920827986
35926.331920827986
35926.331920827986
35926.331920827986
35926.331920827986
34899.092577426774
34899.092577426774
34899.092577426774
34899.092577426774
34899.092577426774
34899.092577426774
34899.092577426774
34899.092577426774
34899.092577426774
34899.092577426774
34899.092577426774
34899.092577426774
34899.092577426774
34899.092577426774
34899.092577426774
34899.092577426774
34899.092577426774
34899.092577426774
34899.092577426774
34899.092577426774
34899.092577426774
34899.092577426774
34899.092577426774
34899.092577426774
34899.092577426774
34899.092577426774
34899.092577426774
34899.092577426774
34899.092577426774
34899.092577426774
34899.092577426774
34899.092577426774
34899.092577426774
34899.092577426774
34899.092577426774
34899.092577426774
34899.092577426774
34899.092577426774
34899.092577426774
34899.092577426774
34899.092577426774
34899.092577426774
34899.092577426774
34899.092577426774
34899.092577426774
34899.092577426774
34899.092577426774
34899.092577426774
34899.092577426774
34899.092577426774
34899.092577426774
34899.092577426774
34899.092577426774
34899.092577426774
34899.092577426774
34350.59330312722
34350.59330312722
34350.59330312722
34350.59330312722
34350.59330312722
34350.59330312722
34350.59330312722
34350.59330312722
34350.59330312722
34350.59330312722
34350.59330312722
34350.59330312722
34350.59330312722
34350.59330312722
34350.59330312722
34350.59330312722
34350.59330312722
34350.59330312722
34350.59330312722
34350.59330312722
34350.59330312722
34350.59330312722
34350.59330312722
34350.59330312722
34350.59330312722
34350.59330312722
34350.59330312722
34350.59330312722
34350.59330312722
34350.59330312722
34350.59330312722
34350.59330312722
34350.59330312722
34350.59330312722
34350.59330312722
34350.59330312722
34350.59330312722
34350.59330312722
34350.59330312722
34350.59330312722
34350.59330312722
34350.59330312722
34350.59330312722
34350.59330312722
34350.59330312722
34350.59330312722
34350.59330312722
34350.59330312722
34350.59330312722
34350.59330312722
34350.59330312722
34350.59330312722
34350.59330312722
34350.59330312722
34350.59330312722
34350.59330312722
34350.59330312722
34350.59330312722
34350.59330312722
34350.59330312722
34350.59330312722
34350.59330312722
34350.59330312722
34350.59330312722
34350.59330312722
34350.59330312722
34350.59330312722
34350.59330312722
34350.59330312722
34350.59330312722
33266.10147785661
33266.10147785661
33266.10147785661
33266.10147785661
33266.10147785661
33266.10147785661
33266.10147785661
33266.10147785661
33266.10147785661
33266.10147785661
33266.10147785661
33206.25948895055
33206.25948895055
33206.25948895055
33206.25948895055
33206.25948895055
33206.25948895055
33206.25948895055
33206.25948895055
33206.25948895055
33206.25948895055
31942.248455198715
31942.248455198715
31942.248455198715
31942.248455198715
31942.248455198715
31942.248455198715
31942.248455198715
31942.248455198715
31942.248455198715
31942.248455198715
31942.248455198715
31942.248455198715
31942.248455198715
31942.248455198715
31942.248455198715
31942.248455198715
31942.248455198715
31942.248455198715
31942.248455198715
31942.248455198715
31942.248455198715
31942.248455198715
31942.248455198715
31942.248455198715
31942.248455198715
31942.248455198715
31942.248455198715
31942.248455198715
31942.248455198715
31942.248455198715
31942.248455198715
31942.248455198715
31942.248455198715
31942.248455198715
31942.248455198715
31942.248455198715
31942.248455198715
31942.248455198715
31942.248455198715
31942.248455198715
31942.248455198715
31942.248455198715
31942.248455198715
31942.248455198715
31942.248455198715
31942.248455198715
31942.248455198715
31942.248455198715
31942.248455198715
31942.248455198715
31942.248455198715
31942.248455198715
31942.248455198715
31942.248455198715
31942.248455198715
31942.248455198715
31942.248455198715
31942.248455198715
31942.248455198715
31942.248455198715
31942.248455198715
31942.248455198715
31451.429968232544
31451.429968232544
31451.429968232544
31451.429968232544
31451.429968232544
31451.429968232544
31451.429968232544
31451.429968232544
31451.429968232544
31451.429968232544
31451.429968232544
31451.429968232544
31451.429968232544
31451.429968232544
31451.429968232544
31451.429968232544
31451.429968232544
31451.429968232544
31451.429968232544
31451.429968232544
31451.429968232544
31451.429968232544
31451.429968232544
31451.429968232544
31451.429968232544
31451.429968232544
31451.429968232544
31451.429968232544
31451.429968232544
31451.429968232544
31451.429968232544
31451.429968232544
31451.429968232544
31451.429968232544
31451.429968232544
31451.429968232544
31451.429968232544
31451.429968232544
31451.429968232544
31451.429968232544
31451.429968232544
31451.429968232544
31451.429968232544
31451.429968232544
31451.429968232544
31451.429968232544
31451.429968232544
31451.429968232544
31451.429968232544
31451.429968232544
31451.429968232544
31451.429968232544
31451.429968232544
31451.429968232544
31451.429968232544
31451.429968232544
31451.429968232544
31451.429968232544
31451.429968232544
31451.429968232544
31451.429968232544
31451.429968232544
31451.429968232544
31451.429968232544
31451.429968232544
31451.429968232544
31451.429968232544
31451.429968232544
31451.429968232544
31451.429968232544
31451.429968232544
31451.429968232544
31451.429968232544
31451.429968232544
31451.429968232544
31451.429968232544
31451.429968232544
31451.429968232544
31451.429968232544
31451.429968232544
31451.429968232544
31451.429968232544
31451.429968232544
31451.429968232544
31451.429968232544
31451.429968232544
31451.429968232544
31451.429968232544
31451.429968232544
31451.429968232544
31451.429968232544
31451.429968232544
31451.429968232544
31451.429968232544
31451.429968232544
31451.429968232544
31451.429968232544
31451.429968232544
31451.429968232544
31451.429968232544
31451.429968232544
31451.429968232544
31451.429968232544
31451.429968232544
31451.429968232544
31451.429968232544
31451.429968232544
31451.429968232544
31451.429968232544
31451.429968232544
31451.429968232544
31451.429968232544
31451.429968232544
31451.429968232544
31451.429968232544
31451.429968232544
31451.429968232544
31451.429968232544
31417.738440410547
31417.738440410547
31417.738440410547
31417.738440410547
31417.738440410547
31417.738440410547
31417.738440410547
Time: 64.44856071472168 seconds 
Best solution: 31417.738440410547 [4, 5, 3, 2, 6, 1, 10, 7, 15, 21, 16, 17, 14, 13, 34, 35, 38, 39, 42, 44, 45, 40, 49, 43, 46, 57, 56, 74, 75, 89, 99, 98, 100, 95, 94, 87, 88, 65, 66, 60, 53, 50, 105, 62, 63, 81, 90, 70, 80, 76, 73, 69, 91, 93, 82, 71, 64, 77, 83, 79, 101, 102, 97, 96, 92, 85, 86, 68, 67, 78, 84, 61, 36, 31, 103, 24, 25, 26, 18, 11, 32, 30, 19, 12, 9, 27, 33, 41, 55, 52, 48, 59, 72, 51, 58, 54, 47, 37, 104, 20, 23, 29, 22, 28, 8]
Avg solution: 46403.13230533735