Alg:1, Run: 9, file: C:\Users\gabri\Documents\AN 3 SEM 2\AI\Lab\Lab3\\lin105.tsp, population number: 1000, generations: 1000 
105428.24649322213
105428.24649322213
101805.9022062079
100285.80846462307
99511.30966670564
99511.30966670564
98476.08852705244
98476.08852705244
93659.94288998378
93659.94288998378
93659.94288998378
93659.94288998378
93659.94288998378
93334.13544047612
93334.13544047612
91841.61813994471
91841.61813994471
91841.61813994471
91841.61813994471
90329.71455876535
90329.71455876535
90329.71455876535
90329.71455876535
90329.71455876535
90329.71455876535
88905.6611481997
87442.61104279723
87442.61104279723
87442.61104279723
87014.19053531328
86298.1776569067
86298.1776569067
86183.52418863046
84587.7958770534
84587.7958770534
84587.7958770534
83134.63153342821
83134.63153342821
83134.63153342821
83134.63153342821
83126.39374717251
83126.39374717251
83126.39374717251
81587.2111684272
81587.2111684272
81587.2111684272
80911.26579493828
80374.90009382182
80374.90009382182
80374.90009382182
78169.61235069628
78169.61235069628
78169.61235069628
77323.65161828474
77323.65161828474
77323.65161828474
77323.65161828474
77323.65161828474
77323.65161828474
77323.65161828474
77323.65161828474
77323.65161828474
75225.4605969284
75225.4605969284
75225.4605969284
75225.4605969284
75225.4605969284
75225.4605969284
75225.4605969284
75225.4605969284
75225.4605969284
73515.95291229252
73515.95291229252
73259.09028468018
73259.09028468018
71748.7541438876
71748.7541438876
71748.7541438876
71748.7541438876
71748.7541438876
71748.7541438876
71748.7541438876
71748.7541438876
71748.7541438876
71748.7541438876
71748.7541438876
71748.7541438876
70474.4254947455
70474.4254947455
70474.4254947455
70474.4254947455
70474.4254947455
68301.71378328644
68301.71378328644
68301.71378328644
67970.66235466274
67970.66235466274
67970.66235466274
67970.66235466274
67970.66235466274
67970.66235466274
67970.66235466274
67970.66235466274
67970.66235466274
67970.66235466274
67970.66235466274
67970.66235466274
67970.66235466274
67970.66235466274
67970.66235466274
67970.66235466274
67970.66235466274
67970.66235466274
67970.66235466274
67970.66235466274
67970.66235466274
67970.66235466274
66659.28997128703
66659.28997128703
66659.28997128703
66659.28997128703
66659.28997128703
66659.28997128703
66357.858522753
66357.858522753
66357.858522753
66357.858522753
66357.858522753
66357.858522753
65960.84996957562
65960.84996957562
65960.84996957562
65960.84996957562
65960.84996957562
65960.84996957562
65960.84996957562
65167.78685959152
61457.97923728615
61457.97923728615
61457.97923728615
61457.97923728615
61457.97923728615
61457.97923728615
61457.97923728615
61457.97923728615
61457.97923728615
61457.97923728615
61457.97923728615
61457.97923728615
61457.97923728615
61457.97923728615
61457.97923728615
61457.97923728615
61457.97923728615
61457.97923728615
61222.95482076564
61222.95482076564
61222.95482076564
61222.95482076564
61222.95482076564
61222.95482076564
61222.95482076564
61222.95482076564
61222.95482076564
61222.95482076564
61222.95482076564
61222.95482076564
61222.95482076564
61222.95482076564
61222.95482076564
61222.95482076564
61222.95482076564
61222.95482076564
61222.95482076564
61222.95482076564
61222.95482076564
61222.95482076564
61222.95482076564
59806.38663665952
59806.38663665952
59806.38663665952
59806.38663665952
59806.38663665952
59806.38663665952
59806.38663665952
59806.38663665952
59806.38663665952
59806.38663665952
59806.38663665952
59548.118381002096
59548.118381002096
59050.251321560725
59050.251321560725
59050.251321560725
59050.251321560725
59050.251321560725
59050.251321560725
59050.251321560725
59050.251321560725
59050.251321560725
59050.251321560725
59050.251321560725
59050.251321560725
59050.251321560725
59050.251321560725
59050.251321560725
59050.251321560725
59050.251321560725
59050.251321560725
59050.251321560725
59034.981964333405
59034.981964333405
58690.91099734178
58690.91099734178
58690.91099734178
58690.91099734178
58690.91099734178
56760.49442812678
56760.49442812678
56760.49442812678
56760.49442812678
56760.49442812678
56760.49442812678
56760.49442812678
56760.49442812678
56760.49442812678
56760.49442812678
56718.46070230251
56718.46070230251
56718.46070230251
56718.46070230251
56718.46070230251
56718.46070230251
56576.331084128666
56576.331084128666
55900.538181066404
55900.538181066404
55900.538181066404
55900.538181066404
55900.538181066404
55900.538181066404
55900.538181066404
55900.538181066404
55900.538181066404
55900.538181066404
55900.538181066404
55900.538181066404
55885.05140115383
55885.05140115383
55641.71623906859
55641.71623906859
55641.71623906859
55641.71623906859
55641.71623906859
55390.733099257035
55261.80098395325
55261.80098395325
55261.80098395325
55261.80098395325
55261.80098395325
55261.80098395325
55261.80098395325
55261.80098395325
55261.80098395325
53014.19110727175
53014.19110727175
53014.19110727175
53014.19110727175
53014.19110727175
53014.19110727175
53014.19110727175
53014.19110727175
53014.19110727175
53014.19110727175
53014.19110727175
53014.19110727175
53014.19110727175
53014.19110727175
53014.19110727175
53014.19110727175
53014.19110727175
53014.19110727175
53014.19110727175
53014.19110727175
52507.202341452576
52507.202341452576
52507.202341452576
52507.202341452576
52507.202341452576
52507.202341452576
52507.202341452576
52507.202341452576
52507.202341452576
52488.22862390782
52488.22862390782
52488.22862390782
52488.22862390782
52488.22862390782
52488.22862390782
52488.22862390782
52488.22862390782
52408.22260273057
52408.22260273057
52408.22260273057
52408.22260273057
52408.22260273057
51365.81123980762
51365.81123980762
51365.81123980762
51365.81123980762
51365.81123980762
51365.81123980762
51365.81123980762
51365.81123980762
51365.81123980762
51365.81123980762
51365.81123980762
51365.81123980762
51365.81123980762
51365.81123980762
51365.81123980762
51365.81123980762
51365.81123980762
51365.81123980762
51365.81123980762
51365.81123980762
51365.81123980762
51365.81123980762
48936.36136723465
48936.36136723465
48936.36136723465
48936.36136723465
48936.36136723465
48936.36136723465
48936.36136723465
48936.36136723465
48936.36136723465
48936.36136723465
48936.36136723465
48936.36136723465
48936.36136723465
48936.36136723465
48936.36136723465
48936.36136723465
48936.36136723465
48936.36136723465
48936.36136723465
48936.36136723465
48936.36136723465
48936.36136723465
48936.36136723465
48936.36136723465
48936.36136723465
48936.36136723465
47945.61621291994
47945.61621291994
47945.61621291994
47945.61621291994
47945.61621291994
47945.61621291994
47945.61621291994
47945.61621291994
47945.61621291994
47945.61621291994
47945.61621291994
47945.61621291994
47945.61621291994
47945.61621291994
47945.61621291994
47945.61621291994
47945.61621291994
47945.61621291994
47945.61621291994
47945.61621291994
47945.61621291994
47945.61621291994
47322.945889183204
47322.945889183204
47322.945889183204
47322.945889183204
47322.945889183204
47322.945889183204
47322.945889183204
47322.945889183204
47322.945889183204
47020.387975032056
47020.387975032056
47020.387975032056
47020.387975032056
47020.387975032056
47020.387975032056
47020.387975032056
47020.387975032056
47020.387975032056
47020.387975032056
47020.387975032056
47020.387975032056
47020.387975032056
46807.523999018464
46807.523999018464
46807.523999018464
46807.523999018464
46807.523999018464
46807.523999018464
46467.12412817519
46467.12412817519
46467.12412817519
46467.12412817519
46467.12412817519
46467.12412817519
46467.12412817519
45599.27006419283
45599.27006419283
45599.27006419283
45599.27006419283
45599.27006419283
45599.27006419283
45599.27006419283
45599.27006419283
45599.27006419283
45599.27006419283
45599.27006419283
45599.27006419283
45599.27006419283
45599.27006419283
45434.43544000539
45434.43544000539
45434.43544000539
45434.43544000539
45434.43544000539
45434.43544000539
45434.43544000539
45434.43544000539
45434.43544000539
45434.43544000539
45434.43544000539
45434.43544000539
45434.43544000539
45434.43544000539
45434.43544000539
44524.316653195376
44524.316653195376
44524.316653195376
44524.316653195376
41863.48137058296
41863.48137058296
41863.48137058296
41863.48137058296
41863.48137058296
41863.48137058296
41863.48137058296
41863.48137058296
41863.48137058296
41863.48137058296
41863.48137058296
41863.48137058296
41863.48137058296
41863.48137058296
41863.48137058296
41863.48137058296
41863.48137058296
41863.48137058296
41863.48137058296
41863.48137058296
41863.48137058296
41863.48137058296
41863.48137058296
41863.48137058296
41863.48137058296
41863.48137058296
41863.48137058296
41863.48137058296
41863.48137058296
41863.48137058296
41863.48137058296
41863.48137058296
41863.48137058296
41863.48137058296
41863.48137058296
41863.48137058296
41863.48137058296
41863.48137058296
41863.48137058296
41863.48137058296
41863.48137058296
41863.48137058296
41863.48137058296
41863.48137058296
41863.48137058296
41863.48137058296
41863.48137058296
41863.48137058296
41863.48137058296
41863.48137058296
41863.48137058296
41863.48137058296
41863.48137058296
41863.48137058296
41863.48137058296
41863.48137058296
41863.48137058296
41863.48137058296
41863.48137058296
41863.48137058296
41863.48137058296
41427.18567891493
41427.18567891493
41427.18567891493
41427.18567891493
41255.714179017545
41255.714179017545
41255.714179017545
41255.714179017545
41255.714179017545
41255.714179017545
39898.14605053735
39898.14605053735
39898.14605053735
39898.14605053735
39898.14605053735
39898.14605053735
39898.14605053735
39898.14605053735
39898.14605053735
39898.14605053735
39898.14605053735
39898.14605053735
39898.14605053735
39898.14605053735
39898.14605053735
39898.14605053735
39898.14605053735
39898.14605053735
39898.14605053735
39898.14605053735
39898.14605053735
39898.14605053735
39898.14605053735
39898.14605053735
39898.14605053735
39898.14605053735
39898.14605053735
39898.14605053735
39898.14605053735
39898.14605053735
39898.14605053735
39898.14605053735
39898.14605053735
39898.14605053735
39898.14605053735
39898.14605053735
39898.14605053735
39898.14605053735
39898.14605053735
39898.14605053735
39898.14605053735
39898.14605053735
39898.14605053735
39692.53272952679
39692.53272952679
39692.53272952679
39692.53272952679
39692.53272952679
39692.53272952679
39692.53272952679
39692.53272952679
39006.01601577873
39006.01601577873
38005.11314895499
38005.11314895499
38005.11314895499
38005.11314895499
38005.11314895499
38005.11314895499
38005.11314895499
37202.817011838364
37202.817011838364
37202.817011838364
37202.817011838364
37202.817011838364
37202.817011838364
37202.817011838364
37202.817011838364
37202.817011838364
37202.817011838364
37202.817011838364
37202.817011838364
37202.817011838364
37202.817011838364
37202.817011838364
37202.817011838364
37202.817011838364
37202.817011838364
37202.817011838364
37202.817011838364
37202.817011838364
37202.817011838364
37202.817011838364
37202.817011838364
37202.817011838364
37202.817011838364
37202.817011838364
37202.817011838364
37202.817011838364
37202.817011838364
37202.817011838364
37202.817011838364
37202.817011838364
37202.817011838364
37202.817011838364
37202.817011838364
37202.817011838364
37202.817011838364
37202.817011838364
37202.817011838364
37202.817011838364
37202.817011838364
37202.817011838364
37202.817011838364
37202.817011838364
37202.817011838364
37202.817011838364
37202.817011838364
37202.817011838364
37202.817011838364
37202.817011838364
37202.817011838364
37202.817011838364
37202.817011838364
37202.817011838364
37202.817011838364
36966.90388796354
36966.90388796354
36966.90388796354
36966.90388796354
36966.90388796354
36966.90388796354
36966.90388796354
36966.90388796354
36966.90388796354
36966.90388796354
36966.90388796354
36966.90388796354
36966.90388796354
36966.90388796354
36966.90388796354
36966.90388796354
36828.70298985306
36828.70298985306
36828.70298985306
36828.70298985306
36828.70298985306
36828.70298985306
36828.70298985306
36828.70298985306
36828.70298985306
36828.70298985306
36828.70298985306
36828.70298985306
36828.70298985306
36388.07789204693
36388.07789204693
36388.07789204693
36388.07789204693
36388.07789204693
36388.07789204693
36388.07789204693
36388.07789204693
36388.07789204693
36388.07789204693
36388.07789204693
36388.07789204693
36388.07789204693
36388.07789204693
36388.07789204693
36388.07789204693
36388.07789204693
36388.07789204693
36388.07789204693
36388.07789204693
36388.07789204693
36388.07789204693
36388.07789204693
36388.07789204693
36388.07789204693
36388.07789204693
36388.07789204693
34926.34445804454
34926.34445804454
34926.34445804454
34926.34445804454
34926.34445804454
34926.34445804454
34926.34445804454
34926.34445804454
34926.34445804454
34926.34445804454
34926.34445804454
34926.34445804454
34926.34445804454
34926.34445804454
34926.34445804454
34926.34445804454
34926.34445804454
34926.34445804454
34926.34445804454
34926.34445804454
34926.34445804454
34926.34445804454
34926.34445804454
34926.34445804454
34926.34445804454
34926.34445804454
34926.34445804454
34926.34445804454
34926.34445804454
34926.34445804454
34926.34445804454
34926.34445804454
34926.34445804454
34926.34445804454
34926.34445804454
34926.34445804454
34926.34445804454
34926.34445804454
34926.34445804454
34926.34445804454
34926.34445804454
34926.34445804454
34926.34445804454
34926.34445804454
34926.34445804454
34926.34445804454
34926.34445804454
34926.34445804454
34926.34445804454
34926.34445804454
34926.34445804454
34926.34445804454
34926.34445804454
34926.34445804454
34926.34445804454
34926.34445804454
34926.34445804454
34926.34445804454
34926.34445804454
34698.166122635026
34698.166122635026
34698.166122635026
34698.166122635026
34698.166122635026
34698.166122635026
34698.166122635026
34698.166122635026
34698.166122635026
34698.166122635026
34698.166122635026
34698.166122635026
34698.166122635026
34698.166122635026
34698.166122635026
34698.166122635026
34698.166122635026
34698.166122635026
34698.166122635026
34698.166122635026
34698.166122635026
34698.166122635026
34698.166122635026
34698.166122635026
34698.166122635026
34698.166122635026
34698.166122635026
34698.166122635026
34698.166122635026
34698.166122635026
34698.166122635026
33260.17293304868
33260.17293304868
33260.17293304868
33260.17293304868
33260.17293304868
33260.17293304868
33260.17293304868
33260.17293304868
33260.17293304868
33260.17293304868
33260.17293304868
33260.17293304868
33260.17293304868
33260.17293304868
33260.17293304868
33260.17293304868
33260.17293304868
33260.17293304868
33260.17293304868
33260.17293304868
33260.17293304868
33260.17293304868
33260.17293304868
33260.17293304868
33260.17293304868
33260.17293304868
33260.17293304868
33260.17293304868
33260.17293304868
33260.17293304868
33260.17293304868
33260.17293304868
33260.17293304868
33260.17293304868
33260.17293304868
33260.17293304868
33260.17293304868
33260.17293304868
33260.17293304868
33260.17293304868
33260.17293304868
33260.17293304868
33260.17293304868
33260.17293304868
33260.17293304868
33260.17293304868
33260.17293304868
33260.17293304868
33260.17293304868
33260.17293304868
33260.17293304868
33260.17293304868
33260.17293304868
33260.17293304868
33260.17293304868
33260.17293304868
33260.17293304868
33260.17293304868
33260.17293304868
33260.17293304868
33260.17293304868
33260.17293304868
33260.17293304868
33260.17293304868
33260.17293304868
33260.17293304868
33260.17293304868
33260.17293304868
33260.17293304868
33260.17293304868
33260.17293304868
33260.17293304868
33260.17293304868
33260.17293304868
33260.17293304868
33260.17293304868
33260.17293304868
33260.17293304868
33260.17293304868
33260.17293304868
33260.17293304868
33260.17293304868
33260.17293304868
33260.17293304868
33260.17293304868
33260.17293304868
33260.17293304868
33260.17293304868
33260.17293304868
33260.17293304868
33260.17293304868
33260.17293304868
33260.17293304868
33260.17293304868
33260.17293304868
33260.17293304868
33260.17293304868
33260.17293304868
33260.17293304868
33260.17293304868
33260.17293304868
33260.17293304868
33260.17293304868
33260.17293304868
33260.17293304868
33260.17293304868
33260.17293304868
33260.17293304868
33260.17293304868
33260.17293304868
33260.17293304868
33260.17293304868
33260.17293304868
33260.17293304868
33260.17293304868
33260.17293304868
33260.17293304868
33260.17293304868
33260.17293304868
33260.17293304868
33260.17293304868
33260.17293304868
33260.17293304868
33260.17293304868
33260.17293304868
33260.17293304868
33260.17293304868
33260.17293304868
33260.17293304868
33260.17293304868
33260.17293304868
33260.17293304868
33260.17293304868
33260.17293304868
33260.17293304868
33260.17293304868
33260.17293304868
33260.17293304868
33260.17293304868
33260.17293304868
33260.17293304868
33260.17293304868
33260.17293304868
33260.17293304868
33260.17293304868
33260.17293304868
33260.17293304868
33260.17293304868
33260.17293304868
33260.17293304868
33260.17293304868
33260.17293304868
33260.17293304868
33260.17293304868
33260.17293304868
33260.17293304868
33260.17293304868
33260.17293304868
33260.17293304868
33260.17293304868
33260.17293304868
33260.17293304868
33260.17293304868
33260.17293304868
33260.17293304868
33260.17293304868
33260.17293304868
33260.17293304868
32597.558358215327
32597.558358215327
32597.558358215327
32597.558358215327
32597.558358215327
32597.558358215327
32597.558358215327
32597.558358215327
32597.558358215327
32597.558358215327
32597.558358215327
32597.558358215327
32597.558358215327
32597.558358215327
32597.558358215327
32597.558358215327
32597.558358215327
32597.558358215327
32597.558358215327
32597.558358215327
32597.558358215327
32516.106907726844
32516.106907726844
32516.106907726844
32516.106907726844
32516.106907726844
32516.106907726844
32516.106907726844
32480.642133341968
32480.642133341968
32480.642133341968
32480.642133341968
32480.642133341968
32480.642133341968
32480.642133341968
32480.642133341968
32480.642133341968
32480.642133341968
32480.642133341968
32480.642133341968
32480.642133341968
32480.642133341968
32480.642133341968
32480.642133341968
32480.642133341968
32480.642133341968
32480.642133341968
32480.642133341968
32480.642133341968
32480.642133341968
32480.642133341968
32480.642133341968
32480.642133341968
32480.642133341968
32480.642133341968
Time: 64.31708908081055 seconds 
Best solution: 32480.642133341968 [80, 76, 64, 46, 57, 51, 55, 105, 59, 41, 44, 40, 37, 54, 43, 45, 36, 104, 49, 56, 48, 50, 52, 39, 38, 13, 4, 14, 34, 35, 17, 18, 19, 9, 5, 8, 16, 26, 25, 22, 28, 12, 2, 1, 103, 6, 27, 3, 7, 10, 24, 20, 31, 11, 15, 23, 32, 29, 21, 30, 33, 42, 61, 60, 58, 47, 53, 63, 62, 78, 77, 72, 69, 79, 67, 68, 83, 85, 82, 71, 84, 73, 70, 81, 92, 91, 97, 93, 99, 90, 100, 88, 87, 65, 66, 94, 95, 74, 75, 89, 98, 101, 96, 102, 86]
Avg solution: 46878.40536603521