Alg:1, Run: 5, file: C:\Users\gabri\Documents\AN 3 SEM 2\AI\Lab\Lab3\\lin105.tsp, population number: 1000, generations: 1000 
104877.18293617405
102027.46843912029
102027.46843912029
102027.46843912029
100034.25179125891
99178.25412796496
99178.25412796496
98303.18778480825
98303.18778480825
98303.18778480825
96286.04135885002
96286.04135885002
96005.94617409394
92281.66083233194
90852.01195390004
90831.38705722605
88981.49955912025
87396.10009189506
87396.10009189506
87396.10009189506
87396.10009189506
87396.10009189506
87396.10009189506
87334.59824410977
86334.77598366055
85000.2152087968
85000.2152087968
85000.2152087968
84722.77860300813
84722.77860300813
84722.77860300813
84359.41367953642
82421.93182044713
82421.93182044713
82421.93182044713
80473.31816910695
80473.31816910695
80473.31816910695
80473.31816910695
80473.31816910695
80473.31816910695
80473.31816910695
80473.31816910695
80125.4032944406
79182.67088360604
78434.30664370285
78434.30664370285
78434.30664370285
78434.30664370285
78434.30664370285
78434.30664370285
78434.30664370285
78170.96774669322
78170.96774669322
78170.96774669322
78170.96774669322
76618.36753886481
76618.36753886481
76618.36753886481
75383.4979671621
75048.02518148205
75048.02518148205
75048.02518148205
75048.02518148205
75048.02518148205
75048.02518148205
75048.02518148205
74582.34350448343
74582.34350448343
74582.34350448343
74582.34350448343
74582.34350448343
74582.34350448343
74582.34350448343
74330.41121331546
74330.41121331546
74330.41121331546
73949.95841844179
73946.07718739512
68743.76147370187
68743.76147370187
68743.76147370187
68743.76147370187
68743.76147370187
68743.76147370187
68743.76147370187
68743.76147370187
68743.76147370187
68743.76147370187
68743.76147370187
68743.76147370187
68743.76147370187
68743.76147370187
68743.76147370187
68743.76147370187
68743.76147370187
68743.76147370187
68743.76147370187
68743.76147370187
68743.76147370187
68743.76147370187
68743.76147370187
68743.76147370187
68743.76147370187
68743.76147370187
68743.76147370187
68743.76147370187
68743.76147370187
67819.97832194716
67819.97832194716
67819.97832194716
67819.97832194716
67819.97832194716
67819.97832194716
67819.97832194716
67819.97832194716
67819.97832194716
67819.97832194716
67819.97832194716
67819.97832194716
67819.97832194716
67819.97832194716
67819.97832194716
67819.97832194716
67819.97832194716
67819.97832194716
67819.97832194716
65719.06978679352
65719.06978679352
65719.06978679352
65719.06978679352
65719.06978679352
65719.06978679352
65719.06978679352
65719.06978679352
65719.06978679352
65719.06978679352
65719.06978679352
65719.06978679352
65719.06978679352
65719.06978679352
65719.06978679352
65719.06978679352
65719.06978679352
65719.06978679352
65719.06978679352
65719.06978679352
65719.06978679352
65719.06978679352
64495.20283120023
64495.20283120023
64495.20283120023
64495.20283120023
64495.20283120023
64495.20283120023
64495.20283120023
64495.20283120023
64495.20283120023
62056.71748289063
62056.71748289063
62056.71748289063
62056.71748289063
62056.71748289063
62056.71748289063
60884.24931331218
60884.24931331218
60884.24931331218
60884.24931331218
60884.24931331218
60884.24931331218
60884.24931331218
60884.24931331218
60884.24931331218
60884.24931331218
60884.24931331218
60884.24931331218
60884.24931331218
60884.24931331218
60884.24931331218
60884.24931331218
60884.24931331218
60884.24931331218
60884.24931331218
60884.24931331218
60884.24931331218
60884.24931331218
60884.24931331218
60884.24931331218
60884.24931331218
57968.9941320462
57968.9941320462
57968.9941320462
57968.9941320462
57968.9941320462
57968.9941320462
57968.9941320462
57968.9941320462
56961.50694893938
56961.50694893938
56961.50694893938
56961.50694893938
56961.50694893938
56961.50694893938
56961.50694893938
56961.50694893938
56961.50694893938
56961.50694893938
56961.50694893938
56961.50694893938
56961.50694893938
56961.50694893938
56961.50694893938
56961.50694893938
56961.50694893938
56163.56906092329
56163.56906092329
56163.56906092329
56163.56906092329
56163.56906092329
56163.56906092329
56163.56906092329
55579.86966447745
55579.86966447745
55579.86966447745
55579.86966447745
55579.86966447745
55579.86966447745
55579.86966447745
55579.86966447745
55579.86966447745
55579.86966447745
54028.76560685509
54028.76560685509
54028.76560685509
54028.76560685509
54028.76560685509
54028.76560685509
53048.99769568538
53048.99769568538
53048.99769568538
53048.99769568538
53048.99769568538
53048.99769568538
53048.99769568538
53048.99769568538
53048.99769568538
53048.99769568538
53048.99769568538
53048.99769568538
53048.99769568538
53048.99769568538
53048.99769568538
53048.99769568538
53048.99769568538
51562.38400114738
51562.38400114738
51562.38400114738
51562.38400114738
51562.38400114738
51562.38400114738
51562.38400114738
51562.38400114738
51562.38400114738
51562.38400114738
51562.38400114738
51562.38400114738
50220.496938910015
50220.496938910015
50220.496938910015
50220.496938910015
50220.496938910015
50220.496938910015
50220.496938910015
50220.496938910015
50220.496938910015
50220.496938910015
50220.496938910015
50220.496938910015
50220.496938910015
50220.496938910015
50220.496938910015
50220.496938910015
50220.496938910015
50220.496938910015
50220.496938910015
50220.496938910015
50220.496938910015
50220.496938910015
50220.496938910015
50220.496938910015
50220.496938910015
50109.13273079157
50109.13273079157
50109.13273079157
50109.13273079157
50109.13273079157
50109.13273079157
50109.13273079157
50109.13273079157
50109.13273079157
50109.13273079157
50109.13273079157
50109.13273079157
50109.13273079157
50109.13273079157
48390.37019887967
48390.37019887967
48390.37019887967
48390.37019887967
48390.37019887967
48390.37019887967
48390.37019887967
48390.37019887967
48390.37019887967
48390.37019887967
48390.37019887967
48390.37019887967
48390.37019887967
48390.37019887967
48390.37019887967
48390.37019887967
48390.37019887967
48390.37019887967
48390.37019887967
48390.37019887967
48390.37019887967
48390.37019887967
48390.37019887967
48390.37019887967
48196.69757341486
48196.69757341486
48196.69757341486
48196.69757341486
48196.69757341486
48196.69757341486
48196.69757341486
48196.69757341486
48196.69757341486
48196.69757341486
48196.69757341486
48196.69757341486
48196.69757341486
48196.69757341486
48196.69757341486
48196.69757341486
48196.69757341486
48196.69757341486
48196.69757341486
47751.441708792416
47751.441708792416
46742.71909289506
46742.71909289506
46742.71909289506
46742.71909289506
46742.71909289506
46742.71909289506
46742.71909289506
46581.37168708554
46581.37168708554
46561.10205284598
46561.10205284598
46561.10205284598
46561.10205284598
46561.10205284598
46561.10205284598
46561.10205284598
46561.10205284598
46561.10205284598
46561.10205284598
46561.10205284598
46561.10205284598
45655.53632303998
45655.53632303998
45655.53632303998
45655.53632303998
45655.53632303998
45655.53632303998
45655.53632303998
45655.53632303998
45655.53632303998
45655.53632303998
45655.53632303998
45655.53632303998
45655.53632303998
45655.53632303998
45655.53632303998
45183.64394453898
45183.64394453898
45183.64394453898
45183.64394453898
45183.64394453898
45183.64394453898
45183.64394453898
45183.64394453898
45183.64394453898
45183.64394453898
45183.64394453898
45183.64394453898
45183.64394453898
45183.64394453898
45183.64394453898
45183.64394453898
45183.64394453898
45183.64394453898
45183.64394453898
45183.64394453898
45183.64394453898
45183.64394453898
45183.64394453898
45183.64394453898
45183.64394453898
45183.64394453898
45183.64394453898
45183.64394453898
44141.33937132624
44141.33937132624
44141.33937132624
44141.33937132624
44141.33937132624
44141.33937132624
44141.33937132624
44141.33937132624
44141.33937132624
44141.33937132624
44141.33937132624
44141.33937132624
44141.33937132624
44141.33937132624
44141.33937132624
44141.33937132624
44141.33937132624
44141.33937132624
44141.33937132624
44141.33937132624
44141.33937132624
44141.33937132624
43204.548344061855
43204.548344061855
43204.548344061855
43204.548344061855
43204.548344061855
43204.548344061855
43204.548344061855
43204.548344061855
43204.548344061855
43204.548344061855
43204.548344061855
43204.548344061855
43204.548344061855
42297.3331898085
42297.3331898085
42297.3331898085
42297.3331898085
42297.3331898085
42297.3331898085
42297.3331898085
42297.3331898085
42297.3331898085
42297.3331898085
42297.3331898085
42297.3331898085
42297.3331898085
42297.3331898085
42297.3331898085
42297.3331898085
42297.3331898085
42297.3331898085
42297.3331898085
42297.3331898085
41906.89797697898
41906.89797697898
41906.89797697898
41906.89797697898
41906.89797697898
41906.89797697898
41906.89797697898
41906.89797697898
41906.89797697898
41906.89797697898
41906.89797697898
41005.45115757205
41005.45115757205
41005.45115757205
41005.45115757205
41005.45115757205
41005.45115757205
41005.45115757205
41005.45115757205
41005.45115757205
41005.45115757205
41005.45115757205
41005.45115757205
41005.45115757205
41005.45115757205
41005.45115757205
41005.45115757205
41005.45115757205
41005.45115757205
41005.45115757205
41005.45115757205
40548.90380186812
40548.90380186812
40548.90380186812
40548.90380186812
40548.90380186812
40548.90380186812
40333.37386184984
40333.37386184984
40333.37386184984
40333.37386184984
40333.37386184984
40333.37386184984
40333.37386184984
40333.37386184984
40333.37386184984
40333.37386184984
40333.37386184984
40333.37386184984
40333.37386184984
40333.37386184984
39902.89178195558
39902.89178195558
39902.89178195558
39902.89178195558
39902.89178195558
39902.89178195558
39902.89178195558
39902.89178195558
39902.89178195558
39902.89178195558
39792.84156215586
39792.84156215586
38834.28684739765
38834.28684739765
38834.28684739765
38834.28684739765
38834.28684739765
38834.28684739765
38834.28684739765
38834.28684739765
38834.28684739765
38834.28684739765
38834.28684739765
38834.28684739765
38834.28684739765
38834.28684739765
38834.28684739765
38834.28684739765
38834.28684739765
38834.28684739765
38834.28684739765
38834.28684739765
38834.28684739765
38015.18294897961
38015.18294897961
38015.18294897961
38015.18294897961
38015.18294897961
38015.18294897961
37115.54205392456
37115.54205392456
37115.54205392456
37115.54205392456
37115.54205392456
37115.54205392456
37115.54205392456
37115.54205392456
37115.54205392456
37115.54205392456
37115.54205392456
37115.54205392456
37115.54205392456
37115.54205392456
37115.54205392456
37115.54205392456
37115.54205392456
37115.54205392456
37115.54205392456
37115.54205392456
37115.54205392456
37115.54205392456
37115.54205392456
37115.54205392456
37115.54205392456
37115.54205392456
37115.54205392456
37115.54205392456
37115.54205392456
37115.54205392456
37115.54205392456
37115.54205392456
37115.54205392456
37115.54205392456
37115.54205392456
37115.54205392456
37115.54205392456
37115.54205392456
37115.54205392456
37115.54205392456
37115.54205392456
37115.54205392456
37115.54205392456
37074.09520764678
37074.09520764678
37074.09520764678
37074.09520764678
37074.09520764678
37074.09520764678
37074.09520764678
37074.09520764678
37074.09520764678
37074.09520764678
37074.09520764678
37074.09520764678
37074.09520764678
37074.09520764678
37074.09520764678
37074.09520764678
37074.09520764678
37074.09520764678
37074.09520764678
36443.6611834692
36443.6611834692
36443.6611834692
36443.6611834692
36443.6611834692
36044.64398980996
36044.64398980996
36044.64398980996
36044.64398980996
36044.64398980996
36044.64398980996
36044.64398980996
36044.64398980996
36044.64398980996
36044.64398980996
36044.64398980996
36044.64398980996
36044.64398980996
36044.64398980996
36044.64398980996
36044.64398980996
36044.64398980996
36044.64398980996
36044.64398980996
36044.64398980996
36044.64398980996
36044.64398980996
36044.64398980996
36044.64398980996
36044.64398980996
36044.64398980996
36044.64398980996
36044.64398980996
36044.64398980996
36044.64398980996
36044.64398980996
36044.64398980996
36044.64398980996
36044.64398980996
36044.64398980996
35224.44541043522
35224.44541043522
35224.44541043522
35224.44541043522
35224.44541043522
35224.44541043522
35224.44541043522
35224.44541043522
35224.44541043522
35224.44541043522
35224.44541043522
35224.44541043522
35224.44541043522
35224.44541043522
35224.44541043522
35224.44541043522
35224.44541043522
35224.44541043522
35224.44541043522
35078.683831012786
35078.683831012786
35078.683831012786
35078.683831012786
35078.683831012786
35078.683831012786
35078.683831012786
35078.683831012786
34615.49744871209
34615.49744871209
34615.49744871209
34615.49744871209
34615.49744871209
34615.49744871209
34615.49744871209
34615.49744871209
34615.49744871209
34615.49744871209
34615.49744871209
34615.49744871209
34033.15260476287
34033.15260476287
34033.15260476287
34033.15260476287
34033.15260476287
34033.15260476287
33529.66204739083
33529.66204739083
33529.66204739083
33529.66204739083
33529.66204739083
33529.66204739083
33529.66204739083
33529.66204739083
33529.66204739083
33529.66204739083
33529.66204739083
33529.66204739083
33529.66204739083
33529.66204739083
33529.66204739083
33529.66204739083
33529.66204739083
33529.66204739083
33529.66204739083
33529.66204739083
33529.66204739083
33529.66204739083
33529.66204739083
33529.66204739083
33529.66204739083
33529.66204739083
33529.66204739083
33529.66204739083
33529.66204739083
33529.66204739083
33529.66204739083
33529.66204739083
33529.66204739083
33529.66204739083
33529.66204739083
33529.66204739083
33529.66204739083
33529.66204739083
33529.66204739083
33529.66204739083
33529.66204739083
33529.66204739083
33529.66204739083
33529.66204739083
33529.66204739083
33524.14769813301
33524.14769813301
33524.14769813301
33524.14769813301
33524.14769813301
33524.14769813301
33524.14769813301
33524.14769813301
33524.14769813301
33524.14769813301
33524.14769813301
33524.14769813301
33524.14769813301
33524.14769813301
33524.14769813301
33524.14769813301
33524.14769813301
33524.14769813301
33524.14769813301
33524.14769813301
33524.14769813301
33524.14769813301
33524.14769813301
33524.14769813301
33524.14769813301
33524.14769813301
33524.14769813301
33108.28221031113
33108.28221031113
33108.28221031113
33108.28221031113
33072.054679505505
33072.054679505505
33072.054679505505
33072.054679505505
33072.054679505505
33072.054679505505
33072.054679505505
33072.054679505505
33072.054679505505
33072.054679505505
33072.054679505505
33072.054679505505
33072.054679505505
33072.054679505505
33072.054679505505
33072.054679505505
33072.054679505505
33072.054679505505
33072.054679505505
32821.15707301968
32821.15707301968
32821.15707301968
32821.15707301968
32821.15707301968
32821.15707301968
32821.15707301968
32821.15707301968
32821.15707301968
32821.15707301968
32821.15707301968
32821.15707301968
32821.15707301968
32821.15707301968
32821.15707301968
32821.15707301968
32821.15707301968
32821.15707301968
32821.15707301968
32821.15707301968
32821.15707301968
32821.15707301968
32821.15707301968
32821.15707301968
32821.15707301968
32821.15707301968
32821.15707301968
32821.15707301968
32821.15707301968
32821.15707301968
32821.15707301968
32821.15707301968
32821.15707301968
32821.15707301968
32821.15707301968
32821.15707301968
32821.15707301968
32356.03443102898
32356.03443102898
32356.03443102898
32356.03443102898
32356.03443102898
32356.03443102898
32356.03443102898
32356.03443102898
32356.03443102898
32356.03443102898
32356.03443102898
32356.03443102898
31296.510308899244
31296.510308899244
31296.510308899244
31296.510308899244
31296.510308899244
31296.510308899244
31296.510308899244
31296.510308899244
31046.032878354126
31046.032878354126
31046.032878354126
31046.032878354126
31046.032878354126
31046.032878354126
31046.032878354126
31046.032878354126
31046.032878354126
31046.032878354126
31046.032878354126
31046.032878354126
31046.032878354126
31046.032878354126
31046.032878354126
31046.032878354126
31046.032878354126
31046.032878354126
31046.032878354126
31046.032878354126
31046.032878354126
31046.032878354126
31046.032878354126
31046.032878354126
31046.032878354126
31046.032878354126
31046.032878354126
31046.032878354126
31046.032878354126
31046.032878354126
31046.032878354126
31046.032878354126
31046.032878354126
31046.032878354126
31046.032878354126
31046.032878354126
31046.032878354126
31046.032878354126
31046.032878354126
31046.032878354126
31046.032878354126
31046.032878354126
31046.032878354126
31046.032878354126
31046.032878354126
31046.032878354126
31046.032878354126
31046.032878354126
31046.032878354126
31046.032878354126
31046.032878354126
31046.032878354126
31046.032878354126
31046.032878354126
31046.032878354126
31046.032878354126
31046.032878354126
31046.032878354126
31046.032878354126
31046.032878354126
31046.032878354126
31046.032878354126
31046.032878354126
31046.032878354126
31046.032878354126
31046.032878354126
30930.682698450404
30930.682698450404
30930.682698450404
30930.682698450404
30930.682698450404
30930.682698450404
30930.682698450404
30930.682698450404
30904.758171707635
30904.758171707635
30904.758171707635
30904.758171707635
30904.758171707635
30904.758171707635
30904.758171707635
30904.758171707635
30904.758171707635
30904.758171707635
30867.173487880522
30770.698260428035
30770.698260428035
30770.698260428035
30770.698260428035
30770.698260428035
30770.698260428035
30770.698260428035
30770.698260428035
30770.698260428035
30770.698260428035
30770.698260428035
29974.107304202505
29974.107304202505
29974.107304202505
29974.107304202505
29974.107304202505
29974.107304202505
29974.107304202505
29974.107304202505
29974.107304202505
29974.107304202505
29974.107304202505
29974.107304202505
29974.107304202505
29974.107304202505
29974.107304202505
29974.107304202505
29974.107304202505
29974.107304202505
29974.107304202505
29862.241212039346
29862.241212039346
29862.241212039346
29862.241212039346
29862.241212039346
29862.241212039346
29862.241212039346
29862.241212039346
29862.241212039346
29862.241212039346
29862.241212039346
29862.241212039346
29862.241212039346
29862.241212039346
29862.241212039346
29862.241212039346
29862.241212039346
29862.241212039346
29862.241212039346
29862.241212039346
29862.241212039346
29862.241212039346
29862.241212039346
29862.241212039346
29862.241212039346
29862.241212039346
29862.241212039346
Time: 64.39413595199585 seconds 
Best solution: 29862.241212039346 [15, 103, 29, 22, 19, 36, 31, 28, 21, 32, 26, 25, 9, 10, 1, 3, 2, 6, 7, 12, 11, 30, 33, 49, 104, 52, 105, 56, 51, 45, 48, 47, 43, 46, 57, 55, 59, 58, 62, 63, 67, 85, 41, 50, 54, 61, 60, 65, 66, 70, 73, 69, 75, 74, 76, 81, 89, 90, 101, 102, 96, 97, 92, 91, 98, 99, 88, 87, 94, 100, 95, 93, 86, 64, 78, 83, 80, 77, 82, 84, 79, 68, 72, 71, 53, 40, 44, 42, 39, 38, 34, 35, 14, 13, 17, 18, 37, 16, 8, 5, 4, 27, 24, 23, 20]
Avg solution: 45752.47131096007