Alg:1, Run: 2, file: C:\Users\gabri\Documents\AN 3 SEM 2\AI\Lab\Lab3\\lin105.tsp, population number: 1000, generations: 1000 
105085.05816745394
105085.05816745394
103903.34492397979
99444.75066742986
98562.81564400936
98562.81564400936
98562.81564400936
98562.81564400936
97449.85187743662
97449.85187743662
93209.87768303008
93209.87768303008
93209.87768303008
93209.87768303008
93209.87768303008
93209.87768303008
93209.87768303008
93209.87768303008
92187.09060803801
91879.06032788349
91280.05002193015
89642.89665673423
89642.89665673423
89499.2132201822
87489.96982318554
87400.71742772922
87400.71742772922
87400.71742772922
86946.10302619817
84269.46119398483
84269.46119398483
84269.46119398483
84269.46119398483
84269.46119398483
84269.46119398483
84269.46119398483
84269.46119398483
83939.840278795
83765.9270426524
83765.9270426524
83765.9270426524
83765.9270426524
83765.9270426524
82638.93939035555
81415.77426669869
79926.04600216643
79926.04600216643
79926.04600216643
79926.04600216643
79926.04600216643
79926.04600216643
79926.04600216643
79926.04600216643
79926.04600216643
79926.04600216643
79926.04600216643
78421.00522433966
78421.00522433966
78205.11940381279
78205.11940381279
78205.11940381279
78205.11940381279
78205.11940381279
78205.11940381279
78205.11940381279
77132.12949639068
77132.12949639068
77132.12949639068
77132.12949639068
74253.9211047331
74253.9211047331
74253.9211047331
72652.02840100887
72652.02840100887
72652.02840100887
72652.02840100887
72652.02840100887
72652.02840100887
72652.02840100887
70399.80183142224
70399.80183142224
70399.80183142224
70399.80183142224
70399.80183142224
70399.80183142224
69873.05095624503
69873.05095624503
69873.05095624503
69873.05095624503
69873.05095624503
69873.05095624503
69873.05095624503
69873.05095624503
69873.05095624503
69873.05095624503
69873.05095624503
69873.05095624503
69873.05095624503
69873.05095624503
69873.05095624503
69873.05095624503
69873.05095624503
69873.05095624503
69873.05095624503
69873.05095624503
69873.05095624503
69873.05095624503
69873.05095624503
69873.05095624503
69873.05095624503
69873.05095624503
69873.05095624503
69873.05095624503
69873.05095624503
69873.05095624503
69873.05095624503
69850.91379727847
69850.91379727847
68844.47539972913
68844.47539972913
68844.47539972913
68844.47539972913
67238.69145553515
67238.69145553515
67238.69145553515
67238.69145553515
67238.69145553515
67238.69145553515
67238.69145553515
67238.69145553515
67238.69145553515
67238.69145553515
67238.69145553515
67238.69145553515
67238.69145553515
67238.69145553515
67238.69145553515
67238.69145553515
67238.69145553515
67238.69145553515
67238.69145553515
67238.69145553515
67238.69145553515
65109.27014073981
65109.27014073981
65109.27014073981
65109.27014073981
65109.27014073981
65109.27014073981
65109.27014073981
65109.27014073981
65109.27014073981
65109.27014073981
65109.27014073981
65109.27014073981
65109.27014073981
65109.27014073981
65109.27014073981
65109.27014073981
59335.473029074485
59335.473029074485
59335.473029074485
59335.473029074485
59335.473029074485
59335.473029074485
59335.473029074485
59335.473029074485
59335.473029074485
59335.473029074485
59335.473029074485
59335.473029074485
59335.473029074485
59335.473029074485
59335.473029074485
59335.473029074485
59335.473029074485
59335.473029074485
59335.473029074485
59335.473029074485
59335.473029074485
59335.473029074485
59335.473029074485
59335.473029074485
59335.473029074485
59335.473029074485
59335.473029074485
59335.473029074485
59335.473029074485
59335.473029074485
59335.473029074485
59335.473029074485
59335.473029074485
59335.473029074485
59335.473029074485
59335.473029074485
59335.473029074485
59335.473029074485
59335.473029074485
59335.473029074485
59335.473029074485
58348.113716185726
58348.113716185726
58348.113716185726
58348.113716185726
58348.113716185726
58348.113716185726
58348.113716185726
58348.113716185726
58348.113716185726
58348.113716185726
58348.113716185726
58348.113716185726
58348.113716185726
58348.113716185726
56342.19462292497
56342.19462292497
56342.19462292497
56342.19462292497
56342.19462292497
56342.19462292497
56342.19462292497
56342.19462292497
56342.19462292497
56342.19462292497
56342.19462292497
56342.19462292497
56342.19462292497
56342.19462292497
56342.19462292497
56342.19462292497
56342.19462292497
56342.19462292497
56342.19462292497
56342.19462292497
56028.8749949652
56028.8749949652
56028.8749949652
56028.8749949652
55320.92819848841
55320.92819848841
55320.92819848841
55320.92819848841
55320.92819848841
55320.92819848841
55320.92819848841
55320.92819848841
55289.18587901793
55289.18587901793
55289.18587901793
55289.18587901793
55289.18587901793
55289.18587901793
55115.686561026196
55115.686561026196
55115.686561026196
55115.686561026196
55115.686561026196
55115.686561026196
55115.686561026196
53722.64157750454
53722.64157750454
53722.64157750454
53722.64157750454
52535.54860440775
52535.54860440775
52535.54860440775
52535.54860440775
52535.54860440775
52535.54860440775
51625.79069043465
51625.79069043465
51625.79069043465
51625.79069043465
51625.79069043465
51625.79069043465
51625.79069043465
51625.79069043465
51625.79069043465
51625.79069043465
51625.79069043465
51625.79069043465
51625.79069043465
51625.79069043465
51625.79069043465
51625.79069043465
51625.79069043465
51543.4251102866
51543.4251102866
51543.4251102866
51543.4251102866
51543.4251102866
51543.4251102866
51543.4251102866
51169.04275157774
49841.93306748592
49161.015423200195
49161.015423200195
49161.015423200195
49161.015423200195
49161.015423200195
49161.015423200195
49161.015423200195
49161.015423200195
49161.015423200195
49161.015423200195
49161.015423200195
47867.669158664175
47867.669158664175
47867.669158664175
47867.669158664175
47867.669158664175
47867.669158664175
47867.669158664175
47867.669158664175
47867.669158664175
47867.669158664175
47867.669158664175
47867.669158664175
47867.669158664175
47867.669158664175
47867.669158664175
47867.669158664175
47867.669158664175
47867.669158664175
47867.669158664175
47867.669158664175
47867.669158664175
47867.669158664175
46740.247276088645
46740.247276088645
46740.247276088645
46740.247276088645
46336.00133839636
46336.00133839636
46336.00133839636
46336.00133839636
46336.00133839636
46336.00133839636
46336.00133839636
46336.00133839636
46336.00133839636
46336.00133839636
46336.00133839636
46234.75273256505
46234.75273256505
46234.75273256505
46234.75273256505
46234.75273256505
46079.525739173325
46079.525739173325
46079.525739173325
46079.525739173325
46079.525739173325
46079.525739173325
46079.525739173325
46079.525739173325
46079.525739173325
46079.525739173325
46079.525739173325
46079.525739173325
46079.525739173325
46079.525739173325
46079.525739173325
46079.525739173325
46079.525739173325
46079.525739173325
46079.525739173325
44402.916590136
44402.916590136
44402.916590136
44402.916590136
44402.916590136
44402.916590136
44402.916590136
44402.916590136
44402.916590136
44402.916590136
44402.916590136
44402.916590136
44402.916590136
43968.23285134287
43968.23285134287
43968.23285134287
43968.23285134287
43968.23285134287
43968.23285134287
43743.52571161638
43743.52571161638
43743.52571161638
43743.52571161638
43743.52571161638
43743.52571161638
43743.52571161638
43743.52571161638
43743.52571161638
43743.52571161638
43743.52571161638
43743.52571161638
43743.52571161638
43743.52571161638
43743.52571161638
43743.52571161638
43743.52571161638
43743.52571161638
43743.52571161638
43743.52571161638
43743.52571161638
43743.52571161638
43743.52571161638
43743.52571161638
43743.52571161638
43743.52571161638
43743.52571161638
43743.52571161638
43743.52571161638
43743.52571161638
43743.52571161638
43743.52571161638
43743.52571161638
43743.52571161638
43743.52571161638
41849.670691540814
41849.670691540814
41849.670691540814
41849.670691540814
41849.670691540814
41849.670691540814
41849.670691540814
41849.670691540814
41849.670691540814
41849.670691540814
41849.670691540814
41849.670691540814
41849.670691540814
41849.670691540814
41849.670691540814
41849.670691540814
41849.670691540814
41849.670691540814
41849.670691540814
41849.670691540814
41849.670691540814
41849.670691540814
41849.670691540814
41682.170627391155
41682.170627391155
41682.170627391155
41682.170627391155
41682.170627391155
41682.170627391155
41432.133280026115
41432.133280026115
41432.133280026115
41432.133280026115
41432.133280026115
41432.133280026115
41432.133280026115
41432.133280026115
40895.10678069091
40895.10678069091
40895.10678069091
40895.10678069091
40895.10678069091
40895.10678069091
40895.10678069091
40895.10678069091
40895.10678069091
40895.10678069091
40592.49080684411
40592.49080684411
40592.49080684411
40592.49080684411
40592.49080684411
40592.49080684411
40592.49080684411
40592.49080684411
40592.49080684411
40592.49080684411
40592.49080684411
40592.49080684411
40592.49080684411
40592.49080684411
40592.49080684411
40592.49080684411
40592.49080684411
40592.49080684411
40359.08670626256
40359.08670626256
40359.08670626256
40359.08670626256
40359.08670626256
40359.08670626256
40359.08670626256
40359.08670626256
40359.08670626256
40359.08670626256
40359.08670626256
40359.08670626256
40359.08670626256
40359.08670626256
40227.99824575674
40227.99824575674
40227.99824575674
40227.99824575674
39800.41277702403
39674.21151352752
39674.21151352752
39674.21151352752
39538.943020150095
39538.943020150095
39021.49147493119
39021.49147493119
39021.49147493119
37549.1751517291
37549.1751517291
37549.1751517291
37549.1751517291
37549.1751517291
37549.1751517291
37549.1751517291
37549.1751517291
37549.1751517291
37549.1751517291
37549.1751517291
37549.1751517291
37549.1751517291
37549.1751517291
37549.1751517291
37549.1751517291
37549.1751517291
37549.1751517291
37549.1751517291
37549.1751517291
37549.1751517291
37549.1751517291
37549.1751517291
37549.1751517291
37549.1751517291
37549.1751517291
37549.1751517291
37549.1751517291
37549.1751517291
37549.1751517291
37549.1751517291
37549.1751517291
37549.1751517291
37549.1751517291
37549.1751517291
37549.1751517291
37549.1751517291
37549.1751517291
37002.19815316109
37002.19815316109
37002.19815316109
36384.07461173422
36384.07461173422
36384.07461173422
36384.07461173422
36384.07461173422
36384.07461173422
36384.07461173422
36384.07461173422
36384.07461173422
36384.07461173422
36384.07461173422
36384.07461173422
36384.07461173422
36384.07461173422
36384.07461173422
36384.07461173422
36384.07461173422
36384.07461173422
36384.07461173422
36384.07461173422
36384.07461173422
36384.07461173422
36384.07461173422
36384.07461173422
36384.07461173422
36384.07461173422
36384.07461173422
36384.07461173422
36384.07461173422
36384.07461173422
36384.07461173422
36384.07461173422
36384.07461173422
36384.07461173422
36384.07461173422
36384.07461173422
36384.07461173422
36384.07461173422
36384.07461173422
36384.07461173422
36384.07461173422
36384.07461173422
36384.07461173422
36384.07461173422
36384.07461173422
36137.22537167848
36137.22537167848
36137.22537167848
36137.22537167848
36137.22537167848
36137.22537167848
36137.22537167848
36137.22537167848
36137.22537167848
36137.22537167848
36137.22537167848
36137.22537167848
36137.22537167848
35982.82368578896
35982.82368578896
35982.82368578896
35982.82368578896
35982.82368578896
34556.33787859287
34556.33787859287
34556.33787859287
34556.33787859287
34556.33787859287
34556.33787859287
34556.33787859287
34556.33787859287
34556.33787859287
34556.33787859287
34556.33787859287
34556.33787859287
34556.33787859287
34556.33787859287
34556.33787859287
34556.33787859287
34556.33787859287
34556.33787859287
34556.33787859287
34556.33787859287
34556.33787859287
34556.33787859287
34556.33787859287
34556.33787859287
34556.33787859287
34556.33787859287
34556.33787859287
34556.33787859287
34556.33787859287
34556.33787859287
34556.33787859287
34556.33787859287
34556.33787859287
34556.33787859287
34387.09165216129
34387.09165216129
34387.09165216129
34387.09165216129
34387.09165216129
34387.09165216129
34387.09165216129
34387.09165216129
34387.09165216129
34387.09165216129
34387.09165216129
34387.09165216129
34387.09165216129
34387.09165216129
34387.09165216129
34387.09165216129
34387.09165216129
34387.09165216129
34387.09165216129
34063.631806790385
34063.631806790385
34063.631806790385
34063.631806790385
34063.631806790385
34063.631806790385
34063.631806790385
34063.631806790385
34063.631806790385
34063.631806790385
34063.631806790385
34063.631806790385
34063.631806790385
34063.631806790385
33842.07951134257
33842.07951134257
33842.07951134257
33842.07951134257
33842.07951134257
33842.07951134257
33842.07951134257
32140.288608628816
32140.288608628816
32140.288608628816
32140.288608628816
32140.288608628816
32140.288608628816
32140.288608628816
32140.288608628816
32140.288608628816
32140.288608628816
32140.288608628816
32140.288608628816
30936.005783023877
30936.005783023877
30936.005783023877
30936.005783023877
30936.005783023877
30936.005783023877
30936.005783023877
30936.005783023877
30936.005783023877
30936.005783023877
30936.005783023877
30936.005783023877
30936.005783023877
30936.005783023877
30936.005783023877
30936.005783023877
30936.005783023877
30936.005783023877
30936.005783023877
30936.005783023877
30936.005783023877
30936.005783023877
30936.005783023877
29351.904102947097
29351.904102947097
29351.904102947097
29351.904102947097
29351.904102947097
29351.904102947097
29351.904102947097
29351.904102947097
29351.904102947097
29351.904102947097
29351.904102947097
29351.904102947097
29351.904102947097
29351.904102947097
29351.904102947097
29351.904102947097
29351.904102947097
29351.904102947097
29351.904102947097
29351.904102947097
29351.904102947097
29351.904102947097
29351.904102947097
29351.904102947097
29351.904102947097
29351.904102947097
29351.904102947097
29351.904102947097
29351.904102947097
29351.904102947097
29351.904102947097
29351.904102947097
29351.904102947097
29351.904102947097
29351.904102947097
29351.904102947097
29351.904102947097
29351.904102947097
29351.904102947097
29351.904102947097
29351.904102947097
29351.904102947097
29351.904102947097
29351.904102947097
29351.904102947097
29351.904102947097
29351.904102947097
29351.904102947097
29351.904102947097
29351.904102947097
29351.904102947097
29351.904102947097
29351.904102947097
29351.904102947097
29351.904102947097
29351.904102947097
29351.904102947097
29351.904102947097
29351.904102947097
29351.904102947097
29351.904102947097
29351.904102947097
29351.904102947097
29351.904102947097
29351.904102947097
29351.904102947097
29351.904102947097
29351.904102947097
29351.904102947097
29351.904102947097
29351.904102947097
29351.904102947097
29351.904102947097
29351.904102947097
29351.904102947097
29351.904102947097
29351.904102947097
29351.904102947097
29351.904102947097
29351.904102947097
29351.904102947097
29351.904102947097
29351.904102947097
29351.904102947097
29351.904102947097
29351.904102947097
29351.904102947097
29351.904102947097
29351.904102947097
29351.904102947097
29351.904102947097
29351.904102947097
29351.904102947097
29351.904102947097
29351.904102947097
29351.904102947097
29351.904102947097
29351.904102947097
29351.904102947097
29351.904102947097
29351.904102947097
29351.904102947097
29351.904102947097
29351.904102947097
29351.904102947097
29351.904102947097
29351.904102947097
29351.904102947097
29351.904102947097
29351.904102947097
29351.904102947097
29351.904102947097
29351.904102947097
29351.904102947097
29351.904102947097
29351.904102947097
28002.364504228502
28002.364504228502
28002.364504228502
28002.364504228502
28002.364504228502
28002.364504228502
28002.364504228502
28002.364504228502
28002.364504228502
28002.364504228502
28002.364504228502
28002.364504228502
28002.364504228502
28002.364504228502
28002.364504228502
28002.364504228502
28002.364504228502
28002.364504228502
28002.364504228502
28002.364504228502
28002.364504228502
28002.364504228502
28002.364504228502
28002.364504228502
28002.364504228502
28002.364504228502
28002.364504228502
28002.364504228502
28002.364504228502
28002.364504228502
28002.364504228502
28002.364504228502
28002.364504228502
28002.364504228502
28002.364504228502
28002.364504228502
28002.364504228502
28002.364504228502
28002.364504228502
28002.364504228502
28002.364504228502
28002.364504228502
28002.364504228502
28002.364504228502
28002.364504228502
28002.364504228502
28002.364504228502
28002.364504228502
28002.364504228502
28002.364504228502
28002.364504228502
28002.364504228502
28002.364504228502
28002.364504228502
28002.364504228502
28002.364504228502
27852.39041977903
27852.39041977903
27852.39041977903
27852.39041977903
27852.39041977903
27852.39041977903
27852.39041977903
27812.115447523036
27812.115447523036
27812.115447523036
27812.115447523036
27812.115447523036
27812.115447523036
27812.115447523036
27812.115447523036
27812.115447523036
27812.115447523036
27812.115447523036
27812.115447523036
27812.115447523036
27812.115447523036
27812.115447523036
27812.115447523036
27812.115447523036
27476.776440392227
27476.776440392227
27476.776440392227
27476.776440392227
27476.776440392227
27476.776440392227
27476.776440392227
27476.776440392227
27476.776440392227
27476.776440392227
27476.776440392227
27476.776440392227
27476.776440392227
27476.776440392227
27476.776440392227
27476.776440392227
27476.776440392227
27476.776440392227
27476.776440392227
27476.776440392227
27476.776440392227
27476.776440392227
27476.776440392227
27476.776440392227
27476.776440392227
27476.776440392227
27476.776440392227
27476.776440392227
27476.776440392227
27476.776440392227
27029.673855611432
27029.673855611432
27029.673855611432
27029.673855611432
27029.673855611432
27029.673855611432
27029.673855611432
27029.673855611432
26721.68376412988
26721.68376412988
26721.68376412988
26721.68376412988
26721.68376412988
26721.68376412988
26721.68376412988
26721.68376412988
26721.68376412988
26721.68376412988
26721.68376412988
26721.68376412988
26721.68376412988
26721.68376412988
26721.68376412988
26721.68376412988
26721.68376412988
26721.68376412988
26721.68376412988
26721.68376412988
26721.68376412988
26721.68376412988
26721.68376412988
26721.68376412988
26721.68376412988
26721.68376412988
26721.68376412988
26721.68376412988
26721.68376412988
26437.18564304706
26437.18564304706
26437.18564304706
26437.18564304706
26437.18564304706
26437.18564304706
26437.18564304706
26437.18564304706
26437.18564304706
26437.18564304706
26437.18564304706
Time: 64.53837323188782 seconds 
Best solution: 26437.18564304706 [19, 28, 9, 1, 6, 7, 2, 3, 8, 4, 5, 14, 13, 35, 34, 38, 39, 104, 59, 51, 50, 48, 44, 49, 45, 57, 54, 52, 43, 37, 36, 47, 41, 46, 42, 53, 56, 105, 69, 64, 74, 75, 85, 82, 71, 78, 86, 93, 91, 96, 102, 101, 97, 92, 83, 76, 68, 80, 73, 72, 79, 84, 77, 62, 61, 60, 66, 65, 95, 100, 94, 88, 87, 98, 99, 90, 89, 67, 81, 70, 63, 58, 55, 40, 27, 18, 17, 25, 26, 16, 20, 24, 15, 11, 10, 103, 12, 23, 33, 30, 31, 32, 29, 21, 22]
Avg solution: 44525.99109854664