Alg:1, Run: 3, file: C:\Users\gabri\Documents\AN 3 SEM 2\AI\Lab\Lab3\\lin105.tsp, population number: 1000, generations: 500 
104090.5539280217
104090.5539280217
104090.5539280217
103023.3837970623
103023.3837970623
103023.3837970623
101434.70565105014
98973.78326979246
98973.78326979246
97566.24422586734
95246.19441410055
94662.07560301601
93696.52480164559
93696.52480164559
93696.52480164559
93696.52480164559
93696.52480164559
93696.52480164559
90621.9593222154
90621.9593222154
90436.94446504083
90436.94446504083
88693.01328662185
87908.14622695182
87908.14622695182
87908.14622695182
87908.14622695182
87214.50718538543
87214.50718538543
86398.32574888882
85064.54863021059
85064.54863021059
85064.54863021059
85064.54863021059
85064.54863021059
83633.11353308213
83633.11353308213
83633.11353308213
83633.11353308213
83633.11353308213
83411.85612507313
83411.85612507313
82967.16571776528
82967.16571776528
82967.16571776528
82967.16571776528
82967.16571776528
80935.14903631264
80935.14903631264
79038.14649853077
79038.14649853077
79038.14649853077
77221.61484663936
77221.61484663936
77221.61484663936
77221.61484663936
77221.61484663936
77221.61484663936
77221.61484663936
77221.61484663936
77221.61484663936
77221.61484663936
76485.05825226316
76485.05825226316
75910.02408304918
75910.02408304918
75910.02408304918
75910.02408304918
74022.45233163725
74022.45233163725
74022.45233163725
74022.45233163725
74022.45233163725
74022.45233163725
74022.45233163725
74022.45233163725
74022.45233163725
74022.45233163725
74022.45233163725
72513.85203814844
72513.85203814844
71743.52937217515
71743.52937217515
71743.52937217515
71743.52937217515
71743.52937217515
71743.52937217515
71743.52937217515
71743.52937217515
71743.52937217515
71743.52937217515
71743.52937217515
71679.19023431923
71679.19023431923
69672.43991834357
67829.00014252515
67829.00014252515
67829.00014252515
67829.00014252515
67829.00014252515
67829.00014252515
67829.00014252515
67829.00014252515
67829.00014252515
67829.00014252515
67829.00014252515
67829.00014252515
67829.00014252515
67829.00014252515
67829.00014252515
67829.00014252515
67829.00014252515
67829.00014252515
67829.00014252515
67829.00014252515
67078.10349086263
67078.10349086263
67078.10349086263
67078.10349086263
67078.10349086263
67078.10349086263
67078.10349086263
67078.10349086263
67078.10349086263
65828.39678108126
65828.39678108126
65828.39678108126
65828.39678108126
63584.87241171926
63584.87241171926
63584.87241171926
63584.87241171926
63584.87241171926
63584.87241171926
63584.87241171926
63584.87241171926
63584.87241171926
63584.87241171926
63584.87241171926
63584.87241171926
63584.87241171926
63584.87241171926
63584.87241171926
63584.87241171926
63584.87241171926
63584.87241171926
63584.87241171926
63584.87241171926
63584.87241171926
63584.87241171926
63584.87241171926
63584.87241171926
63584.87241171926
63584.87241171926
63584.87241171926
63584.87241171926
63584.87241171926
63584.87241171926
63584.87241171926
63584.87241171926
63584.87241171926
63584.87241171926
62524.97771113913
61455.47509716321
61455.47509716321
61455.47509716321
61455.47509716321
61455.47509716321
61455.47509716321
61455.47509716321
60715.32600914477
60715.32600914477
60715.32600914477
59098.98525030658
59098.98525030658
59098.98525030658
59098.98525030658
59098.98525030658
59098.98525030658
59098.98525030658
59098.98525030658
59098.98525030658
59098.98525030658
59098.98525030658
59098.98525030658
59098.98525030658
59098.98525030658
59098.98525030658
59098.98525030658
59098.98525030658
59098.98525030658
59098.98525030658
59098.98525030658
59098.98525030658
59098.98525030658
59098.98525030658
58410.30711962417
58410.30711962417
58410.30711962417
58410.30711962417
58410.30711962417
58410.30711962417
58410.30711962417
58410.30711962417
58410.30711962417
58410.30711962417
58410.30711962417
58410.30711962417
58300.40243231331
58300.40243231331
58300.40243231331
58300.40243231331
56521.97328769803
56521.97328769803
56521.97328769803
56521.97328769803
56521.97328769803
56521.97328769803
56521.97328769803
56521.97328769803
56521.97328769803
56521.97328769803
56521.97328769803
56521.97328769803
56521.97328769803
56521.97328769803
56249.81505677129
56249.81505677129
56249.81505677129
56249.81505677129
56249.81505677129
56249.81505677129
56105.86651202505
56105.86651202505
56105.86651202505
56105.86651202505
56105.86651202505
56105.86651202505
56105.86651202505
56105.86651202505
56105.86651202505
56105.86651202505
56105.86651202505
56105.86651202505
56105.86651202505
56105.86651202505
56105.86651202505
56105.86651202505
56105.86651202505
56105.86651202505
55096.385964785084
55096.385964785084
55096.385964785084
55096.385964785084
55096.385964785084
55096.385964785084
55096.385964785084
55096.385964785084
55096.385964785084
55096.385964785084
53921.18757013914
53921.18757013914
53921.18757013914
53921.18757013914
53921.18757013914
53411.35043041403
53411.35043041403
53411.35043041403
53411.35043041403
53072.73403798012
53072.73403798012
53072.73403798012
53072.73403798012
52588.41356130805
52588.41356130805
52588.41356130805
52588.41356130805
52588.41356130805
52588.41356130805
52588.41356130805
52588.41356130805
52588.41356130805
52588.41356130805
52588.41356130805
52588.41356130805
52588.41356130805
52588.41356130805
52588.41356130805
52588.41356130805
52588.41356130805
52588.41356130805
52494.6550604261
52494.6550604261
52494.6550604261
52494.6550604261
52494.6550604261
51592.05357596183
51592.05357596183
51278.50156725467
51278.50156725467
51278.50156725467
51278.50156725467
51278.50156725467
51278.50156725467
51278.50156725467
51278.50156725467
51278.50156725467
51278.50156725467
51278.50156725467
51278.50156725467
51278.50156725467
51278.50156725467
51278.50156725467
51278.50156725467
51278.50156725467
51278.50156725467
51278.50156725467
51278.50156725467
51278.50156725467
51278.50156725467
51278.50156725467
51278.50156725467
51278.50156725467
51278.50156725467
49049.294470696805
49049.294470696805
49049.294470696805
49049.294470696805
49049.294470696805
49049.294470696805
49049.294470696805
49049.294470696805
49049.294470696805
49049.294470696805
49049.294470696805
49049.294470696805
49049.294470696805
49049.294470696805
49049.294470696805
49049.294470696805
49049.294470696805
49049.294470696805
48334.42238286506
48334.42238286506
48334.42238286506
48334.42238286506
48334.42238286506
48334.42238286506
48334.42238286506
48334.42238286506
48334.42238286506
48334.42238286506
48334.42238286506
48334.42238286506
48334.42238286506
48334.42238286506
48334.42238286506
48334.42238286506
48334.42238286506
48334.42238286506
48334.42238286506
48334.42238286506
48334.42238286506
48334.42238286506
48334.42238286506
48334.42238286506
48334.42238286506
48334.42238286506
48279.102789317825
48279.102789317825
47053.07417590154
47053.07417590154
47053.07417590154
47053.07417590154
47053.07417590154
47053.07417590154
47053.07417590154
47053.07417590154
47053.07417590154
47053.07417590154
46992.22139977911
46992.22139977911
46992.22139977911
46992.22139977911
46992.22139977911
46772.53838337635
46353.47276552377
46353.47276552377
46353.47276552377
46353.47276552377
46353.47276552377
46353.47276552377
46353.03123781777
46353.03123781777
46353.03123781777
46353.03123781777
46353.03123781777
46353.03123781777
46353.03123781777
46353.03123781777
44932.961301256786
44932.961301256786
44932.961301256786
44932.961301256786
44932.961301256786
44393.38690818127
44393.38690818127
44393.38690818127
44393.38690818127
44393.38690818127
44393.38690818127
44393.38690818127
44393.38690818127
44393.38690818127
44393.38690818127
44393.38690818127
44393.38690818127
44393.38690818127
44393.38690818127
44393.38690818127
44393.38690818127
44319.36992095679
44319.36992095679
44319.36992095679
44319.36992095679
44319.36992095679
44319.36992095679
44319.36992095679
44319.36992095679
44319.36992095679
44319.36992095679
44319.36992095679
44319.36992095679
44319.36992095679
44319.36992095679
44319.36992095679
44319.36992095679
44319.36992095679
43897.960361369696
43897.960361369696
43897.960361369696
43897.960361369696
43897.960361369696
42944.1006956123
42944.1006956123
42944.1006956123
42944.1006956123
42944.1006956123
42944.1006956123
42944.1006956123
42944.1006956123
42944.1006956123
42944.1006956123
42944.1006956123
42944.1006956123
42944.1006956123
42944.1006956123
42944.1006956123
42944.1006956123
42944.1006956123
42944.1006956123
42835.22515460982
42835.22515460982
42835.22515460982
42835.22515460982
42835.22515460982
42835.22515460982
42835.22515460982
42835.22515460982
42835.22515460982
42835.22515460982
42665.259551147254
42665.259551147254
42665.259551147254
42665.259551147254
42665.259551147254
42665.259551147254
42665.259551147254
42665.259551147254
42665.259551147254
42502.96946852349
42502.96946852349
42502.96946852349
42502.96946852349
42502.96946852349
42502.96946852349
42502.96946852349
42502.96946852349
42077.778869664326
42077.778869664326
42077.778869664326
42077.778869664326
42077.778869664326
41870.53159696952
41870.53159696952
41870.53159696952
41870.53159696952
41870.53159696952
41870.53159696952
41870.53159696952
Time: 31.956820249557495 seconds 
Best solution: 41870.53159696952 [87, 74, 81, 73, 69, 48, 56, 57, 58, 43, 28, 60, 41, 47, 40, 55, 51, 45, 52, 53, 105, 44, 46, 34, 38, 39, 23, 20, 103, 37, 59, 50, 42, 104, 33, 31, 25, 24, 18, 32, 14, 5, 4, 13, 35, 36, 49, 27, 19, 2, 1, 7, 6, 11, 12, 17, 3, 15, 30, 22, 29, 21, 10, 8, 9, 16, 26, 54, 85, 102, 86, 72, 83, 76, 89, 90, 99, 101, 96, 97, 93, 82, 77, 91, 92, 70, 63, 68, 67, 78, 95, 79, 84, 71, 98, 75, 65, 61, 66, 64, 62, 80, 88, 94, 100]
Avg solution: 58413.22225095952