Alg:1, Run: 4, file: C:\Users\gabri\Documents\AN 3 SEM 2\AI\Lab\Lab3\\lin105.tsp, population number: 1000, generations: 500 
105940.74018499393
105156.52612174854
103850.1350481995
103568.62382123088
101992.35031031488
101992.35031031488
97524.65298540451
97524.65298540451
97524.65298540451
96655.43880472818
96655.43880472818
96655.43880472818
95631.56430172305
95631.56430172305
92474.30584593074
92474.30584593074
92474.30584593074
92474.30584593074
92474.30584593074
92474.30584593074
92474.30584593074
91771.90341704019
87881.7347323673
87881.7347323673
87085.12310479901
87085.12310479901
87085.12310479901
87085.12310479901
87085.12310479901
87085.12310479901
87085.12310479901
84145.36967953302
84145.36967953302
84145.36967953302
84145.36967953302
84145.36967953302
83663.95929490286
83663.95929490286
83663.95929490286
83663.95929490286
82108.12396690078
82108.12396690078
82108.12396690078
82108.12396690078
82108.12396690078
82108.12396690078
79875.98892137127
79875.98892137127
79875.98892137127
79875.98892137127
79875.98892137127
79875.98892137127
79875.98892137127
79875.98892137127
79875.98892137127
79875.98892137127
79875.98892137127
78976.83495065648
78976.83495065648
77559.69349661208
77559.69349661208
77559.69349661208
77559.69349661208
77559.69349661208
75830.82930824475
75830.82930824475
75830.82930824475
75830.82930824475
75830.82930824475
75830.82930824475
75830.82930824475
73112.10626818833
73112.10626818833
73112.10626818833
73112.10626818833
72620.24108501885
72620.24108501885
72620.24108501885
72620.24108501885
72620.24108501885
72620.24108501885
72620.24108501885
72620.24108501885
72620.24108501885
72620.24108501885
71835.03460767952
71835.03460767952
71835.03460767952
71835.03460767952
71835.03460767952
68386.91018627044
68386.91018627044
68386.91018627044
68386.91018627044
68386.91018627044
68386.91018627044
68386.91018627044
68386.91018627044
68386.91018627044
68386.91018627044
68386.91018627044
68386.91018627044
68386.91018627044
68386.91018627044
68386.91018627044
68386.91018627044
68386.91018627044
68386.91018627044
68386.91018627044
68386.91018627044
68386.91018627044
67699.08257209115
67699.08257209115
67699.08257209115
67699.08257209115
67699.08257209115
67699.08257209115
67699.08257209115
67699.08257209115
67699.08257209115
67699.08257209115
67699.08257209115
67699.08257209115
67699.08257209115
67699.08257209115
66151.6357135859
66151.6357135859
66151.6357135859
66151.6357135859
66151.6357135859
66151.6357135859
66151.6357135859
66151.6357135859
66151.6357135859
65544.3850239701
65544.3850239701
65544.3850239701
65120.181231789924
65120.181231789924
64930.073473541604
64930.073473541604
64484.09436068187
64484.09436068187
64484.09436068187
64484.09436068187
64484.09436068187
64484.09436068187
64484.09436068187
64484.09436068187
64484.09436068187
64484.09436068187
64484.09436068187
62986.32692104604
62986.32692104604
62986.32692104604
62986.32692104604
62986.32692104604
62986.32692104604
62986.32692104604
62986.32692104604
62986.32692104604
62986.32692104604
62986.32692104604
62986.32692104604
62986.32692104604
62986.32692104604
62986.32692104604
62986.32692104604
62986.32692104604
62986.32692104604
62986.32692104604
62986.32692104604
62986.32692104604
62986.32692104604
62986.32692104604
62741.09592297386
62741.09592297386
62741.09592297386
62741.09592297386
62741.09592297386
62741.09592297386
61816.088028488084
61816.088028488084
60442.31639667252
60442.31639667252
59930.163246814736
59930.163246814736
59930.163246814736
59930.163246814736
59930.163246814736
59930.163246814736
59930.163246814736
58948.15233463375
58948.15233463375
58948.15233463375
58948.15233463375
58894.6287569237
58894.6287569237
58894.6287569237
58894.6287569237
58894.6287569237
58894.6287569237
58894.6287569237
58894.6287569237
58894.6287569237
58894.6287569237
58894.6287569237
58235.90043274896
58235.90043274896
58235.90043274896
58235.90043274896
58235.90043274896
58235.90043274896
58235.90043274896
58235.90043274896
58235.90043274896
58157.264921506256
58157.264921506256
58157.264921506256
58157.264921506256
58157.264921506256
58157.264921506256
56273.00760612163
56114.2466350025
56114.2466350025
56114.2466350025
56114.2466350025
56114.2466350025
56114.2466350025
56114.2466350025
56114.2466350025
56114.2466350025
56114.2466350025
56114.2466350025
56114.2466350025
56114.2466350025
56114.2466350025
56114.2466350025
55717.38844774206
55717.38844774206
55717.38844774206
55717.38844774206
55717.38844774206
55717.38844774206
55717.38844774206
55717.38844774206
55717.38844774206
55717.38844774206
55717.38844774206
54238.843372145304
54238.843372145304
54238.843372145304
54238.843372145304
54238.843372145304
53916.06007523433
53916.06007523433
52568.1782695091
52568.1782695091
52568.1782695091
52568.1782695091
52568.1782695091
52568.1782695091
52568.1782695091
52568.1782695091
52568.1782695091
52568.1782695091
52568.1782695091
52568.1782695091
52568.1782695091
52407.368053612874
52407.368053612874
52407.368053612874
49757.389733128104
49757.389733128104
49757.389733128104
49757.389733128104
49757.389733128104
49757.389733128104
49757.389733128104
49757.389733128104
49757.389733128104
49757.389733128104
49757.389733128104
49757.389733128104
49757.389733128104
49757.389733128104
49757.389733128104
49757.389733128104
49757.389733128104
49757.389733128104
49757.389733128104
49757.389733128104
49757.389733128104
49757.389733128104
49757.389733128104
49757.389733128104
49693.4513837359
49693.4513837359
49693.4513837359
49693.4513837359
49693.4513837359
49693.4513837359
49693.4513837359
49693.4513837359
49693.4513837359
49693.4513837359
49693.4513837359
49693.4513837359
49693.4513837359
49693.4513837359
49693.4513837359
49693.4513837359
49693.4513837359
49693.4513837359
49419.02117298567
49419.02117298567
49282.78374487184
49170.061184275895
49170.061184275895
49170.061184275895
49170.061184275895
49132.53178100927
49091.88882436122
49091.88882436122
49091.88882436122
49091.88882436122
49091.88882436122
49091.88882436122
49091.88882436122
49091.88882436122
48727.13735990759
48727.13735990759
48727.13735990759
48727.13735990759
48727.13735990759
48727.13735990759
48727.13735990759
48375.56369024881
48375.56369024881
48375.56369024881
48375.56369024881
48375.56369024881
46987.34722590955
46987.34722590955
46987.34722590955
46987.34722590955
46987.34722590955
46987.34722590955
46987.34722590955
46987.34722590955
46987.34722590955
46549.27061524503
46549.27061524503
46549.27061524503
46549.27061524503
46549.27061524503
46392.80458307754
46392.80458307754
46392.80458307754
46392.80458307754
46392.80458307754
46392.80458307754
46392.80458307754
46392.80458307754
46392.80458307754
46392.80458307754
46392.80458307754
46392.80458307754
46392.80458307754
46392.80458307754
46392.80458307754
46392.80458307754
46392.80458307754
46392.80458307754
46392.80458307754
44623.8106413054
44623.8106413054
44623.8106413054
44623.8106413054
44623.8106413054
43223.46242413614
43223.46242413614
43223.46242413614
43223.46242413614
43223.46242413614
43223.46242413614
43223.46242413614
43223.46242413614
43223.46242413614
43223.46242413614
43223.46242413614
43223.46242413614
43223.46242413614
43223.46242413614
43223.46242413614
43223.46242413614
43223.46242413614
43223.46242413614
43223.46242413614
43223.46242413614
43223.46242413614
43223.46242413614
43223.46242413614
43223.46242413614
43223.46242413614
43223.46242413614
43223.46242413614
43223.46242413614
43223.46242413614
43223.46242413614
43223.46242413614
43223.46242413614
43223.46242413614
43223.46242413614
43223.46242413614
43223.46242413614
43223.46242413614
43223.46242413614
43223.46242413614
42734.44232824718
42734.44232824718
42734.44232824718
42734.44232824718
42734.44232824718
42734.44232824718
42734.44232824718
42734.44232824718
42734.44232824718
42734.44232824718
42734.44232824718
42734.44232824718
42734.44232824718
42734.44232824718
42734.44232824718
42734.44232824718
42734.44232824718
42734.44232824718
41867.2071594134
41867.2071594134
41867.2071594134
41867.2071594134
41867.2071594134
41867.2071594134
41867.2071594134
41867.2071594134
41867.2071594134
41867.2071594134
41867.2071594134
41765.52739576352
41765.52739576352
41765.52739576352
41765.52739576352
41765.52739576352
41765.52739576352
41765.52739576352
41765.52739576352
41765.52739576352
41765.52739576352
40968.36179132562
40968.36179132562
40968.36179132562
40968.36179132562
40968.36179132562
40968.36179132562
40968.36179132562
40968.36179132562
40968.36179132562
40968.36179132562
40968.36179132562
40968.36179132562
40968.36179132562
40224.21655654506
40224.21655654506
40224.21655654506
40224.21655654506
40224.21655654506
40224.21655654506
40224.21655654506
40224.21655654506
40224.21655654506
40224.21655654506
40224.21655654506
40224.21655654506
40224.21655654506
40224.21655654506
40224.21655654506
40224.21655654506
40224.21655654506
40224.21655654506
40224.21655654506
40224.21655654506
40224.21655654506
40224.21655654506
39730.986562533
39730.986562533
39730.986562533
39647.62603936336
39647.62603936336
39647.62603936336
39647.62603936336
Time: 32.05119299888611 seconds 
Best solution: 39647.62603936336 [45, 46, 55, 54, 53, 57, 61, 60, 66, 65, 99, 98, 62, 73, 63, 59, 56, 43, 85, 64, 52, 41, 90, 71, 86, 96, 82, 92, 91, 89, 93, 102, 97, 101, 69, 72, 79, 84, 77, 78, 83, 76, 74, 81, 80, 70, 88, 87, 100, 95, 94, 68, 67, 75, 105, 47, 44, 42, 38, 51, 58, 40, 8, 23, 33, 28, 20, 2, 1, 7, 12, 9, 103, 11, 6, 34, 35, 39, 31, 15, 21, 30, 3, 10, 29, 22, 32, 104, 26, 18, 25, 27, 19, 13, 14, 4, 5, 16, 17, 24, 48, 36, 37, 50, 49]
Avg solution: 57740.941465693584