Alg:1, Run: 0, file: C:\Users\gabri\Documents\AN 3 SEM 2\AI\Lab\Lab3\\lin105.tsp, population number: 1000, generations: 500 
102970.64832083123
102970.64832083123
101069.42108920235
101069.42108920235
101069.42108920235
101069.42108920235
101069.42108920235
101069.42108920235
98948.76660082555
98439.76234472054
93355.79183958778
93355.79183958778
93355.79183958778
93355.79183958778
93355.79183958778
92083.09187071837
91962.84578756029
89748.50786730375
89748.50786730375
89748.50786730375
89748.50786730375
89748.50786730375
89748.50786730375
89748.50786730375
89748.50786730375
86408.93123589901
86408.93123589901
86408.93123589901
86408.93123589901
86408.93123589901
86408.93123589901
85177.10688545028
85177.10688545028
85177.10688545028
85177.10688545028
84634.750642669
84634.750642669
84634.750642669
80983.65902866838
80983.65902866838
79389.94452758734
79389.94452758734
79389.94452758734
79389.94452758734
79389.94452758734
79389.94452758734
78666.78506083928
78666.78506083928
78666.78506083928
78666.78506083928
78666.78506083928
77403.49616252586
77403.49616252586
77403.49616252586
77403.49616252586
77403.49616252586
75957.95372978481
75957.95372978481
75957.95372978481
75957.95372978481
75957.95372978481
75957.95372978481
75957.95372978481
74778.07690216978
74778.07690216978
74778.07690216978
74778.07690216978
74778.07690216978
74778.07690216978
73800.7423576166
73326.29190998856
73326.29190998856
71228.26224304577
71228.26224304577
69171.16386601125
69171.16386601125
69171.16386601125
69171.16386601125
69171.16386601125
69171.16386601125
69171.16386601125
69171.16386601125
69171.16386601125
69171.16386601125
69171.16386601125
69171.16386601125
69171.16386601125
69171.16386601125
69171.16386601125
68685.72580833978
68685.72580833978
66958.80796952573
66958.80796952573
66958.80796952573
66958.80796952573
66958.80796952573
66958.80796952573
66958.80796952573
66958.80796952573
66958.80796952573
66958.80796952573
66958.80796952573
66958.80796952573
66958.80796952573
66958.80796952573
66958.80796952573
66958.80796952573
66958.80796952573
66958.80796952573
66190.36748623631
65759.43960840385
65759.43960840385
65759.43960840385
65759.43960840385
65759.43960840385
65759.43960840385
65548.06990995839
63716.16868608651
63716.16868608651
61176.33854032477
61176.33854032477
61176.33854032477
61176.33854032477
61176.33854032477
61176.33854032477
61080.276983598786
61080.276983598786
61080.276983598786
61080.276983598786
61080.276983598786
61080.276983598786
61080.276983598786
61080.276983598786
61080.276983598786
61080.276983598786
61080.276983598786
61080.276983598786
61080.276983598786
61080.276983598786
61080.276983598786
61080.276983598786
61080.276983598786
59440.29545302273
59440.29545302273
59440.29545302273
59440.29545302273
59440.29545302273
59440.29545302273
59440.29545302273
59440.29545302273
59440.29545302273
59440.29545302273
59440.29545302273
59440.29545302273
59440.29545302273
59330.73064351221
59330.73064351221
57782.52849280079
57782.52849280079
57782.52849280079
57782.52849280079
57782.52849280079
57782.52849280079
56660.55951033384
56660.55951033384
56660.55951033384
56606.338718054205
56606.338718054205
56606.338718054205
56606.338718054205
56606.338718054205
56606.338718054205
56606.338718054205
56606.338718054205
56606.338718054205
55311.796478877746
55311.796478877746
55311.796478877746
55311.796478877746
55311.796478877746
55311.796478877746
55311.796478877746
55311.796478877746
55311.796478877746
55311.796478877746
55311.796478877746
55311.796478877746
55311.796478877746
55311.796478877746
55311.796478877746
55311.796478877746
55311.796478877746
54290.19007418066
54290.19007418066
54290.19007418066
54290.19007418066
54290.19007418066
54290.19007418066
54290.19007418066
54290.19007418066
52926.15943132303
52926.15943132303
52926.15943132303
52926.15943132303
52926.15943132303
52926.15943132303
52926.15943132303
52926.15943132303
52926.15943132303
52926.15943132303
52926.15943132303
52926.15943132303
52926.15943132303
52926.15943132303
52926.15943132303
52926.15943132303
52926.15943132303
52926.15943132303
52926.15943132303
52926.15943132303
52711.36134943569
52267.124583253164
52267.124583253164
52267.124583253164
52267.124583253164
52267.124583253164
52267.124583253164
52267.124583253164
52267.124583253164
52267.124583253164
52267.124583253164
52267.124583253164
52267.124583253164
52267.124583253164
51455.47667955196
51455.47667955196
51455.47667955196
51455.47667955196
51455.47667955196
51455.47667955196
51455.47667955196
51455.47667955196
51455.47667955196
51455.47667955196
51455.47667955196
51455.47667955196
51455.47667955196
51455.47667955196
51455.47667955196
50098.784042957115
50098.784042957115
50098.784042957115
50098.784042957115
50098.784042957115
50098.784042957115
49992.776014328716
49864.94380879016
49864.94380879016
49864.94380879016
49864.94380879016
49864.94380879016
49864.94380879016
49614.60472031511
49614.60472031511
49614.60472031511
49614.60472031511
49614.60472031511
49614.60472031511
49614.60472031511
49566.294828326725
49566.294828326725
49566.294828326725
49566.294828326725
49442.51652913579
49442.51652913579
49442.51652913579
49442.51652913579
48802.67948536279
48802.67948536279
48108.94595629178
48108.94595629178
48108.94595629178
48108.94595629178
48108.94595629178
48108.94595629178
48108.94595629178
48108.94595629178
48108.94595629178
48108.94595629178
48108.94595629178
48108.94595629178
48108.94595629178
48108.94595629178
48108.94595629178
46626.40011476776
46626.40011476776
46626.40011476776
46626.40011476776
46626.40011476776
46626.40011476776
46626.40011476776
46626.40011476776
46626.40011476776
46626.40011476776
46626.40011476776
46626.40011476776
46626.40011476776
46626.40011476776
46626.40011476776
45894.302943094386
45894.302943094386
45894.302943094386
45894.302943094386
45894.302943094386
45894.302943094386
45894.302943094386
45894.302943094386
45894.302943094386
45894.302943094386
45894.302943094386
45894.302943094386
45894.302943094386
45894.302943094386
45894.302943094386
45894.302943094386
45894.302943094386
45894.302943094386
45894.302943094386
45894.302943094386
45894.302943094386
45894.302943094386
45303.61714801752
45303.61714801752
45303.61714801752
45303.61714801752
45303.61714801752
45303.61714801752
45303.61714801752
45303.61714801752
45303.61714801752
45303.61714801752
45303.61714801752
45303.61714801752
45205.75067547105
45205.75067547105
45118.81763830827
45118.81763830827
45118.81763830827
45118.81763830827
45118.81763830827
45118.81763830827
45118.81763830827
45118.81763830827
42201.05404085413
42201.05404085413
42201.05404085413
42201.05404085413
42201.05404085413
42201.05404085413
42201.05404085413
42201.05404085413
42201.05404085413
42201.05404085413
42201.05404085413
42201.05404085413
42201.05404085413
42201.05404085413
42201.05404085413
42201.05404085413
42201.05404085413
42201.05404085413
42201.05404085413
42201.05404085413
42201.05404085413
42201.05404085413
42201.05404085413
42201.05404085413
42201.05404085413
42201.05404085413
42201.05404085413
42201.05404085413
42201.05404085413
42201.05404085413
42201.05404085413
42201.05404085413
42201.05404085413
42201.05404085413
42201.05404085413
42201.05404085413
42201.05404085413
42201.05404085413
42201.05404085413
42201.05404085413
42201.05404085413
42201.05404085413
42201.05404085413
42201.05404085413
41460.283866535894
41460.283866535894
41460.283866535894
41460.283866535894
41460.283866535894
41460.283866535894
41460.283866535894
41460.283866535894
41460.283866535894
41460.283866535894
41460.283866535894
41460.283866535894
41460.283866535894
41460.283866535894
41460.283866535894
41460.283866535894
41460.283866535894
41460.283866535894
41460.283866535894
41460.283866535894
41460.283866535894
41460.283866535894
41460.283866535894
41460.283866535894
41460.283866535894
41460.283866535894
41460.283866535894
41460.283866535894
41460.283866535894
41460.283866535894
41460.283866535894
41460.283866535894
41460.283866535894
41460.283866535894
41460.283866535894
41460.283866535894
41459.9449308485
41459.9449308485
41459.9449308485
41459.9449308485
40017.609760831125
40017.609760831125
40017.609760831125
40017.609760831125
40017.609760831125
40017.609760831125
40017.609760831125
40017.609760831125
40017.609760831125
40017.609760831125
40017.609760831125
40017.609760831125
40017.609760831125
40017.609760831125
40017.609760831125
40017.609760831125
40017.609760831125
40017.609760831125
40017.609760831125
40017.609760831125
40017.609760831125
40017.609760831125
40017.609760831125
40017.609760831125
40017.609760831125
40017.609760831125
40017.609760831125
40017.609760831125
40017.609760831125
40017.609760831125
40017.609760831125
40017.609760831125
40017.609760831125
40017.609760831125
40017.609760831125
39303.69348396659
39303.69348396659
39303.69348396659
39303.69348396659
39303.69348396659
39303.69348396659
39303.69348396659
39303.69348396659
39303.69348396659
39303.69348396659
39303.69348396659
39260.96679158509
39260.96679158509
39260.96679158509
39260.96679158509
39256.23344939192
39256.23344939192
39256.23344939192
39256.23344939192
39256.23344939192
38894.942611057944
38378.30458950002
38378.30458950002
38378.30458950002
38378.30458950002
38378.30458950002
38378.30458950002
38378.30458950002
Time: 41.39216995239258 seconds 
Best solution: 38378.30458950002 [95, 83, 90, 98, 102, 101, 96, 97, 92, 46, 55, 82, 74, 80, 79, 76, 81, 66, 65, 61, 63, 68, 75, 73, 62, 69, 86, 84, 58, 54, 49, 48, 57, 53, 52, 41, 39, 56, 43, 31, 29, 50, 44, 45, 36, 18, 8, 25, 24, 19, 33, 104, 40, 37, 20, 22, 30, 32, 12, 2, 15, 17, 16, 35, 34, 14, 13, 5, 4, 9, 1, 10, 7, 11, 21, 6, 3, 23, 103, 28, 26, 27, 38, 42, 51, 47, 59, 105, 64, 67, 70, 71, 72, 77, 89, 85, 78, 91, 93, 99, 60, 88, 87, 100, 94]
Avg solution: 54946.21176962973