Alg:1, Run: 5, file: C:\Users\gabri\Documents\AN 3 SEM 2\AI\Lab\Lab3\\lin105.tsp, population number: 1000, generations: 500 
106806.37385668531
106806.37385668531
105226.34174131649
102782.26644814548
102782.26644814548
102203.9543039596
101540.94992781292
98134.52513724338
98134.52513724338
98134.52513724338
98134.52513724338
95873.47330159825
95873.47330159825
95873.47330159825
95636.72040345968
95636.72040345968
94534.59984613067
94534.59984613067
93260.05124183887
93260.05124183887
91467.52143612833
91467.52143612833
88742.44981477324
88742.44981477324
88742.44981477324
88742.44981477324
88359.66194179081
88359.66194179081
88359.66194179081
87820.94408183612
85139.93736382874
85139.93736382874
85139.93736382874
85139.93736382874
85139.93736382874
85139.93736382874
85139.93736382874
85139.93736382874
85139.93736382874
84465.43414429684
84465.43414429684
84465.43414429684
84465.43414429684
81987.37551664219
81987.37551664219
79951.88000377733
79951.88000377733
79951.88000377733
79951.88000377733
79951.88000377733
79951.88000377733
79951.88000377733
79436.79899916526
78870.10421432015
78870.10421432015
78870.10421432015
78870.10421432015
78870.10421432015
78564.7603394652
78564.7603394652
76963.94374454426
76963.94374454426
76963.94374454426
76963.94374454426
76963.94374454426
76963.94374454426
76963.94374454426
76963.94374454426
76963.94374454426
76963.94374454426
75962.9510860359
72851.99056919501
72851.99056919501
72851.99056919501
72851.99056919501
72851.99056919501
72851.99056919501
72851.99056919501
72851.99056919501
72851.99056919501
72851.99056919501
72851.99056919501
72851.99056919501
72851.99056919501
72851.99056919501
72851.99056919501
72851.99056919501
72851.99056919501
72851.99056919501
72851.99056919501
72851.99056919501
72851.99056919501
72851.99056919501
72851.99056919501
72827.28098848503
72600.895256429
71660.5480226715
71349.03543405612
71349.03543405612
71349.03543405612
71349.03543405612
71349.03543405612
70620.11254757043
70620.11254757043
70620.11254757043
69152.00550944715
69152.00550944715
69152.00550944715
69152.00550944715
69152.00550944715
69152.00550944715
69152.00550944715
68964.43605290918
68964.43605290918
68964.43605290918
68964.43605290918
68964.43605290918
68964.43605290918
65602.31999986911
65602.31999986911
65602.31999986911
65602.31999986911
65602.31999986911
65602.31999986911
65602.31999986911
65602.31999986911
65602.31999986911
65602.31999986911
65602.31999986911
65602.31999986911
65602.31999986911
65602.31999986911
65602.31999986911
65602.31999986911
62551.81209244121
62551.81209244121
62551.81209244121
62551.81209244121
62551.81209244121
62551.81209244121
62551.81209244121
62551.81209244121
62551.81209244121
62551.81209244121
62551.81209244121
62551.81209244121
62551.81209244121
62551.81209244121
62551.81209244121
62551.81209244121
62551.81209244121
62551.81209244121
62551.81209244121
62551.81209244121
62551.81209244121
62551.81209244121
62551.81209244121
62551.81209244121
62551.81209244121
62551.81209244121
62551.81209244121
62551.81209244121
62551.81209244121
62551.81209244121
62551.81209244121
62551.81209244121
61451.85253272693
61451.85253272693
61451.85253272693
61451.85253272693
61451.85253272693
61451.85253272693
61451.85253272693
61451.85253272693
61337.121817056664
59311.62674564954
59311.62674564954
59311.62674564954
59311.62674564954
59311.62674564954
59311.62674564954
59311.62674564954
59311.62674564954
59311.62674564954
59311.62674564954
58149.99727730244
58149.99727730244
58149.99727730244
58149.99727730244
58149.99727730244
57630.59142721818
57630.59142721818
57630.59142721818
57630.59142721818
57630.59142721818
57630.59142721818
56136.353294236236
56136.353294236236
56136.353294236236
56136.353294236236
56136.353294236236
56136.353294236236
55835.40104195163
55835.40104195163
55835.40104195163
55835.40104195163
55835.40104195163
55835.40104195163
55835.40104195163
55835.40104195163
55835.40104195163
55835.40104195163
54273.1515469452
54273.1515469452
54273.1515469452
54273.1515469452
54273.1515469452
54273.1515469452
54273.1515469452
54273.1515469452
54273.1515469452
54273.1515469452
54273.1515469452
53788.29553406125
53788.29553406125
53788.29553406125
53788.29553406125
53788.29553406125
53788.29553406125
53788.29553406125
53788.29553406125
53788.29553406125
53788.29553406125
53788.29553406125
53788.29553406125
53647.14036437954
53647.14036437954
53647.14036437954
53647.14036437954
53647.14036437954
53647.14036437954
53574.83544571366
53574.83544571366
53574.83544571366
53574.83544571366
53574.83544571366
53574.83544571366
53574.83544571366
52832.3760954758
52832.3760954758
52832.3760954758
52505.33768570401
52505.33768570401
52505.33768570401
52505.33768570401
52505.33768570401
52505.33768570401
52505.33768570401
52505.33768570401
52505.33768570401
52505.33768570401
52505.33768570401
52505.33768570401
52505.33768570401
52505.33768570401
52505.33768570401
50720.121958698386
50720.121958698386
50720.121958698386
50720.121958698386
50720.121958698386
50720.121958698386
50720.121958698386
50720.121958698386
50720.121958698386
50720.121958698386
50720.121958698386
50720.121958698386
50720.121958698386
50720.121958698386
50720.121958698386
50720.121958698386
50720.121958698386
50720.121958698386
50720.121958698386
47945.84354140401
47945.84354140401
47549.62127606461
47549.62127606461
47549.62127606461
47549.62127606461
47549.62127606461
47549.62127606461
47549.62127606461
47549.62127606461
47549.62127606461
47549.62127606461
47549.62127606461
47549.62127606461
47549.62127606461
47549.62127606461
47549.62127606461
47549.62127606461
47549.62127606461
47549.62127606461
47549.62127606461
47549.62127606461
47549.62127606461
47549.62127606461
47549.62127606461
47549.62127606461
47549.62127606461
47549.62127606461
47549.62127606461
47549.62127606461
47549.62127606461
47549.62127606461
47549.62127606461
47549.62127606461
47549.62127606461
47549.62127606461
47549.62127606461
47549.62127606461
47429.57432066059
47429.57432066059
47429.57432066059
47429.57432066059
47429.57432066059
47358.50733908575
47208.6960788554
47208.6960788554
47208.6960788554
47208.6960788554
47208.6960788554
47208.6960788554
47208.6960788554
47208.6960788554
47208.6960788554
47208.6960788554
47208.6960788554
47208.6960788554
46338.902534565954
46338.902534565954
46338.902534565954
45202.73052799621
45202.73052799621
45202.73052799621
45202.73052799621
45202.73052799621
45202.73052799621
45202.73052799621
45202.73052799621
45202.73052799621
45202.73052799621
45202.73052799621
45202.73052799621
45202.73052799621
45202.73052799621
45202.73052799621
45202.73052799621
45202.73052799621
45202.73052799621
45202.73052799621
45202.73052799621
45202.73052799621
45202.73052799621
45202.73052799621
45091.5711784538
45091.5711784538
45091.5711784538
45091.5711784538
45091.5711784538
45091.5711784538
44311.48517415504
44311.48517415504
44311.48517415504
44311.48517415504
44311.48517415504
44212.894907117916
44212.894907117916
44212.894907117916
43855.75593086561
43855.75593086561
43855.75593086561
43855.75593086561
43855.75593086561
43855.75593086561
43855.75593086561
43855.75593086561
43855.75593086561
43855.75593086561
43855.75593086561
43855.75593086561
43855.75593086561
43855.75593086561
43855.75593086561
43855.75593086561
43855.75593086561
43855.75593086561
43855.75593086561
43855.75593086561
43855.75593086561
43855.75593086561
43855.75593086561
43421.95762541065
43421.95762541065
43421.95762541065
43421.95762541065
43421.95762541065
43421.95762541065
43126.76769398664
43126.76769398664
43126.76769398664
43126.76769398664
43126.76769398664
43126.76769398664
43126.76769398664
43126.76769398664
43126.76769398664
43126.76769398664
43126.76769398664
43126.76769398664
40516.30719904523
40516.30719904523
40516.30719904523
40516.30719904523
40516.30719904523
40516.30719904523
40516.30719904523
40516.30719904523
40516.30719904523
40516.30719904523
40516.30719904523
40516.30719904523
40516.30719904523
40516.30719904523
40516.30719904523
40516.30719904523
40516.30719904523
40516.30719904523
40516.30719904523
40516.30719904523
40516.30719904523
40516.30719904523
40516.30719904523
40516.30719904523
40516.30719904523
40516.30719904523
40516.30719904523
40516.30719904523
40516.30719904523
40516.30719904523
40516.30719904523
40516.30719904523
40516.30719904523
40516.30719904523
40516.30719904523
40383.69243988471
40383.69243988471
40383.69243988471
40383.69243988471
40383.69243988471
40383.69243988471
40383.69243988471
40383.69243988471
40383.69243988471
40383.69243988471
40383.69243988471
39778.68246531104
39778.68246531104
39778.68246531104
39778.68246531104
39778.68246531104
39778.68246531104
39778.68246531104
39778.68246531104
39778.68246531104
39778.68246531104
39778.68246531104
39778.68246531104
39778.68246531104
39778.68246531104
39778.68246531104
39778.68246531104
39778.68246531104
39778.68246531104
39778.68246531104
39778.68246531104
39778.68246531104
39778.68246531104
39356.88627744062
39305.77819944321
39305.77819944321
39305.77819944321
39305.77819944321
39305.77819944321
39305.77819944321
39305.77819944321
39305.77819944321
39305.77819944321
Time: 32.031742334365845 seconds 
Best solution: 39305.77819944321 [53, 42, 48, 58, 70, 75, 49, 45, 50, 47, 55, 3, 2, 1, 15, 16, 103, 10, 30, 21, 12, 7, 6, 11, 36, 37, 52, 31, 26, 17, 18, 25, 34, 5, 13, 24, 23, 29, 22, 28, 32, 27, 33, 19, 9, 14, 4, 35, 8, 20, 67, 84, 85, 102, 101, 97, 96, 91, 93, 89, 99, 79, 71, 72, 80, 83, 78, 76, 74, 92, 98, 95, 94, 100, 88, 86, 82, 64, 77, 68, 87, 66, 62, 51, 57, 54, 40, 46, 41, 43, 44, 104, 56, 59, 105, 81, 73, 69, 90, 63, 65, 61, 38, 39, 60]
Avg solution: 56973.946796751974