Alg:1, Run: 6, file: C:\Users\gabri\Documents\AN 3 SEM 2\AI\Lab\Lab3\\lin105.tsp, population number: 1000, generations: 500 
104801.89672469627
103767.91330618151
102093.21638160136
99905.51818457784
99905.51818457784
99905.51818457784
99905.51818457784
97939.61738762463
97939.61738762463
97779.48722420754
97779.48722420754
97525.4578184992
97259.42505637949
97143.29146496534
90607.99521371153
90607.99521371153
90607.99521371153
90607.99521371153
89957.50981332996
89957.50981332996
89957.50981332996
89957.50981332996
89957.50981332996
89957.50981332996
88876.47102178242
88876.47102178242
87940.7445529136
87940.7445529136
87775.68247614194
84951.57764651044
84951.57764651044
84951.57764651044
84951.57764651044
84951.57764651044
84951.57764651044
84951.57764651044
83911.72572393062
83911.72572393062
79802.24452017479
79802.24452017479
79802.24452017479
79802.24452017479
79802.24452017479
79802.24452017479
79802.24452017479
79802.24452017479
79802.24452017479
79802.24452017479
79802.24452017479
79568.39078308738
79568.39078308738
79568.39078308738
79568.39078308738
79568.39078308738
79568.39078308738
79568.39078308738
79568.39078308738
79568.39078308738
79461.6314375605
79461.6314375605
78162.54299278274
78162.54299278274
78162.54299278274
78162.54299278274
78162.54299278274
78162.54299278274
75221.00410248915
75221.00410248915
75221.00410248915
75221.00410248915
75221.00410248915
75221.00410248915
75221.00410248915
75221.00410248915
75221.00410248915
75221.00410248915
75221.00410248915
74283.66283919696
74283.66283919696
74283.66283919696
74283.66283919696
74283.66283919696
74283.66283919696
74283.66283919696
74283.66283919696
74283.66283919696
74283.66283919696
74283.66283919696
74283.66283919696
74283.66283919696
74283.66283919696
74283.66283919696
74283.66283919696
73860.09934080705
73860.09934080705
73860.09934080705
73860.09934080705
72699.27365978768
72699.27365978768
72194.13311746651
72194.13311746651
72194.13311746651
71765.35993807497
71162.4652690799
71162.4652690799
71162.4652690799
71162.4652690799
71162.4652690799
71162.4652690799
70432.54303479915
68917.86211441207
68917.86211441207
68917.86211441207
68917.86211441207
68917.86211441207
68917.86211441207
68917.86211441207
68917.86211441207
68917.86211441207
68122.91804360035
68122.91804360035
68122.91804360035
68122.91804360035
68122.91804360035
68122.91804360035
68122.91804360035
67400.72625006156
67400.72625006156
67400.72625006156
67400.72625006156
67400.72625006156
67400.72625006156
67400.72625006156
67107.38545722734
67107.38545722734
67107.38545722734
67107.38545722734
67107.38545722734
65248.76561490289
65248.76561490289
65248.76561490289
65248.76561490289
65248.76561490289
65248.76561490289
65248.76561490289
65248.76561490289
65248.76561490289
65248.76561490289
65248.76561490289
65248.76561490289
65248.76561490289
65248.76561490289
64493.51581459401
64493.51581459401
64493.51581459401
64493.51581459401
64493.51581459401
64493.51581459401
64179.79053923193
64179.79053923193
64179.79053923193
64179.79053923193
64179.79053923193
64179.79053923193
64179.79053923193
64179.79053923193
64179.79053923193
64179.79053923193
64179.79053923193
64179.79053923193
64003.291337850256
64003.291337850256
64003.291337850256
64003.291337850256
63084.61405274863
63084.61405274863
63084.61405274863
63084.61405274863
63084.61405274863
63084.61405274863
63084.61405274863
63084.61405274863
63084.61405274863
62909.96034756978
62093.2596183339
62093.2596183339
61427.28143969899
61427.28143969899
61427.28143969899
61427.28143969899
61427.28143969899
61427.28143969899
61427.28143969899
61427.28143969899
61427.28143969899
61427.28143969899
61427.28143969899
61427.28143969899
59691.60509925552
59691.60509925552
59691.60509925552
59691.60509925552
59691.60509925552
59691.60509925552
59691.60509925552
59691.60509925552
59691.60509925552
59691.60509925552
59691.60509925552
59691.60509925552
59691.60509925552
59691.60509925552
59691.60509925552
58662.57292688176
58662.57292688176
58662.57292688176
58662.57292688176
58662.57292688176
58662.57292688176
58662.57292688176
58662.57292688176
58662.57292688176
56849.620257110335
56849.620257110335
56849.620257110335
56849.620257110335
56849.620257110335
56849.620257110335
56849.620257110335
56849.620257110335
56849.620257110335
56686.629208851395
55850.978005985125
55850.978005985125
55850.978005985125
55850.978005985125
55850.978005985125
55850.978005985125
55850.978005985125
55850.978005985125
55850.978005985125
55850.978005985125
55850.978005985125
55850.978005985125
55850.978005985125
55850.978005985125
55850.978005985125
55850.978005985125
55850.978005985125
55850.978005985125
55850.978005985125
55850.978005985125
55850.978005985125
55850.978005985125
55850.978005985125
55850.978005985125
55850.978005985125
54872.09640828874
54872.09640828874
54872.09640828874
54872.09640828874
54872.09640828874
54872.09640828874
54872.09640828874
54872.09640828874
54872.09640828874
54872.09640828874
54872.09640828874
54872.09640828874
54872.09640828874
54872.09640828874
54872.09640828874
54872.09640828874
54773.14233425458
54773.14233425458
54773.14233425458
54773.14233425458
54773.14233425458
54773.14233425458
54501.61384360958
54386.7875826426
54386.7875826426
54386.7875826426
54386.7875826426
53971.01808611647
53971.01808611647
53971.01808611647
53971.01808611647
53971.01808611647
53971.01808611647
53971.01808611647
53971.01808611647
53803.42788729545
53803.42788729545
52795.10998832615
52795.10998832615
52795.10998832615
52795.10998832615
52795.10998832615
52795.10998832615
52795.10998832615
52795.10998832615
52795.10998832615
52795.10998832615
52795.10998832615
52795.10998832615
52795.10998832615
52795.10998832615
52795.10998832615
52795.10998832615
52795.10998832615
52795.10998832615
52795.10998832615
52795.10998832615
52193.31477910425
52193.31477910425
50530.69438673728
50530.69438673728
50530.69438673728
50530.69438673728
50530.69438673728
50530.69438673728
50530.69438673728
50530.69438673728
50530.69438673728
50530.69438673728
50530.69438673728
50530.69438673728
50530.69438673728
50530.69438673728
50530.69438673728
50530.69438673728
50530.69438673728
50530.69438673728
49905.08129926282
49905.08129926282
49905.08129926282
49905.08129926282
49905.08129926282
49905.08129926282
49905.08129926282
49905.08129926282
49905.08129926282
49905.08129926282
49905.08129926282
49440.11224710122
48279.602536104234
48279.602536104234
48279.602536104234
48279.602536104234
47677.309000028654
47677.309000028654
47677.309000028654
47677.309000028654
47677.309000028654
47677.309000028654
47677.309000028654
47677.309000028654
47677.309000028654
47677.309000028654
47677.309000028654
47677.309000028654
47677.309000028654
47677.309000028654
47677.309000028654
47677.309000028654
47677.309000028654
47677.309000028654
47677.309000028654
47677.309000028654
47677.309000028654
47677.309000028654
47677.309000028654
47677.309000028654
47677.309000028654
47677.309000028654
47084.027155301475
47084.027155301475
47084.027155301475
47084.027155301475
47084.027155301475
47084.027155301475
47084.027155301475
47084.027155301475
47084.027155301475
47084.027155301475
47084.027155301475
47084.027155301475
47040.79234375846
47040.79234375846
47040.79234375846
46667.09657930874
45687.61237586763
45687.61237586763
45687.61237586763
45687.61237586763
45687.61237586763
45687.61237586763
45687.61237586763
45687.61237586763
45687.61237586763
45687.61237586763
45687.61237586763
45687.61237586763
45687.61237586763
45687.61237586763
45687.61237586763
45687.61237586763
45687.61237586763
45687.61237586763
45687.61237586763
45687.61237586763
45687.61237586763
45687.61237586763
45687.61237586763
45687.61237586763
45687.61237586763
45687.61237586763
45687.61237586763
44992.20898788342
44992.20898788342
44992.20898788342
44992.20898788342
44992.20898788342
44992.20898788342
44904.44386890334
44904.44386890334
44904.44386890334
44904.44386890334
44904.44386890334
44904.44386890334
44904.44386890334
44904.44386890334
44904.44386890334
44904.44386890334
44904.44386890334
41973.74557891585
41973.74557891585
41973.74557891585
41973.74557891585
41973.74557891585
41973.74557891585
41973.74557891585
41973.74557891585
41973.74557891585
41973.74557891585
41973.74557891585
41973.74557891585
41973.74557891585
41973.74557891585
41973.74557891585
41973.74557891585
41973.74557891585
41973.74557891585
41973.74557891585
41973.74557891585
41973.74557891585
41973.74557891585
41973.74557891585
41973.74557891585
41973.74557891585
41973.74557891585
41973.74557891585
41973.74557891585
41973.74557891585
41973.74557891585
41973.74557891585
41973.74557891585
41973.74557891585
41973.74557891585
41973.74557891585
41973.74557891585
41973.74557891585
41973.74557891585
41973.74557891585
41973.74557891585
41973.74557891585
41973.74557891585
41973.74557891585
41973.74557891585
41973.74557891585
41973.74557891585
41973.74557891585
41973.74557891585
41973.74557891585
41800.39539175296
41800.39539175296
41800.39539175296
41800.39539175296
41800.39539175296
41800.39539175296
41800.39539175296
41800.39539175296
41800.39539175296
41800.39539175296
41800.39539175296
41800.39539175296
41800.39539175296
41800.39539175296
41555.72492519417
Time: 32.10782861709595 seconds 
Best solution: 41555.72492519417 [36, 21, 32, 12, 24, 16, 52, 50, 45, 30, 3, 7, 10, 11, 2, 40, 44, 56, 51, 55, 63, 65, 74, 90, 66, 78, 97, 73, 86, 91, 96, 101, 102, 95, 94, 89, 80, 83, 84, 68, 85, 67, 72, 79, 77, 75, 81, 98, 99, 93, 100, 87, 88, 76, 64, 70, 69, 105, 53, 49, 62, 37, 17, 25, 28, 31, 27, 26, 20, 23, 18, 9, 14, 5, 4, 13, 34, 35, 39, 38, 8, 19, 6, 1, 22, 103, 15, 29, 47, 54, 57, 33, 59, 46, 48, 104, 58, 61, 60, 71, 92, 82, 42, 43, 41]
Avg solution: 59255.711382771326