Alg:1, Run: 8, file: C:\Users\gabri\Documents\AN 3 SEM 2\AI\Lab\Lab3\\lin105.tsp, population number: 1000, generations: 500 
103230.43597323824
103230.43597323824
103230.43597323824
103230.43597323824
103230.43597323824
102755.19116254998
100958.2060310299
97038.94278775709
97038.94278775709
97038.94278775709
97038.94278775709
97038.94278775709
96484.28265626635
96484.28265626635
95263.86238409104
95263.86238409104
93358.25075089015
89861.03727561576
89861.03727561576
89861.03727561576
89861.03727561576
89861.03727561576
89861.03727561576
89861.03727561576
87335.6034555986
87335.6034555986
87335.6034555986
87335.6034555986
87335.6034555986
87335.6034555986
87335.6034555986
87335.6034555986
81532.36940477758
80143.39050889104
80143.39050889104
80143.39050889104
80143.39050889104
80143.39050889104
80143.39050889104
80143.39050889104
80143.39050889104
80143.39050889104
80143.39050889104
80143.39050889104
80143.39050889104
80143.39050889104
80143.39050889104
80143.39050889104
80143.39050889104
78195.84179745609
78195.84179745609
78195.84179745609
78195.84179745609
78195.84179745609
78195.84179745609
78195.84179745609
78195.84179745609
77607.62870779491
77607.62870779491
76818.92458865752
76818.92458865752
76818.92458865752
76818.92458865752
76818.92458865752
76818.92458865752
74584.13855724562
74584.13855724562
74584.13855724562
74584.13855724562
74584.13855724562
74584.13855724562
74584.13855724562
74584.13855724562
74584.13855724562
74584.13855724562
74584.13855724562
73599.88513401814
73599.88513401814
73599.88513401814
73599.88513401814
73599.88513401814
73599.88513401814
73599.88513401814
73599.88513401814
73599.88513401814
73599.88513401814
72514.66788012395
72067.7964759953
72067.7964759953
72067.7964759953
72067.7964759953
72067.7964759953
72067.7964759953
70387.41993984436
70387.41993984436
70387.41993984436
70387.41993984436
70387.41993984436
70387.41993984436
69995.52619079652
69995.52619079652
69995.52619079652
69995.52619079652
69995.52619079652
69995.52619079652
69995.52619079652
68754.56390480057
68754.56390480057
67027.67303185693
67027.67303185693
66320.51304911684
66320.51304911684
66320.51304911684
66320.51304911684
66320.51304911684
66320.51304911684
66320.51304911684
66320.51304911684
66320.51304911684
66320.51304911684
66320.51304911684
66320.51304911684
66320.51304911684
66320.51304911684
66320.51304911684
66320.51304911684
66004.63611251715
66004.63611251715
66004.63611251715
66004.63611251715
66004.63611251715
66004.63611251715
66004.63611251715
65165.11233373421
65165.11233373421
65165.11233373421
65165.11233373421
65165.11233373421
65165.11233373421
65165.11233373421
65046.91786645317
65046.91786645317
65046.91786645317
65046.91786645317
65046.91786645317
65046.91786645317
65046.91786645317
65046.91786645317
65046.91786645317
65046.91786645317
62288.65333348965
62288.65333348965
62288.65333348965
62288.65333348965
62288.65333348965
62288.65333348965
62288.65333348965
62288.65333348965
62288.65333348965
62288.65333348965
62288.65333348965
62288.65333348965
62288.65333348965
62288.65333348965
62288.65333348965
62288.65333348965
62288.65333348965
62288.65333348965
62288.65333348965
62288.65333348965
62288.65333348965
62288.65333348965
62288.65333348965
62288.65333348965
60845.58792467299
60845.58792467299
60845.58792467299
60845.58792467299
60845.58792467299
60845.58792467299
60845.58792467299
60845.58792467299
60845.58792467299
60845.58792467299
60845.58792467299
60580.92866875934
60580.92866875934
60580.92866875934
60580.92866875934
60580.92866875934
60580.92866875934
60580.92866875934
60580.92866875934
60580.92866875934
60580.92866875934
60580.92866875934
60580.92866875934
60580.92866875934
60580.92866875934
60580.92866875934
60580.92866875934
60580.92866875934
60580.92866875934
60580.92866875934
60580.92866875934
60580.92866875934
59723.42455166366
59723.42455166366
59723.42455166366
59723.42455166366
59723.42455166366
59723.42455166366
59723.42455166366
59723.42455166366
59723.42455166366
59723.42455166366
59723.42455166366
59723.42455166366
59723.42455166366
59723.42455166366
59723.42455166366
59723.42455166366
59723.42455166366
59723.42455166366
59723.42455166366
59723.42455166366
59723.42455166366
59723.42455166366
59723.42455166366
59723.42455166366
59723.42455166366
59723.42455166366
59478.69470590521
59478.69470590521
59465.25645614805
59465.25645614805
59465.25645614805
59465.25645614805
59465.25645614805
59465.25645614805
59465.25645614805
58386.79988163975
57851.449497216505
57851.449497216505
57851.449497216505
55498.06908604051
55498.06908604051
55498.06908604051
55498.06908604051
55498.06908604051
55498.06908604051
55498.06908604051
55498.06908604051
55498.06908604051
55498.06908604051
55498.06908604051
55498.06908604051
55498.06908604051
55498.06908604051
55498.06908604051
55498.06908604051
55498.06908604051
55498.06908604051
55498.06908604051
55498.06908604051
55498.06908604051
55498.06908604051
55498.06908604051
55498.06908604051
55498.06908604051
55498.06908604051
55498.06908604051
55498.06908604051
55039.113322110315
55039.113322110315
55039.113322110315
55039.113322110315
55039.113322110315
54596.206327438456
54596.206327438456
54031.52724051608
53196.71993526576
53196.71993526576
53196.71993526576
53196.71993526576
53196.71993526576
52262.552419190666
49865.94324791183
49865.94324791183
49865.94324791183
49865.94324791183
49865.94324791183
49865.94324791183
49865.94324791183
49865.94324791183
49865.94324791183
49865.94324791183
49865.94324791183
49865.94324791183
49865.94324791183
49865.94324791183
49865.94324791183
49865.94324791183
49865.94324791183
49865.94324791183
49865.94324791183
49865.94324791183
49865.94324791183
49865.94324791183
49865.94324791183
49865.94324791183
49865.94324791183
49865.94324791183
49865.94324791183
49865.94324791183
49865.94324791183
49865.94324791183
49865.94324791183
49865.94324791183
49865.94324791183
49865.94324791183
49865.94324791183
49865.94324791183
49865.94324791183
49865.94324791183
49865.94324791183
49865.94324791183
49865.94324791183
48672.68172797596
48672.68172797596
48672.68172797596
48672.68172797596
48672.68172797596
48672.68172797596
48344.643417136685
48344.643417136685
48344.643417136685
48344.643417136685
48344.643417136685
48344.643417136685
47721.50839651609
47721.50839651609
47721.50839651609
47721.50839651609
47469.876944883195
47365.46662328441
47365.46662328441
47365.46662328441
47365.46662328441
47365.46662328441
47365.46662328441
47365.46662328441
47365.46662328441
47365.46662328441
47035.509885057276
46502.73536583186
46502.73536583186
46502.73536583186
46502.73536583186
46502.73536583186
46502.73536583186
46502.73536583186
46502.73536583186
46502.73536583186
46502.73536583186
46502.73536583186
46502.73536583186
46502.73536583186
46502.73536583186
46502.73536583186
46502.73536583186
46502.73536583186
46502.73536583186
46502.73536583186
46502.73536583186
46502.73536583186
46502.73536583186
46502.73536583186
45813.9325893962
45813.9325893962
45813.9325893962
45813.9325893962
45813.9325893962
45813.9325893962
45813.9325893962
45670.804717342515
45670.804717342515
45244.09907782263
45244.09907782263
45244.09907782263
44939.394927568996
44511.83391900422
44511.83391900422
44511.83391900422
44511.83391900422
44511.83391900422
44511.83391900422
44511.83391900422
42398.539861554156
42398.539861554156
42398.539861554156
42398.539861554156
42398.539861554156
42398.539861554156
42398.539861554156
42398.539861554156
42398.539861554156
41460.1378354079
41460.1378354079
41460.1378354079
41460.1378354079
41460.1378354079
41460.1378354079
41460.1378354079
41460.1378354079
41460.1378354079
41460.1378354079
41460.1378354079
41460.1378354079
41460.1378354079
41460.1378354079
41412.48966676863
41412.48966676863
41412.48966676863
41412.48966676863
41412.48966676863
41412.48966676863
41412.48966676863
41412.48966676863
41412.48966676863
41412.48966676863
41412.48966676863
41412.48966676863
41412.48966676863
41412.48966676863
41412.48966676863
41412.48966676863
41412.48966676863
41412.48966676863
41412.48966676863
41412.48966676863
41412.48966676863
41412.48966676863
41412.48966676863
41412.48966676863
41412.48966676863
41412.48966676863
41412.48966676863
41412.48966676863
41412.48966676863
41412.48966676863
40594.092512522824
40594.092512522824
40594.092512522824
40594.092512522824
40594.092512522824
40594.092512522824
40594.092512522824
40594.092512522824
40594.092512522824
40388.76693472621
40388.76693472621
40388.76693472621
40388.76693472621
40388.76693472621
40388.76693472621
40388.76693472621
39749.436853781706
39749.436853781706
39749.436853781706
39749.436853781706
39749.436853781706
39749.436853781706
39749.436853781706
39749.436853781706
39749.436853781706
39749.436853781706
39749.436853781706
39749.436853781706
39749.436853781706
39749.436853781706
39749.436853781706
39749.436853781706
39749.436853781706
39749.436853781706
39749.436853781706
39749.436853781706
39749.436853781706
39749.436853781706
39749.436853781706
39749.436853781706
39749.436853781706
39749.436853781706
39749.436853781706
39144.29705924017
39144.29705924017
39144.29705924017
39144.29705924017
38490.97470558757
38490.97470558757
Time: 32.7595329284668 seconds 
Best solution: 38490.97470558757 [29, 30, 12, 6, 2, 22, 21, 15, 27, 25, 10, 1, 7, 11, 31, 28, 5, 8, 9, 3, 4, 14, 13, 39, 35, 38, 34, 16, 19, 24, 32, 18, 33, 103, 17, 56, 85, 86, 81, 60, 61, 65, 100, 95, 94, 66, 62, 82, 79, 68, 77, 84, 78, 80, 67, 69, 83, 102, 96, 98, 99, 88, 87, 75, 74, 70, 90, 89, 73, 76, 72, 92, 91, 93, 97, 101, 71, 64, 46, 54, 52, 58, 48, 63, 42, 45, 43, 49, 50, 41, 37, 47, 51, 55, 57, 105, 59, 40, 36, 104, 44, 26, 53, 23, 20]
Avg solution: 58057.106506791475