Alg:1, Run: 2, file: C:\Users\gabri\Documents\AN 3 SEM 2\AI\Lab\Lab3\\lin105.tsp, population number: 1000, generations: 500 
103183.82509048321
103183.82509048321
96364.29692825211
96364.29692825211
96364.29692825211
96364.29692825211
96364.29692825211
96364.29692825211
96364.29692825211
96176.32342806515
96176.32342806515
95500.7145192799
94182.8767664828
93343.81468694475
92920.68932000978
92084.97655656998
92084.97655656998
92084.97655656998
92070.17079715841
89495.90061714216
89495.90061714216
89495.90061714216
88354.7592223576
88354.7592223576
83572.16042891442
82053.66021047607
82053.66021047607
82053.66021047607
82053.66021047607
82053.66021047607
82053.66021047607
82053.66021047607
82053.66021047607
81287.62459854942
81287.62459854942
81287.62459854942
81287.62459854942
81287.62459854942
81287.62459854942
81287.62459854942
81287.62459854942
81287.62459854942
81287.62459854942
80583.13860767329
80583.13860767329
79366.26000464284
79366.26000464284
79366.26000464284
77907.11428322802
77907.11428322802
77907.11428322802
77907.11428322802
76485.66633135779
76221.6977916333
76221.6977916333
76043.58410614694
76043.58410614694
76043.58410614694
76043.58410614694
76043.58410614694
76043.58410614694
76043.58410614694
76043.58410614694
73924.04868801226
73924.04868801226
73924.04868801226
73924.04868801226
73924.04868801226
73924.04868801226
73924.04868801226
73924.04868801226
73924.04868801226
73924.04868801226
73924.04868801226
68548.07473481659
68548.07473481659
67429.336724163
67429.336724163
67429.336724163
67429.336724163
67429.336724163
67429.336724163
67429.336724163
67429.336724163
67429.336724163
67429.336724163
67429.336724163
67429.336724163
67429.336724163
67429.336724163
67429.336724163
67429.336724163
67429.336724163
67429.336724163
67429.336724163
67429.336724163
67429.336724163
67429.336724163
67429.336724163
67429.336724163
67429.336724163
66098.97496523967
66098.97496523967
66098.97496523967
66098.97496523967
66098.97496523967
66098.97496523967
66018.81409733904
66018.81409733904
63797.58874692982
63797.58874692982
63797.58874692982
63771.76237255492
63771.76237255492
63771.76237255492
63771.76237255492
63771.76237255492
63771.76237255492
63771.76237255492
63771.76237255492
63771.76237255492
63771.76237255492
63771.76237255492
63771.76237255492
63771.76237255492
63771.76237255492
63771.76237255492
63771.76237255492
63771.76237255492
63771.76237255492
63771.76237255492
63771.76237255492
63771.76237255492
63771.76237255492
63771.76237255492
63771.76237255492
63771.76237255492
63771.76237255492
63771.76237255492
63771.76237255492
63771.76237255492
63771.76237255492
63771.76237255492
63771.76237255492
63771.76237255492
63525.69700184558
63525.69700184558
63525.69700184558
63525.69700184558
63525.69700184558
63525.69700184558
63525.69700184558
62982.08122943115
62947.44088554092
62947.44088554092
62947.44088554092
62947.44088554092
62947.44088554092
62947.44088554092
62675.77489400434
61720.331131292376
61184.942375788196
61184.942375788196
61184.942375788196
61184.942375788196
61184.942375788196
60127.670288050685
60127.670288050685
60127.670288050685
60127.670288050685
60127.670288050685
60127.670288050685
60127.670288050685
60127.670288050685
60127.670288050685
60127.670288050685
60127.670288050685
60127.670288050685
60127.670288050685
60127.670288050685
60127.670288050685
60127.670288050685
60127.670288050685
60127.670288050685
60007.29550078207
58801.91403476393
58801.91403476393
58801.91403476393
58801.91403476393
58801.91403476393
58801.91403476393
58801.91403476393
58801.91403476393
58801.91403476393
58801.91403476393
58801.91403476393
58088.13571049889
56518.64203933956
56518.64203933956
56518.64203933956
56518.64203933956
56518.64203933956
56518.64203933956
56518.64203933956
56518.64203933956
56518.64203933956
56518.64203933956
56518.64203933956
56518.64203933956
56518.64203933956
56518.64203933956
56264.632450010286
56264.632450010286
55942.007708629375
55942.007708629375
54939.80991151507
54939.80991151507
54939.80991151507
54939.80991151507
54939.80991151507
54939.80991151507
54939.80991151507
54939.80991151507
54939.80991151507
53091.64473576968
53091.64473576968
53091.64473576968
53091.64473576968
53091.64473576968
53091.64473576968
53091.64473576968
53091.64473576968
53091.64473576968
53091.64473576968
53091.64473576968
53091.64473576968
53091.64473576968
53091.64473576968
53091.64473576968
53091.64473576968
53091.64473576968
53091.64473576968
53091.64473576968
53091.64473576968
53091.64473576968
53091.64473576968
53091.64473576968
53091.64473576968
53091.64473576968
53091.64473576968
53091.64473576968
53091.64473576968
53091.64473576968
53091.64473576968
53091.64473576968
53091.64473576968
53091.64473576968
53091.64473576968
53091.64473576968
53091.64473576968
53091.64473576968
53091.64473576968
53091.64473576968
53091.64473576968
53091.64473576968
53091.64473576968
53091.64473576968
53091.64473576968
53091.64473576968
50204.57114672958
50204.57114672958
50204.57114672958
50204.57114672958
50204.57114672958
50204.57114672958
50204.57114672958
50204.57114672958
50204.57114672958
50204.57114672958
50204.57114672958
50204.57114672958
50204.57114672958
50204.57114672958
50204.57114672958
50204.57114672958
50204.57114672958
50204.57114672958
50204.57114672958
50204.57114672958
50204.57114672958
50204.57114672958
50204.57114672958
50204.57114672958
50204.57114672958
50204.57114672958
50204.57114672958
50204.57114672958
50204.57114672958
49992.98006097035
49992.98006097035
49992.98006097035
49992.98006097035
49992.98006097035
49992.98006097035
49992.98006097035
49992.98006097035
49992.98006097035
49992.98006097035
49992.98006097035
49877.799228360345
49877.799228360345
49877.799228360345
49877.799228360345
49877.799228360345
49877.799228360345
49877.799228360345
49877.799228360345
49877.799228360345
49877.799228360345
49317.82692485826
49317.82692485826
49317.82692485826
49025.95707990351
49025.95707990351
49025.95707990351
49025.95707990351
49025.95707990351
49025.95707990351
49025.95707990351
49025.95707990351
48680.8642797435
48312.3111004078
48312.3111004078
48312.3111004078
48312.3111004078
48312.3111004078
48312.3111004078
48312.3111004078
48312.3111004078
48312.3111004078
48312.3111004078
46976.025855270076
46976.025855270076
46976.025855270076
46976.025855270076
46976.025855270076
46976.025855270076
46976.025855270076
46976.025855270076
46976.025855270076
46976.025855270076
46976.025855270076
46976.025855270076
46976.025855270076
46976.025855270076
46976.025855270076
46976.025855270076
46976.025855270076
46976.025855270076
46976.025855270076
46976.025855270076
46976.025855270076
46976.025855270076
46976.025855270076
46976.025855270076
46976.025855270076
46976.025855270076
46976.025855270076
46976.025855270076
46976.025855270076
46976.025855270076
46976.025855270076
46976.025855270076
46976.025855270076
46976.025855270076
46976.025855270076
46976.025855270076
46976.025855270076
46976.025855270076
46976.025855270076
46976.025855270076
46976.025855270076
46976.025855270076
46976.025855270076
46976.025855270076
46976.025855270076
46976.025855270076
46051.507791169395
46051.507791169395
46051.507791169395
46051.507791169395
46051.507791169395
46051.507791169395
46051.507791169395
46051.507791169395
46051.507791169395
46051.507791169395
46051.507791169395
46051.507791169395
46051.507791169395
46051.507791169395
45953.257489312666
45953.257489312666
45953.257489312666
45953.257489312666
45953.257489312666
44644.72510944443
44644.72510944443
44644.72510944443
44390.01307949404
44390.01307949404
44390.01307949404
44390.01307949404
44390.01307949404
44390.01307949404
44390.01307949404
44390.01307949404
44390.01307949404
44390.01307949404
44390.01307949404
44390.01307949404
44390.01307949404
43920.770159956075
43700.43738558955
43700.43738558955
43179.496430418774
43179.496430418774
43179.496430418774
43179.496430418774
43179.496430418774
43179.496430418774
43179.496430418774
43179.496430418774
43179.496430418774
43179.496430418774
43179.496430418774
43179.496430418774
43179.496430418774
43179.496430418774
43179.496430418774
43179.496430418774
43179.496430418774
43179.496430418774
43179.496430418774
43179.496430418774
43179.496430418774
43179.496430418774
42327.863861988146
42327.863861988146
42327.863861988146
42327.863861988146
42327.863861988146
42327.863861988146
42327.863861988146
42327.863861988146
42327.863861988146
42327.863861988146
42235.27336951206
42235.27336951206
42235.27336951206
41935.59073207405
41935.59073207405
41286.06779910077
41286.06779910077
41286.06779910077
41286.06779910077
41286.06779910077
41286.06779910077
41286.06779910077
41286.06779910077
41286.06779910077
41286.06779910077
41286.06779910077
41286.06779910077
41286.06779910077
41286.06779910077
41286.06779910077
41286.06779910077
41286.06779910077
41286.06779910077
41286.06779910077
41286.06779910077
41286.06779910077
41286.06779910077
41286.06779910077
41286.06779910077
41286.06779910077
41286.06779910077
40805.02296884159
40805.02296884159
40805.02296884159
40395.12673653209
40395.12673653209
40395.12673653209
40395.12673653209
40395.12673653209
40395.12673653209
40395.12673653209
40395.12673653209
40395.12673653209
Time: 32.04266834259033 seconds 
Best solution: 40395.12673653209 [83, 73, 84, 74, 88, 87, 92, 96, 89, 69, 80, 76, 61, 60, 66, 65, 63, 102, 101, 93, 98, 99, 95, 94, 100, 90, 81, 75, 47, 14, 43, 48, 45, 33, 79, 72, 85, 78, 68, 59, 54, 55, 105, 24, 18, 9, 8, 13, 5, 4, 17, 25, 26, 34, 35, 38, 39, 51, 11, 10, 12, 103, 1, 7, 6, 2, 15, 21, 3, 27, 31, 20, 30, 29, 22, 32, 19, 23, 16, 28, 37, 41, 50, 40, 49, 42, 57, 46, 52, 56, 70, 86, 64, 77, 82, 62, 71, 58, 53, 104, 36, 44, 67, 91, 97]
Avg solution: 56967.874677873224