Alg:1, Run: 7, file: C:\Users\gabri\Documents\AN 3 SEM 2\AI\Lab\Lab3\\lin105.tsp, population number: 1000, generations: 500 
101450.51668179042
101450.51668179042
101133.5766791586
101133.5766791586
97792.40627373024
97792.40627373024
97792.40627373024
97792.40627373024
97792.40627373024
97792.40627373024
97792.40627373024
96242.26936806907
96242.26936806907
94958.04021026906
94958.04021026906
94467.39719988675
93236.34355220277
93236.34355220277
88107.981166833
88107.981166833
88107.981166833
88107.981166833
88107.981166833
88107.981166833
88107.981166833
88107.981166833
88107.981166833
88107.981166833
88107.981166833
87820.82299038353
86664.92954330407
86154.88949851012
84246.04336828976
82513.00377584332
82513.00377584332
82513.00377584332
82513.00377584332
82513.00377584332
82513.00377584332
82513.00377584332
82513.00377584332
82513.00377584332
82513.00377584332
79601.53763896991
79601.53763896991
79601.53763896991
79601.53763896991
79601.53763896991
79601.53763896991
78026.07632120936
78026.07632120936
78026.07632120936
78026.07632120936
78026.07632120936
78026.07632120936
78026.07632120936
78026.07632120936
77814.53445631891
77814.53445631891
77814.53445631891
77814.53445631891
73998.58830058384
73998.58830058384
73998.58830058384
73998.58830058384
73998.58830058384
73998.58830058384
73998.58830058384
73998.58830058384
73998.58830058384
73998.58830058384
73998.58830058384
70231.86687731782
70231.86687731782
70231.86687731782
70231.86687731782
70231.86687731782
70231.86687731782
70231.86687731782
70231.86687731782
70231.86687731782
70231.86687731782
70231.86687731782
70231.86687731782
70231.86687731782
70231.86687731782
70231.86687731782
70231.86687731782
70231.86687731782
70231.86687731782
70231.86687731782
70231.86687731782
70231.86687731782
70231.86687731782
70231.86687731782
70231.86687731782
70231.86687731782
70231.86687731782
70231.86687731782
64681.770202688036
64681.770202688036
64681.770202688036
64681.770202688036
64681.770202688036
64681.770202688036
64681.770202688036
64681.770202688036
64681.770202688036
64681.770202688036
64681.770202688036
64681.770202688036
64681.770202688036
64681.770202688036
64681.770202688036
64681.770202688036
64681.770202688036
64681.770202688036
64681.770202688036
64681.770202688036
64681.770202688036
64681.770202688036
64681.770202688036
64681.770202688036
64681.770202688036
64681.770202688036
64681.770202688036
64681.770202688036
64681.770202688036
64681.770202688036
64681.770202688036
64681.770202688036
64681.770202688036
64681.770202688036
64681.770202688036
64681.770202688036
64681.770202688036
64681.770202688036
64681.770202688036
64681.770202688036
64681.770202688036
64681.770202688036
64681.770202688036
64681.770202688036
64681.770202688036
64681.770202688036
64681.770202688036
64681.770202688036
64681.770202688036
64681.770202688036
64681.770202688036
64681.770202688036
64681.770202688036
64681.770202688036
64681.770202688036
64681.770202688036
64681.770202688036
64681.770202688036
64681.770202688036
64681.770202688036
63455.479506458934
63455.479506458934
63455.479506458934
63455.479506458934
63455.479506458934
63088.82037218959
63088.82037218959
63088.82037218959
63088.82037218959
63088.82037218959
62665.20304974489
62665.20304974489
62665.20304974489
62665.20304974489
62665.20304974489
62665.20304974489
62665.20304974489
62665.20304974489
62665.20304974489
62665.20304974489
62665.20304974489
62665.20304974489
62665.20304974489
62665.20304974489
62665.20304974489
62665.20304974489
62665.20304974489
59850.502539973466
59850.502539973466
59850.502539973466
59850.502539973466
59850.502539973466
59850.502539973466
59850.502539973466
59850.502539973466
59850.502539973466
59850.502539973466
59850.502539973466
59850.502539973466
59850.502539973466
59850.502539973466
59850.502539973466
59850.502539973466
59850.502539973466
59850.502539973466
59850.502539973466
59850.502539973466
59850.502539973466
59850.502539973466
59850.502539973466
59850.502539973466
58921.23653470979
58921.23653470979
58921.23653470979
58921.23653470979
58921.23653470979
58921.23653470979
58921.23653470979
58921.23653470979
58921.23653470979
58166.96615184632
58166.96615184632
58166.96615184632
58166.96615184632
58166.96615184632
58166.96615184632
58166.96615184632
58166.96615184632
58166.96615184632
58166.96615184632
58166.96615184632
58166.96615184632
58166.96615184632
58166.96615184632
58166.96615184632
58166.96615184632
58166.96615184632
58166.96615184632
58166.96615184632
58166.96615184632
57623.52509513717
57623.52509513717
57623.52509513717
57623.52509513717
57623.52509513717
57623.52509513717
57623.52509513717
57623.52509513717
57623.52509513717
57623.52509513717
57623.52509513717
57623.52509513717
57623.52509513717
57623.52509513717
57623.52509513717
57623.52509513717
57623.52509513717
57623.52509513717
57623.52509513717
57623.52509513717
57623.52509513717
56942.792865091214
56942.792865091214
56942.792865091214
56942.792865091214
56942.792865091214
56942.792865091214
56942.792865091214
56904.662906803685
56904.662906803685
56752.389909893594
56752.389909893594
56752.389909893594
56752.389909893594
56752.389909893594
56752.389909893594
56752.389909893594
56752.389909893594
56752.389909893594
55401.27359659605
55401.27359659605
54993.516343124495
54993.516343124495
54993.516343124495
54993.516343124495
54993.516343124495
54993.516343124495
54993.516343124495
54993.516343124495
54993.516343124495
54993.516343124495
54993.516343124495
54993.516343124495
54323.27049000529
54323.27049000529
54323.27049000529
54323.27049000529
54323.27049000529
54323.27049000529
54323.27049000529
54323.27049000529
53745.385869999365
53745.385869999365
53745.385869999365
53745.385869999365
53745.385869999365
53745.385869999365
53745.385869999365
53745.385869999365
53745.385869999365
53745.385869999365
53745.385869999365
53745.385869999365
53745.385869999365
53745.385869999365
53745.385869999365
53745.385869999365
53745.385869999365
53745.385869999365
53745.385869999365
53745.385869999365
53745.385869999365
53745.385869999365
53745.385869999365
53745.385869999365
53745.385869999365
53745.385869999365
53745.385869999365
53745.385869999365
53745.385869999365
52538.05066896772
52538.05066896772
52538.05066896772
52538.05066896772
52538.05066896772
52538.05066896772
52538.05066896772
52538.05066896772
52538.05066896772
52538.05066896772
52538.05066896772
52538.05066896772
52538.05066896772
52538.05066896772
52538.05066896772
52538.05066896772
52538.05066896772
52538.05066896772
52538.05066896772
52538.05066896772
51122.585550284675
51122.585550284675
51122.585550284675
51122.585550284675
51122.585550284675
51122.585550284675
51122.585550284675
51122.585550284675
50728.42195510677
50728.42195510677
50728.42195510677
50728.42195510677
50728.42195510677
50728.42195510677
50728.42195510677
50728.42195510677
50728.42195510677
49258.72270323813
49258.72270323813
49258.72270323813
49258.72270323813
49258.72270323813
49258.72270323813
49258.72270323813
49258.72270323813
49258.72270323813
49258.72270323813
49258.72270323813
49258.72270323813
49258.72270323813
49258.72270323813
49258.72270323813
49258.72270323813
49258.72270323813
49258.72270323813
49258.72270323813
49258.72270323813
49258.72270323813
49258.72270323813
49258.72270323813
49258.72270323813
49258.72270323813
49258.72270323813
49258.72270323813
49258.72270323813
49258.72270323813
49258.72270323813
49258.72270323813
49258.72270323813
49258.72270323813
49258.72270323813
49258.72270323813
49258.72270323813
49258.72270323813
49258.72270323813
49258.72270323813
49258.72270323813
49258.72270323813
49258.72270323813
49258.72270323813
49258.72270323813
49258.72270323813
49258.72270323813
49258.72270323813
49258.72270323813
49258.72270323813
49258.72270323813
48714.46102723755
48714.46102723755
48714.46102723755
48714.46102723755
48714.46102723755
48714.46102723755
48714.46102723755
48714.46102723755
48714.46102723755
48714.46102723755
48714.46102723755
48714.46102723755
48170.03787078666
48170.03787078666
48170.03787078666
48170.03787078666
46968.300412033714
45402.892823080176
45402.892823080176
45402.892823080176
45402.892823080176
45402.892823080176
45402.892823080176
45402.892823080176
45402.892823080176
45402.892823080176
45402.892823080176
45402.892823080176
45402.892823080176
45402.892823080176
45402.892823080176
45402.892823080176
45402.892823080176
45402.892823080176
45402.892823080176
45402.892823080176
45402.892823080176
45402.892823080176
45402.892823080176
45402.892823080176
45402.892823080176
45402.892823080176
45402.892823080176
45402.892823080176
45402.892823080176
45402.892823080176
45402.892823080176
45402.892823080176
45402.892823080176
45402.892823080176
45402.892823080176
45402.892823080176
45402.892823080176
45402.892823080176
45402.892823080176
45402.892823080176
45402.892823080176
45402.892823080176
45402.892823080176
45402.892823080176
45402.892823080176
45402.892823080176
45402.892823080176
45402.892823080176
45402.892823080176
45402.892823080176
45402.892823080176
45402.892823080176
45402.892823080176
45402.892823080176
45402.892823080176
45402.892823080176
45402.892823080176
45402.892823080176
45402.892823080176
45402.892823080176
45402.892823080176
45402.892823080176
45402.892823080176
45402.892823080176
45402.892823080176
45402.892823080176
45402.892823080176
45402.892823080176
Time: 32.30496835708618 seconds 
Best solution: 45402.892823080176 [2, 31, 104, 17, 26, 20, 15, 11, 7, 19, 23, 103, 12, 24, 9, 22, 18, 25, 27, 16, 3, 47, 46, 59, 68, 60, 88, 74, 61, 73, 38, 35, 34, 14, 52, 21, 43, 53, 58, 51, 56, 55, 50, 45, 41, 64, 105, 54, 71, 67, 92, 96, 93, 89, 63, 62, 69, 79, 77, 90, 86, 75, 97, 102, 98, 99, 70, 101, 91, 78, 84, 72, 85, 80, 76, 100, 95, 94, 87, 66, 65, 81, 57, 40, 49, 48, 44, 42, 83, 82, 32, 36, 33, 28, 6, 10, 29, 30, 8, 37, 39, 4, 13, 5, 1]
Avg solution: 59934.42144189896