Alg:1, Run: 1, file: C:\Users\gabri\Documents\AN 3 SEM 2\AI\Lab\Lab3\\lin105.tsp, population number: 1000, generations: 500 
105569.19096741166
105569.19096741166
105230.34219627638
102248.10231470235
102248.10231470235
99841.44823867855
99841.44823867855
97884.34261185676
97884.34261185676
97884.34261185676
96343.82996522721
96230.97753937208
96230.97753937208
92888.70031921066
92888.70031921066
92888.70031921066
92888.70031921066
92888.70031921066
92888.70031921066
89594.01639008457
89594.01639008457
89594.01639008457
87657.7891969411
87657.7891969411
87657.7891969411
87657.7891969411
87657.7891969411
87657.7891969411
87657.7891969411
85698.5747032251
85698.5747032251
85698.5747032251
85698.5747032251
85698.5747032251
82397.4066682706
82397.4066682706
82397.4066682706
82397.4066682706
82397.4066682706
82397.4066682706
82397.4066682706
77704.54557102235
77704.54557102235
77704.54557102235
77704.54557102235
77704.54557102235
77704.54557102235
77704.54557102235
77704.54557102235
77704.54557102235
77704.54557102235
77704.54557102235
77704.54557102235
77704.54557102235
77704.54557102235
77704.54557102235
77704.54557102235
77100.18785053364
77100.18785053364
77100.18785053364
77100.18785053364
77100.18785053364
77100.18785053364
77100.18785053364
76684.1711344686
76684.1711344686
76684.1711344686
76128.90462800878
76128.90462800878
75685.35827677755
75685.35827677755
75685.35827677755
75685.35827677755
75685.35827677755
75439.0791580509
75416.6907480275
75416.6907480275
75416.6907480275
75416.6907480275
75416.6907480275
75416.6907480275
75416.6907480275
75416.6907480275
71270.42621213071
71270.42621213071
71270.42621213071
71270.42621213071
71270.42621213071
71270.42621213071
71270.42621213071
71270.42621213071
71270.42621213071
71270.42621213071
71270.42621213071
71270.42621213071
71270.42621213071
71270.42621213071
71270.42621213071
71270.42621213071
71270.42621213071
71270.42621213071
71023.19146006554
71023.19146006554
71023.19146006554
71023.19146006554
71023.19146006554
71023.19146006554
71023.19146006554
71023.19146006554
71023.19146006554
69110.34524946398
69110.34524946398
69110.34524946398
69110.34524946398
69110.34524946398
69110.34524946398
69110.34524946398
69110.34524946398
69110.34524946398
69110.34524946398
69110.34524946398
66326.6661213848
66326.6661213848
66326.6661213848
66326.6661213848
66326.6661213848
66326.6661213848
66326.6661213848
66326.6661213848
66326.6661213848
66326.6661213848
66326.6661213848
66326.6661213848
66326.6661213848
66326.6661213848
66326.6661213848
66326.6661213848
66326.6661213848
66326.6661213848
66326.6661213848
66326.6661213848
66326.6661213848
66326.6661213848
66326.6661213848
66326.6661213848
66326.6661213848
66326.6661213848
66182.64810573665
66125.13763974344
66125.13763974344
66125.13763974344
66125.13763974344
64732.902034324325
64732.902034324325
64732.902034324325
64732.902034324325
64732.902034324325
64732.902034324325
64732.902034324325
64732.902034324325
64732.902034324325
64732.902034324325
64732.902034324325
63980.2943109549
63980.2943109549
63682.16115970072
63682.16115970072
63682.16115970072
63682.16115970072
63682.16115970072
63682.16115970072
63682.16115970072
62730.85221309617
62267.535360997696
62267.535360997696
62267.535360997696
62267.535360997696
62267.535360997696
62267.535360997696
62267.535360997696
62267.535360997696
62267.535360997696
62267.535360997696
62267.535360997696
62267.535360997696
62267.535360997696
62267.535360997696
62267.535360997696
62267.535360997696
62267.535360997696
62267.535360997696
62267.535360997696
62267.535360997696
62267.535360997696
62267.535360997696
61046.30577652591
61046.30577652591
61046.30577652591
61046.30577652591
61046.30577652591
61046.30577652591
61046.30577652591
61046.30577652591
61046.30577652591
61046.30577652591
61046.30577652591
61046.30577652591
60273.12142328985
58834.50674343654
58834.50674343654
58834.50674343654
58834.50674343654
58834.50674343654
58834.50674343654
58834.50674343654
58834.50674343654
58834.50674343654
58834.50674343654
58834.50674343654
58834.50674343654
58834.50674343654
58834.50674343654
58834.50674343654
58834.50674343654
58834.50674343654
56295.2343040549
56295.2343040549
56295.2343040549
56295.2343040549
56295.2343040549
56295.2343040549
56295.2343040549
56295.2343040549
56295.2343040549
56295.2343040549
56295.2343040549
56295.2343040549
56295.2343040549
56295.2343040549
56295.2343040549
56295.2343040549
56295.2343040549
56295.2343040549
56295.2343040549
56295.2343040549
56295.2343040549
56295.2343040549
56295.2343040549
56295.2343040549
56295.2343040549
54699.111031765504
54699.111031765504
54699.111031765504
54699.111031765504
54699.111031765504
54699.111031765504
54648.467124575654
54648.467124575654
54648.467124575654
54648.467124575654
54648.467124575654
54648.467124575654
54648.467124575654
54648.467124575654
52172.768800307735
52172.768800307735
52172.768800307735
52172.768800307735
52172.768800307735
52172.768800307735
52172.768800307735
52172.768800307735
52172.768800307735
52172.768800307735
52172.768800307735
52167.5854630382
52167.5854630382
52167.5854630382
52167.5854630382
52167.5854630382
52167.5854630382
52167.5854630382
52167.5854630382
52167.5854630382
52167.5854630382
52167.5854630382
52167.5854630382
52167.5854630382
52167.5854630382
52167.5854630382
52167.5854630382
52167.5854630382
52167.5854630382
52167.5854630382
52167.5854630382
50976.28959128307
50976.28959128307
50976.28959128307
50976.28959128307
50976.28959128307
50976.28959128307
50976.28959128307
50976.28959128307
50976.28959128307
50976.28959128307
50976.28959128307
50976.28959128307
50976.28959128307
50976.28959128307
50661.24296982975
49294.26487579282
49294.26487579282
49294.26487579282
49294.26487579282
49294.26487579282
49294.26487579282
49294.26487579282
49294.26487579282
49294.26487579282
49294.26487579282
49294.26487579282
49294.26487579282
49294.26487579282
49294.26487579282
49294.26487579282
49294.26487579282
49294.26487579282
49294.26487579282
49168.06621576431
49168.06621576431
49168.06621576431
49168.06621576431
48545.31342043634
48545.31342043634
48545.31342043634
47444.82885109042
47444.82885109042
47444.82885109042
47444.82885109042
47444.82885109042
47444.82885109042
46647.59620545953
46647.59620545953
46647.59620545953
46647.59620545953
46647.59620545953
46647.59620545953
46647.59620545953
46647.59620545953
46647.59620545953
46647.59620545953
46647.59620545953
46647.59620545953
46647.59620545953
46647.59620545953
46647.59620545953
46647.59620545953
46354.83230975406
46354.83230975406
46354.83230975406
46354.83230975406
46354.83230975406
46354.83230975406
46354.83230975406
46354.83230975406
46354.83230975406
46354.83230975406
46354.83230975406
46354.83230975406
46354.83230975406
46354.83230975406
46354.83230975406
46354.83230975406
46354.83230975406
46164.383925149865
46164.383925149865
46164.383925149865
46164.383925149865
46164.383925149865
46164.383925149865
46164.383925149865
45938.01991847748
45938.01991847748
45709.92410350732
45709.92410350732
44874.94410619914
44874.94410619914
44874.94410619914
44874.94410619914
44874.94410619914
44874.94410619914
44429.93379989849
44429.93379989849
44429.93379989849
44429.93379989849
44429.93379989849
44429.93379989849
44429.93379989849
44429.93379989849
44429.93379989849
44429.93379989849
44141.18201580299
44141.18201580299
44141.18201580299
44141.18201580299
42137.46063593818
42137.46063593818
42137.46063593818
42137.46063593818
42137.46063593818
41825.86618151686
41825.86618151686
41825.86618151686
41825.86618151686
41825.86618151686
41825.86618151686
41825.86618151686
41825.86618151686
41825.86618151686
41825.86618151686
41825.86618151686
41825.86618151686
41797.242886221684
41797.242886221684
41797.242886221684
41797.242886221684
41797.242886221684
40959.28148149397
40959.28148149397
40959.28148149397
40959.28148149397
40959.28148149397
40959.28148149397
40959.28148149397
40959.28148149397
40959.28148149397
40959.28148149397
40959.28148149397
40959.28148149397
40959.28148149397
40959.28148149397
40959.28148149397
40959.28148149397
40959.28148149397
40959.28148149397
40959.28148149397
40959.28148149397
40959.28148149397
40959.28148149397
40959.28148149397
40959.28148149397
40959.28148149397
40959.28148149397
40959.28148149397
40959.28148149397
40959.28148149397
40959.28148149397
40959.28148149397
40959.28148149397
40959.28148149397
40959.28148149397
40499.8292817362
40273.94849328873
40273.94849328873
40273.94849328873
40273.94849328873
40273.94849328873
40273.94849328873
40273.94849328873
40032.6582111783
40032.6582111783
40032.6582111783
40032.6582111783
40032.6582111783
40032.6582111783
40032.6582111783
40032.6582111783
40032.6582111783
40032.6582111783
40032.6582111783
40032.6582111783
40032.6582111783
40032.6582111783
40032.6582111783
39709.94864109819
39709.94864109819
39709.94864109819
39709.94864109819
39709.94864109819
39709.94864109819
39709.94864109819
39709.94864109819
39709.94864109819
39709.94864109819
39582.79915225846
39155.38138782565
39155.38138782565
38735.007515775025
38735.007515775025
38735.007515775025
Time: 34.16444659233093 seconds 
Best solution: 38735.007515775025 [73, 83, 82, 78, 93, 80, 90, 69, 67, 68, 86, 81, 85, 91, 97, 89, 88, 99, 94, 95, 100, 87, 60, 61, 66, 98, 102, 101, 96, 92, 71, 64, 44, 41, 58, 65, 76, 62, 51, 53, 49, 48, 43, 40, 104, 34, 35, 13, 4, 5, 7, 11, 24, 8, 9, 37, 33, 10, 1, 2, 6, 3, 12, 16, 31, 26, 23, 30, 22, 103, 36, 14, 42, 38, 39, 47, 63, 17, 25, 18, 27, 15, 21, 20, 29, 19, 32, 50, 57, 59, 56, 54, 46, 52, 55, 28, 45, 105, 70, 75, 74, 72, 77, 79, 84]
Avg solution: 58174.51568408828