Alg:1, Run: 9, file: C:\Users\gabri\Documents\AN 3 SEM 2\AI\Lab\Lab3\\lin105.tsp, population number: 1000, generations: 500 
106110.2166062938
106110.2166062938
106073.46902612445
103882.1523353761
103255.5325480373
100804.32474934454
100804.32474934454
99063.47975141533
99063.47975141533
98397.9432286597
96705.91232840827
96705.91232840827
95458.24138322326
95458.24138322326
94708.40480351618
94708.40480351618
94708.40480351618
92702.0272134797
92702.0272134797
90781.25390710303
90781.25390710303
90781.25390710303
90781.25390710303
89110.400648844
88085.1985870056
88085.1985870056
87927.72043664762
85208.02177274002
85208.02177274002
85208.02177274002
85208.02177274002
80355.83674178156
80355.83674178156
80355.83674178156
80355.83674178156
80355.83674178156
80355.83674178156
80355.83674178156
79569.16150094641
79569.16150094641
79569.16150094641
79569.16150094641
79569.16150094641
79569.16150094641
79569.16150094641
79569.16150094641
79569.16150094641
79569.16150094641
79569.16150094641
79569.16150094641
79204.11020570375
79204.11020570375
78976.84766275191
78976.84766275191
78976.84766275191
78197.79430616734
78197.79430616734
78197.79430616734
78197.79430616734
78197.79430616734
78197.79430616734
78197.79430616734
78197.79430616734
78197.79430616734
78101.64628622377
78101.64628622377
75764.58527557869
75764.58527557869
75764.58527557869
75764.58527557869
75764.58527557869
75764.58527557869
75764.58527557869
75764.58527557869
75764.58527557869
75764.58527557869
75764.58527557869
75764.58527557869
73284.80636149233
73284.80636149233
73284.80636149233
73284.80636149233
73284.80636149233
72988.28606198178
72988.28606198178
72988.28606198178
72988.28606198178
72988.28606198178
72988.28606198178
72988.28606198178
72988.28606198178
72988.28606198178
72988.28606198178
69910.53144526556
69910.53144526556
69910.53144526556
69910.53144526556
69910.53144526556
69910.53144526556
69910.53144526556
69910.53144526556
69910.53144526556
69910.53144526556
69910.53144526556
69910.53144526556
69910.53144526556
69910.53144526556
69910.53144526556
69910.53144526556
69311.0063769768
69311.0063769768
69311.0063769768
69311.0063769768
69311.0063769768
69311.0063769768
69311.0063769768
69311.0063769768
69311.0063769768
69311.0063769768
69311.0063769768
69311.0063769768
69311.0063769768
67957.32998256337
67957.32998256337
67957.32998256337
67957.32998256337
67957.32998256337
67957.32998256337
67957.32998256337
67957.32998256337
67957.32998256337
67957.32998256337
61066.72638183985
61066.72638183985
61066.72638183985
61066.72638183985
61066.72638183985
61066.72638183985
61066.72638183985
61066.72638183985
61066.72638183985
61066.72638183985
61066.72638183985
61066.72638183985
61066.72638183985
61066.72638183985
61066.72638183985
61066.72638183985
61066.72638183985
61066.72638183985
61066.72638183985
61066.72638183985
60815.02026912343
60815.02026912343
60815.02026912343
60815.02026912343
60815.02026912343
60815.02026912343
60815.02026912343
60815.02026912343
60815.02026912343
60815.02026912343
60815.02026912343
60815.02026912343
60815.02026912343
60815.02026912343
60815.02026912343
60815.02026912343
60695.25986451251
60695.25986451251
60695.25986451251
60695.25986451251
60695.25986451251
60695.25986451251
60695.25986451251
60695.25986451251
60695.25986451251
60695.25986451251
58559.584075160295
58559.584075160295
58559.584075160295
58559.584075160295
58113.19003719767
58113.19003719767
58113.19003719767
58113.19003719767
58113.19003719767
58113.19003719767
58113.19003719767
58113.19003719767
58113.19003719767
58113.19003719767
58113.19003719767
58113.19003719767
58113.19003719767
58113.19003719767
58113.19003719767
58113.19003719767
58113.19003719767
58113.19003719767
58113.19003719767
58113.19003719767
58113.19003719767
58113.19003719767
58113.19003719767
58113.19003719767
58113.19003719767
58113.19003719767
58113.19003719767
58113.19003719767
58113.19003719767
58113.19003719767
58113.19003719767
58113.19003719767
58113.19003719767
58113.19003719767
58113.19003719767
58113.19003719767
57507.879153659225
57507.879153659225
57507.879153659225
57507.879153659225
57076.558607287945
57076.558607287945
57076.558607287945
57076.558607287945
57076.558607287945
57076.558607287945
57076.558607287945
57076.558607287945
57076.558607287945
56514.79397287192
56514.79397287192
56514.79397287192
56514.79397287192
56514.79397287192
56514.79397287192
56514.79397287192
56456.72651431413
56091.86404456109
56091.86404456109
56091.86404456109
56091.86404456109
56091.86404456109
56091.86404456109
56091.86404456109
56091.86404456109
54359.44424502664
54359.44424502664
54359.44424502664
54359.44424502664
54359.44424502664
54359.44424502664
54359.44424502664
54359.44424502664
54359.44424502664
54359.44424502664
54359.44424502664
54359.44424502664
54359.44424502664
54359.44424502664
54359.44424502664
54359.44424502664
54359.44424502664
54359.44424502664
54359.44424502664
54359.44424502664
54359.44424502664
54359.44424502664
54265.92766873289
54265.92766873289
54265.92766873289
54265.92766873289
54093.06930841284
54093.06930841284
54093.06930841284
54093.06930841284
54093.06930841284
54093.06930841284
54093.06930841284
54093.06930841284
54093.06930841284
54093.06930841284
54093.06930841284
53181.74526659198
53181.74526659198
53181.74526659198
53181.74526659198
53181.74526659198
53181.74526659198
53181.74526659198
52854.64267604871
52102.05856158558
52102.05856158558
52102.05856158558
52102.05856158558
52102.05856158558
52102.05856158558
52102.05856158558
52102.05856158558
52102.05856158558
52102.05856158558
52102.05856158558
52102.05856158558
52102.05856158558
52102.05856158558
52102.05856158558
52102.05856158558
52102.05856158558
52102.05856158558
52102.05856158558
52102.05856158558
52102.05856158558
52102.05856158558
52102.05856158558
52102.05856158558
52102.05856158558
52102.05856158558
52102.05856158558
52102.05856158558
52102.05856158558
52102.05856158558
52102.05856158558
52102.05856158558
52102.05856158558
52102.05856158558
52102.05856158558
51744.11786358516
51744.11786358516
51744.11786358516
51744.11786358516
51744.11786358516
51744.11786358516
51744.11786358516
51744.11786358516
51555.36572721606
51555.36572721606
51555.36572721606
50988.963169833354
50988.963169833354
50988.963169833354
50988.963169833354
50868.49494609486
50868.49494609486
50615.663798089125
50615.663798089125
50615.663798089125
50615.663798089125
50615.663798089125
50615.663798089125
50615.663798089125
50615.663798089125
50615.663798089125
50615.663798089125
50615.663798089125
49644.09771600196
49107.13456658062
49107.13456658062
49107.13456658062
49107.13456658062
49107.13456658062
49107.13456658062
49107.13456658062
49107.13456658062
49107.13456658062
49107.13456658062
49107.13456658062
49107.13456658062
49107.13456658062
49107.13456658062
46252.746858412254
46252.746858412254
46252.746858412254
46252.746858412254
46252.746858412254
46252.746858412254
46252.746858412254
46252.746858412254
46252.746858412254
46252.746858412254
46252.746858412254
46252.746858412254
46252.746858412254
46252.746858412254
46252.746858412254
46252.746858412254
46252.746858412254
46252.746858412254
46252.746858412254
46252.746858412254
46252.746858412254
46252.746858412254
46252.746858412254
46252.746858412254
46252.746858412254
46252.746858412254
46252.746858412254
46252.746858412254
46252.746858412254
46252.746858412254
46252.746858412254
46252.746858412254
46252.746858412254
46252.746858412254
46252.746858412254
46252.746858412254
45746.802042284675
45746.802042284675
45746.802042284675
45746.802042284675
45746.802042284675
45746.802042284675
45746.802042284675
45746.802042284675
45746.802042284675
45746.802042284675
45746.802042284675
45746.802042284675
44304.894325674024
44304.894325674024
44304.894325674024
44304.894325674024
44304.894325674024
44304.894325674024
44304.894325674024
44304.894325674024
44304.894325674024
44304.894325674024
44304.894325674024
44304.894325674024
44304.894325674024
44304.894325674024
44304.894325674024
44304.894325674024
44304.894325674024
44304.894325674024
44304.894325674024
44304.894325674024
44304.894325674024
44304.894325674024
44304.894325674024
44304.894325674024
44304.894325674024
44304.894325674024
44304.894325674024
44304.894325674024
44304.894325674024
44304.894325674024
44304.894325674024
44304.894325674024
44304.894325674024
44304.894325674024
44304.894325674024
44304.894325674024
44304.894325674024
44304.894325674024
44304.894325674024
44304.894325674024
44304.894325674024
44304.894325674024
44304.894325674024
44304.894325674024
44304.894325674024
44304.894325674024
44304.894325674024
44304.894325674024
44304.894325674024
44304.894325674024
43798.261602877625
43798.261602877625
43223.40548121891
43223.40548121891
43223.40548121891
43223.40548121891
43223.40548121891
43223.40548121891
43223.40548121891
43223.40548121891
43223.40548121891
43223.40548121891
43223.40548121891
43223.40548121891
43223.40548121891
43223.40548121891
43223.40548121891
43223.40548121891
43219.93436698314
43219.93436698314
43219.93436698314
43033.78121963689
42950.64924359654
42950.64924359654
42950.64924359654
42670.86097452226
41620.96910471723
41620.96910471723
41620.96910471723
41620.96910471723
41620.96910471723
41620.96910471723
Time: 32.121121406555176 seconds 
Best solution: 41620.96910471723 [10, 11, 12, 37, 45, 33, 43, 104, 49, 46, 52, 36, 25, 19, 47, 48, 29, 22, 15, 9, 3, 103, 31, 30, 32, 23, 17, 26, 24, 56, 60, 39, 35, 38, 61, 65, 87, 54, 58, 18, 7, 6, 1, 2, 21, 20, 8, 16, 28, 69, 74, 77, 64, 85, 86, 84, 83, 92, 79, 68, 75, 72, 80, 91, 82, 96, 97, 101, 102, 93, 76, 71, 73, 98, 100, 95, 90, 89, 88, 94, 99, 70, 78, 67, 63, 81, 66, 44, 57, 105, 51, 53, 62, 59, 40, 50, 55, 41, 42, 34, 4, 5, 13, 14, 27]
Avg solution: 58822.79055019024